[366.51612903225805, 55.45161290322581, 588.1075268817204, 82.29032258064517, 269.494623655914, 265.64516129032256, 1218.8255895212446, 1416.6294160875468, 1824.4738399495131, 1779.1324557860826, 1389.965143632839, 1773.4412730078925, -4047.0, -11233.0, 3.0, -11249.0, -4949.0, -10345.0, 9462.0, 2250.0, 12153.0, 10356.0, 10353.0, 11434.0, 1536999.4345784297, 3.5318100010459275, 1947545.8440164814, 3.6122204040285304, 3510564.7898956086, 3.2968598517217544, 138720998.52, 171971082.98999995, 314718318.4200001, -42239257.0, -105344318.0, 89501119.0]
[243.25806451612902, 280.59139784946234, 238.8494623655914, 175.44086021505376, 93.84946236559139, 366.48387096774195, 172.3938175544465, 211.43537590968134, 187.2611490984297, 140.59156558021348, 66.2529648617228, 387.3850913189059, 8.0, 1.0, 0.0, 5.0, 2.0, 3.0, 727.0, 921.0, 903.0, 565.0, 227.0, 2440.0, 30733.940346772422, 3.384003399863236, 45487.793194474434, 3.564254031506761, 38638.76571597835, 3.324966589450486, 7660812.69, 10634443.049999999, 7934483.79, 6122355.0, 5959146.0, 6068204.0]
[261.03225806451616, 49.27956989247312, 150.19354838709677, 130.01075268817203, 247.58064516129033, -178.05376344086022, 955.8472732699884, 1637.8750507473644, 2341.105369998579, 1800.2608053486106, 1573.5308076630713, 2212.6065848342732, -4031.0, -9445.0, -11242.0, -8549.0, -5849.0, -13039.0, 5851.0, 5851.0, 12182.0, 8557.0, 7654.0, 1373.0, 76551.11264245005, 3.5336523176523698, 326533.59468806774, 3.3222290904840874, 438862.4954416485, 3.5352800565938796, 84064623.24, 229736262.27, 470886103.92, -51028764.0, -89310400.0, -315620.0]
[242.36559139784947, 253.44086021505376, 214.6451612903226, 178.08602150537635, 176.19354838709677, 373.0430107526882, 169.81049443591633, 196.18677116936473, 190.40481161492482, 120.49397025451185, 388.8551831160093, 583.2466462002849, 0.0, 6.0, 1.0, 9.0, 10.0, 2.0, 912.0, 844.0, 1008.0, 572.0, 2880.0, 3992.0, 31750.30481699725, 3.5567755631694307, 33549.773695952645, 3.346051659525682, 40661.87018321799, 3.287972588633567, 7547690.279999999, 8848589.160000002, 7086706.0200000005, 5872882.0, 5228286.0, 5820634.0]
[236.0752688172043, 245.6451612903226, 217.56989247311827, 127.70967741935483, 106.23655913978494, 303.5698924731183, 207.56000895284006, 161.77813881720388, 184.25740489216983, 176.62866849909835, 67.87847162223764, 463.57203365607796, 0.0, 2.0, 1.0, 1.0, 0.0, 1.0, 1079.0, 627.0, 901.0, 947.0, 269.0, 2864.0, 47946.654821525764, 3.2111217509424095, 25425.07404474724, 3.3348212952618463, 36201.638508090895, 3.1735527480881585, 8506244.07, 7458230.789999997, 6998977.26, 5922894.0, 4663905.0, 5837668.0]
[278.4193548387097, 216.20430107526883, 223.4516129032258, 124.36559139784946, 106.39784946236558, 297.9139784946237, 227.83409880402036, 176.59937214545593, 175.2523346075987, 105.89256090657629, 72.29711338650091, 467.01937991428287, 2.0, 1.0, 3.0, 0.0, 1.0, 2.0, 1661.0, 898.0, 764.0, 552.0, 276.0, 2931.0, 35875.3145726439, 3.246920603843906, 25017.722691540734, 3.533585439717275, 22855.73355831264, 3.2662463213193913, 11145755.19, 6711303.15, 6946336.47, 5608200.0, 4937438.0, 6111120.0]
[242.68421052631578, 274.87368421052633, 201.26315789473685, 110.6, 149.53684210526316, 295.38947368421054, 172.20196351204018, 196.0455462768935, 157.05218068529553, 59.46094731266185, 462.86211380299517, 476.21346221011606, 3.0, 4.0, 2.0, 1.0, 0.0, 0.0, 873.0, 1143.0, 945.0, 231.0, 4581.0, 3497.0, 26035.610307640138, 3.2607167898923883, 35047.217943061194, 3.508398939188291, 23435.914471848297, 3.390589139349188, 7963389.249999999, 10251031.05, 5858363.1, 7170572.0, 6294736.0, 4760001.0]
[402.4193548387097, 183.44086021505376, 210.34408602150538, -10.204301075268818, -195.81720430107526, 541.1720430107526, 1232.3956638312284, 2112.765339458371, 2271.966589689587, 2342.578552156742, 2345.0078100650353, 2430.864462551721, -2248.0, -9450.0, -13042.0, -12147.0, -13048.0, -8533.0, 8567.0, 10352.0, 12155.0, 6758.0, 10350.0, 13071.0, 1610255.1057564407, 3.5535112624752707, 4999173.60669193, 3.2224442012406023, 5512388.170804517, 3.523874315962635, 143954754.86999997, 384831228.6, 445473080.15999997, -72960450.0, 68807572.0, 59361354.0]
[241.01075268817203, 252.3978494623656, 215.63440860215053, 122.84946236559139, 156.90322580645162, 321.10752688172045, 184.75627274305347, 157.32133688347292, 163.39487944628502, 69.21814072295346, 356.1170442826508, 463.7596468553791, 1.0, 1.0, 1.0, 0.0, 5.0, 2.0, 803.0, 617.0, 855.0, 274.0, 3250.0, 3539.0, 25433.606040628307, 2.985934597054073, 27357.948329582083, 3.4007014144173398, 23063.412482122898, 3.253756785983493, 7944454.319999999, 7627427.55, 6305900.339999999, 5601096.0, 5672510.0, 4646853.0]
[249.76344086021504, 290.4731182795699, 217.63440860215053, 194.76344086021504, 146.2258064516129, 312.7096774193548, 177.53771172256324, 212.29566090498335, 208.3836232897225, 211.77779566294925, 457.9328821390527, 283.91010444387075, 2.0, 5.0, 1.0, 0.0, 4.0, 1.0, 844.0, 1348.0, 1049.0, 1231.0, 4488.0, 1487.0, 27341.426674398506, 3.3508734581629747, 52353.12314591157, 3.418756137300363, 46928.998326160974, 3.286397603087184, 8092220.159999999, 11153703.899999999, 7811910.7200000025, 6964319.0, 7080930.0, 5907696.0]
[295.59139784946234, 237.98924731182797, 251.89247311827958, 204.43010752688173, 216.5268817204301, 317.9032258064516, 211.40756210813046, 185.2635311389683, 202.18579823505814, 299.9961738107259, 815.6785197852666, 308.4380025264794, 20.0, 1.0, 4.0, 0.0, 2.0, 1.0, 941.0, 799.0, 1080.0, 1902.0, 6789.0, 1655.0, 42566.293570209265, 3.341171118592285, 33218.712077519085, 3.5035237869712237, 54480.20648199407, 3.2910777890684644, 11380947.540000003, 7835336.49, 8985390.299999997, 6674918.0, 6549607.0, 7588093.0]
[230.1505376344086, 216.752688172043, 185.80645161290323, 109.61290322580645, 127.09677419354838, 300.39784946236557, 178.258602221638, 155.91780554217175, 131.6394332740265, 56.98913555080029, 490.91753191514255, 227.06885279220575, 1.0, 1.0, 0.0, 0.0, 1.0, 2.0, 1003.0, 648.0, 639.0, 208.0, 4792.0, 947.0, 33127.06896031903, 3.400299316751294, 20041.303933481908, 3.528540983863993, 13395.006993829513, 3.468650881460434, 7300077.780000001, 6143444.220000001, 4468648.139999999, 4601236.0, 4124674.0, 3978398.0]
[222.08510638297872, 266.70212765957444, 229.04255319148936, 114.63829787234043, 92.53191489361703, 316.6170212765957, 198.27376856931107, 209.57739503952573, 201.94771573401198, 90.03545909165899, 57.2595866280039, 474.8797042100259, 2.0, 6.0, 4.0, 3.0, 0.0, 1.0, 1237.0, 974.0, 1323.0, 379.0, 211.0, 3278.0, 41228.723180053355, 3.2241377981064554, 34682.86759337103, 3.3182678132620076, 29228.156660369415, 3.408791518274243, 7794771.3999999985, 10124770.080000002, 8200648.359999999, 6099984.0, 6751223.0, 6400376.0]
[243.30107526881721, 233.33333333333334, 232.21505376344086, 334.36559139784947, 154.7741935483871, 361.06451612903226, 214.16799505884833, 191.71249609616035, 197.96683129418452, 793.4258243863626, 475.1338056167249, 462.1631277611744, 3.0, 1.0, 7.0, 1.0, 1.0, 6.0, 1093.0, 958.0, 1022.0, 7139.0, 4346.0, 3081.0, 23911.778384312718, 3.3827852411133, 40577.097046114824, 3.3711356613135885, 24820.986536856402, 3.3812563884733757, 9044271.390000002, 7853544.96, 8017042.6800000025, 6445381.0, 5180234.0, 6374736.0]
[311.1290322580645, 79.72043010752688, 124.11827956989248, 208.06451612903226, 202.0215053763441, 306.31182795698925, 464.9302478260782, 1129.8430861194784, 927.60006901239, 715.2196197589092, 861.6587135652529, 303.25272780932437, 3.0, -10575.0, -8565.0, 5.0, 1.0, 0.0, 4395.0, 831.0, 752.0, 6882.0, 7013.0, 1231.0, 371851.8724182781, 3.775633159719847, 2433896.5044999444, 3.822066972116017, 1622626.329073679, 3.8198274372983376, 26867003.429999996, 109770898.31999996, 74951816.42999999, -41919852.0, 95544483.0, -32443343.0]
[292.6774193548387, 257.5268817204301, 305.13978494623655, 124.01075268817205, 221.34408602150538, 328.31182795698925, 268.0833809815246, 227.19722285685248, 260.0580032038776, 85.60278523298582, 779.9055335022767, 441.8195573666045, 8.0, 4.0, 19.0, 1.0, 0.0, 2.0, 1580.0, 959.0, 1306.0, 407.0, 5565.0, 2635.0, 74822.75803613178, 3.3431430847675303, 63613.5640941575, 3.4035353884987534, 77723.97259067374, 3.3713016518506325, 13557825.51, 10152510.54, 13839545.76, 8793787.0, 9479535.0, 10696335.0]
[297.01075268817203, 387.96774193548384, 86.81720430107526, 41.46236559139785, 77.89247311827957, 206.94623655913978, 271.2665340432148, 1342.2221714916495, 1388.9356649751367, 1186.27079685018, 963.0742720733883, 1154.6971028161397, 27.0, 6.0, -13043.0, -11210.0, -6748.0, -10341.0, 2253.0, 13056.0, 729.0, 592.0, 6280.0, 2867.0, 33724.96251294259, 3.433858458081836, 309512.96400850645, 3.7098331300468486, 337537.7156306569, 3.684095637036398, 13925727.0, 167159889.80999997, 165709308.36, 35244441.0, -164218284.0, -23393540.0]
[228.53763440860214, 258.2258064516129, 249.44086021505376, 100.23655913978494, 208.0215053763441, 305.6989247311828, 216.97643426136844, 184.9963060167194, 198.61846001850267, 67.77671105877619, 934.9481382791358, 256.53115689006074, 1.0, 13.0, 6.0, 0.0, 1.0, 1.0, 875.0, 822.0, 992.0, 234.0, 6740.0, 1198.0, 46963.46878890391, 3.2791702721189604, 36025.53819047288, 3.553586040695903, 34004.613208599054, 3.3086044937595975, 8545384.98, 8695376.309999999, 8756753.519999998, 6796457.0, 7015154.0, 6507159.0]
[227.48387096774192, 238.70967741935485, 235.79569892473117, 181.41935483870967, 154.95698924731184, 321.0860215053763, 176.34530188779118, 187.23163871462637, 194.29479837852543, 262.214164152488, 781.8804105429657, 318.68533123750154, 1.0, 1.0, 1.0, 8.0, 0.0, 10.0, 730.0, 758.0, 784.0, 1705.0, 7599.0, 2045.0, 24924.41144136387, 3.32366258328196, 39128.42179138042, 3.1668547732301664, 36168.68455945495, 3.1584997146469047, 7136479.62, 7927764.539999998, 8038740.509999999, 5534767.0, 5336071.0, 5837578.0]
[252.41489361702128, 219.4255319148936, 235.9255319148936, 159.46808510638297, 252.32978723404256, 150.5212765957447, 241.54148376199387, 175.5061797375184, 235.81404371258222, 196.5071178293145, 1009.435436679142, 1275.719352026078, 1.0, 2.0, 0.0, 3.0, 2.0, -11865.0, 1508.0, 909.0, 1365.0, 1389.0, 7357.0, 1156.0, 62203.8849448833, 3.5547112281743147, 30915.810483081856, 3.313904217620507, 53682.452624549354, 3.4285077042540033, 10729988.140000004, 6947066.239999999, 9779467.66, 5540934.0, 6441081.0, 7208200.0]
[226.5, 248.61702127659575, 205.80851063829786, 106.56382978723404, 130.4468085106383, 311.22340425531917, 144.0677670590349, 186.40354572190537, 178.3567933476093, 59.710332765263146, 697.1377676131998, 204.03769176650846, 5.0, 1.0, 0.0, 0.0, 0.0, 4.0, 553.0, 852.0, 907.0, 243.0, 6797.0, 1009.0, 19043.18768449485, 3.339862493611916, 25917.863535686924, 3.394989282073241, 39096.87128298169, 3.1676726802614548, 6347514.499999999, 8499088.959999999, 6523607.52, 5096038.0, 4956896.0, 4859260.0]
[267.531914893617, 252.06382978723406, 194.53191489361703, 252.35106382978722, 192.74468085106383, 300.0744680851064, 198.58985139733144, 181.6704335316664, 184.0861008302213, 417.82075972469414, 812.3560707744422, 243.6735979786578, 1.0, 3.0, 4.0, 3.0, 0.0, 0.0, 1009.0, 778.0, 718.0, 3111.0, 6164.0, 1083.0, 38833.394564140835, 3.4669898233523364, 36123.15260977865, 3.4513043186210406, 48522.95887912543, 3.3153234674156846, 9771882.800000003, 8499278.84, 6306240.04, 6633309.0, 5120621.0, 5998313.0]
[223.61702127659575, 209.12765957446808, 187.89361702127658, 104.94680851063829, 82.19148936170212, 272.97872340425533, 172.69577367380836, 157.3311851076154, 157.8221040220896, 63.55479678203643, 52.34177931895399, 308.4207773262443, 10.0, 2.0, 0.0, 0.0, 0.0, 0.0, 776.0, 1010.0, 824.0, 231.0, 205.0, 1754.0, 36339.40630317889, 3.115655292857327, 17703.090457037022, 3.4411871233128606, 33986.41078379598, 3.3442529453562453, 7025603.239999999, 6028285.8, 5296903.759999999, 5135412.0, 3990102.0, 4210659.0]
[206.67741935483872, 256.02150537634407, 159.74193548387098, 111.16129032258064, 210.2688172043011, 291.3333333333333, 148.56539778614277, 161.31167364524785, 148.10490577156614, 61.160034251309234, 814.7942677087126, 357.90247436895476, 14.0, 5.0, 1.0, 1.0, 0.0, 0.0, 623.0, 707.0, 701.0, 224.0, 5925.0, 2233.0, 23338.23272070766, 3.1548777358187445, 25437.63982945046, 3.4081700566249635, 20677.19541024258, 3.310802111276161, 5582921.129999999, 7895556.780000002, 4083771.359999999, 4977372.0, 4166300.0, 3395216.0]
[169.68817204301075, 211.4731182795699, 189.20430107526883, 204.72043010752688, 135.32258064516128, 145.94623655913978, 858.1804054091098, 170.6625574302955, 182.69352807007417, 363.8072938769561, 669.9114016905572, 1281.5206606215183, -7845.0, 0.0, 0.0, 0.0, 0.0, -11867.0, 715.0, 786.0, 1103.0, 2854.0, 6513.0, 1159.0, 760154.6869495522, 3.7895082393652517, 35006.80607984991, 3.3238097709450227, 50614.15520405985, 3.489574172308087, 65503081.52999999, 6359904.510000001, 5951921.879999999, 5135825.0, 4405891.0, 5584856.0]
[234.56989247311827, 207.29032258064515, 206.16129032258064, 135.66666666666666, 223.9247311827957, 317.26881720430106, 174.40865292214932, 160.8975896707323, 175.0838488766094, 109.78311952815575, 972.2848620485033, 228.87779821787882, 2.0, 1.0, 2.0, 7.0, 3.0, 37.0, 707.0, 868.0, 918.0, 571.0, 6855.0, 969.0, 22692.154894638086, 3.4014387322601336, 23791.907434218734, 3.2211774006123384, 27767.596013761602, 3.4970857028840396, 7361538.690000001, 5931393.0600000005, 6298825.83, 4278579.0, 5116715.0, 4879876.0]
[211.86021505376345, 223.16129032258064, 213.11827956989248, 111.23655913978494, 168.16129032258064, 108.89247311827957, 154.15453789015476, 165.55127212638627, 184.40561680722047, 66.35091130881362, 636.8686522544533, 1263.1463946824422, 6.0, 1.0, 3.0, 0.0, 4.0, -11561.0, 842.0, 881.0, 1009.0, 285.0, 6220.0, 2608.0, 24250.346021534693, 3.380832821387341, 29844.33270074113, 3.4873438361359677, 44217.33412474041, 3.1018283902937958, 5915297.55, 6652247.220000001, 6837828.72, 4727529.0, 5292529.0, 4484066.0]
[224.0752688172043, 269.3225806451613, 278.1720430107527, 250.8279569892473, 94.78494623655914, 359.2043010752688, 177.70782301289185, 213.26296083200455, 303.7467703766725, 325.07362455884385, 57.02551859405569, 428.66132773361204, 2.0, 2.0, 4.0, 1.0, 7.0, 11.0, 982.0, 1429.0, 1895.0, 2546.0, 238.0, 2621.0, 37127.18279317918, 3.389036143120084, 59239.32251004079, 3.3897126170492777, 138308.43866020636, 3.4270526985399696, 7044630.029999999, 10164884.19, 14586514.319999998, 6637251.0, 8813415.0, 7177923.0]
[239.6236559139785, 180.76344086021504, 198.13978494623655, 159.55913978494624, 360.10752688172045, 314.6989247311828, 156.59043185124239, 125.09782240566975, 163.50033847843233, 165.20688363156057, 1300.6052475872245, 407.6511665453538, 2.0, 6.0, 2.0, 5.0, 2.0, 0.0, 885.0, 636.0, 759.0, 876.0, 6883.0, 3725.0, 24358.86359307153, 3.33929976271485, 16194.9091473341, 2.918480061029547, 29093.28263137729, 3.104885306177753, 7064191.650000001, 4165065.4499999993, 5682764.07, 3643360.0, 3966140.0, 4156166.0]
[243.2688172043011, 223.3548387096774, 221.16129032258064, 121.74193548387096, 149.8279569892473, 335.02150537634407, 182.51439131970713, 154.56493254639463, 182.50516909431104, 63.0344804238136, 693.6845013915048, 298.45726438290393, 1.0, 4.0, 1.0, 2.0, 0.0, 3.0, 868.0, 718.0, 818.0, 267.0, 6746.0, 1418.0, 24551.36509106451, 3.286626448765333, 24671.982322522374, 3.51958611649178, 29492.029622554855, 3.3499442163514987, 7968585.959999998, 6358815.48, 7080270.419999999, 5188519.0, 5208744.0, 6511668.0]
[180.8279569892473, 260.6774193548387, 201.94623655913978, 217.89247311827958, 234.80645161290323, 317.9569892473118, 130.53099112737092, 172.29620357738858, 138.58229116990364, 314.98773138170174, 980.0185142224578, 407.5469808601557, 0.0, 4.0, 2.0, 6.0, 0.0, 4.0, 577.0, 737.0, 569.0, 2314.0, 7061.0, 3613.0, 19364.41555291228, 3.5573095145882174, 26615.820210676076, 3.416469151183142, 15951.864048272084, 3.418671603396257, 4285915.230000001, 8417163.090000002, 5170443.81, 3924443.0, 5378705.0, 3573707.0]
[273.6666666666667, 205.41935483870967, 211.03225806451613, 147.53763440860214, 77.45161290322581, 300.4516129032258, 189.0502770333247, 163.66696849957268, 187.619842953366, 271.7980212016375, 51.96414234605985, 239.48143779066322, 1.0, 7.0, 0.0, 5.0, 1.0, 5.0, 946.0, 728.0, 716.0, 2393.0, 222.0, 1059.0, 41431.5646906805, 3.3903548115299613, 20681.380174163132, 3.0599368730954253, 29429.8319960634, 3.447778055621328, 9535449.030000001, 5941513.32, 6863613.8999999985, 4904711.0, 4609816.0, 5578768.0]
[184.2659574468085, 169.2659574468085, 261.72340425531917, 185.87234042553192, 64.48936170212765, 198.58510638297872, 300.9043421582989, 559.4806188910076, 603.817593411303, 781.5346803860187, 1500.0734730728334, 1410.1728286481466, -2246.0, -4933.0, 3.0, 0.0, -12148.0, -13037.0, 971.0, 777.0, 5857.0, 7653.0, 6308.0, 1030.0, 30470.774087148504, 3.315391048676053, 35524.583356984054, 3.4863805845651754, 31868.71575708173, 3.3965093988868302, 10915476.459999999, 29895681.980000004, 37925538.919999994, 14677976.0, -25063705.0, -8360610.0]
[230.81720430107526, 230.40860215053763, 181.1290322580645, 320.86021505376345, 200.7741935483871, 302.97849462365593, 137.2106398964554, 160.77294525260987, 158.4136183352091, 758.9120014204238, 805.5178610956925, 282.7588071320727, 9.0, 15.0, 5.0, 2.0, 0.0, 3.0, 543.0, 779.0, 626.0, 5519.0, 6187.0, 1343.0, 19066.219052463253, 3.504672208112154, 32509.11077463641, 3.068077406158609, 26755.513571176485, 2.976172784064903, 6218709.120000001, 6803141.580000001, 4984657.709999999, 5115787.0, 3977072.0, 4567865.0]
[119.93548387096774, 198.76344086021504, 216.53763440860214, 110.36559139784946, 130.3763440860215, 290.02150537634407, 1044.7072068126743, 142.89897600946455, 182.10105646016547, 89.03416356343178, 658.5671685722509, 208.9185913061865, -9710.0, 1.0, 6.0, 2.0, 0.0, 0.0, 816.0, 673.0, 911.0, 484.0, 6399.0, 876.0, 2680109.116328417, 3.8278275382344567, 18886.285009049694, 3.1036259101680446, 33269.19612148522, 3.415747200011492, 94625426.1, 5164097.489999999, 6892628.040000001, 1699065.0, 4921618.0, 1019758.0]
[163.30107526881721, 117.26881720430107, 188.86021505376345, 334.03225806451616, 122.95698924731182, 103.56989247311827, 422.9584670982904, 924.2428762739538, 1158.9874571797372, 1574.3759940647076, 1529.4547047173844, 1387.9731735116611, -3145.0, -8543.0, -8550.0, 2.0, -10346.0, -11232.0, 872.0, 698.0, 6755.0, 12152.0, 9453.0, 1721.0, 87948.85504318443, 3.308620648999572, 226944.58479367645, 3.7092372694091975, 405247.71744807996, 3.6078799728324715, 17612608.770000003, 74276890.32, 118013575.73999996, 17091269.0, -49456241.0, 23679560.0]
[243.4516129032258, 205.3548387096774, 202.0, 327.61290322580646, 241.18279569892474, 315.73118279569894, 153.53603996463644, 169.26013200430575, 178.39477473338144, 1173.141194217826, 920.4025341763169, 342.5817940981378, 12.0, 3.0, 5.0, 0.0, 1.0, 0.0, 811.0, 1032.0, 844.0, 10635.0, 5797.0, 2107.0, 24716.10965200437, 3.322856479450894, 20743.74748025381, 3.2812232477547423, 25893.106152416196, 3.2445745902042695, 7143081.6899999995, 6098543.819999999, 6252058.92, 4746483.0, 4587429.0, 4726646.0]
[242.10752688172042, 221.04301075268816, 228.3548387096774, 101.68817204301075, 282.752688172043, 302.64516129032256, 206.17765990215878, 156.6920903346609, 171.12223225832324, 71.8577971465358, 1137.8929579816445, 255.0798104072907, 1.0, 0.0, 2.0, 0.0, 2.0, 2.0, 871.0, 703.0, 932.0, 253.0, 7454.0, 1316.0, 50795.320866097485, 3.151406724640946, 27202.28834261025, 3.2390830316011243, 36388.18511994511, 3.3638482770207725, 8706792.059999999, 6326606.79, 7015539.629999999, 5245105.0, 4816596.0, 5765029.0]
[236.20212765957447, 237.2127659574468, 186.27659574468086, 304.7659574468085, 147.24468085106383, 323.5744680851064, 163.65986100125855, 191.5820311876551, 168.92279869653242, 301.78053784528873, 341.36344854664867, 506.9815692894332, 10.0, 3.0, 3.0, 1.0, 1.0, 0.0, 853.0, 756.0, 895.0, 1631.0, 3346.0, 2988.0, 31708.39676991709, 3.24791025246574, 35291.280388845604, 3.145925818349873, 35148.78438858353, 3.4735836640204525, 7271237.459999998, 8180643.279999999, 5560523.0, 6152693.0, 4316806.0, 4753855.0]
[284.03225806451616, 190.01075268817203, 152.09677419354838, 163.11827956989248, 141.21505376344086, 298.01075268817203, 170.22826437341377, 146.07320191570238, 140.01405709832582, 232.79099832544165, 360.667221346118, 498.80730562411827, 16.0, 2.0, 1.0, 0.0, 2.0, 0.0, 726.0, 936.0, 747.0, 1249.0, 3302.0, 3629.0, 28200.29098429927, 3.474823194438813, 15101.840705461234, 3.4436708524879505, 18475.237173571848, 3.3286835869157896, 9456851.010000002, 4948268.669999999, 3678123.0299999993, 5353904.0, 3323207.0, 4582701.0]
[285.9032258064516, 221.08602150537635, 202.66666666666666, 119.05376344086021, 296.9139784946237, 273.10752688172045, 208.59264777760595, 218.55830263411156, 203.7686952390388, 104.54823783591767, 1021.2761800796736, 390.8018919440873, 14.0, 3.0, 4.0, 0.0, 0.0, 1.0, 1074.0, 1524.0, 1451.0, 420.0, 6369.0, 1934.0, 36953.14859433188, 3.280706246917653, 48680.114742114805, 3.4985649211309715, 46734.40316364601, 3.453999099796287, 10792541.19, 8314554.33, 7105066.08, 5765719.0, 6345647.0, 4882077.0]
[189.38709677419354, 276.247311827957, 299.752688172043, 135.4516129032258, 49.494623655913976, 317.4623655913978, 333.18065449144734, 748.9090856751744, 1011.4245942783742, 1596.6815214016272, 1655.8747105490795, 1507.399701466502, -2236.0, -2241.0, -1342.0, -10346.0, -12149.0, -11240.0, 1356.0, 6756.0, 9457.0, 11255.0, 5601.0, 6770.0, 21856.219209836112, 3.3673058572536942, 58163.42764821943, 3.55990603955987, 76822.35753209869, 3.424448551546436, 12600137.550000003, 54587868.69, 95297415.27000001, 15795177.0, -26223862.0, -6767536.0]
[152.93548387096774, 217.38709677419354, 205.32258064516128, 378.3225806451613, 204.16129032258064, 383.26881720430106, 854.2849260772786, 167.43116900217885, 183.85995150434724, 1303.3625589328744, 691.3784480914007, 696.590237916483, -7871.0, 4.0, 5.0, 4.0, 5.0, 3.0, 782.0, 742.0, 1181.0, 12136.0, 6495.0, 6175.0, 229131.18156081098, 3.7411735170814073, 27594.322380828737, 3.2755654780870467, 45955.467425090224, 3.512703894271969, 64464859.29, 6485791.169999998, 6538501.709999999, 2751771.0, 4630124.0, 3459645.0]
[232.8709677419355, 175.43010752688173, 174.752688172043, 116.46236559139786, 148.36559139784947, 181.51612903225808, 161.80108734293984, 148.92582030410034, 150.23110138788482, 74.97282973645171, 478.79152186716374, 206.44957342523486, 3.0, 1.0, 7.0, 10.0, 0.0, 0.0, 701.0, 646.0, 966.0, 293.0, 4677.0, 1101.0, 22754.80093177714, 3.2814890205770424, 24494.88765722594, 3.4106662145728093, 15719.787116786272, 3.455059663114626, 6930182.369999999, 4559418.930000001, 4572311.519999999, 3469180.0, 3624004.0, 3056535.0]
[205.61290322580646, 214.27956989247312, 162.10752688172042, 106.59139784946237, 154.21505376344086, 261.8494623655914, 133.87405114818736, 137.9001974957912, 141.84586416903625, 59.50378807070948, 572.2025494499374, 402.03849983921765, 7.0, 3.0, 8.0, 5.0, 0.0, 4.0, 507.0, 589.0, 663.0, 200.0, 5499.0, 3097.0, 17749.46311947106, 3.3751504354661144, 24383.736321854358, 3.313141604912229, 19079.43543034816, 3.3475800060579575, 5189937.540000001, 5598300.539999999, 3994346.28, 4038017.0, 3415839.0, 3418027.0]
[227.04255319148936, 244.82978723404256, 202.64893617021278, 128.10638297872342, 90.11702127659575, 310.01063829787233, 189.5832392944274, 162.73282003358534, 186.1981085940923, 90.87939166712788, 51.91139191340027, 333.15928234478383, 5.0, 9.0, 1.0, 5.0, 1.0, 7.0, 871.0, 754.0, 1003.0, 384.0, 190.0, 1647.0, 33133.47747506539, 3.546563490654308, 24249.514273327277, 3.3639407152919145, 22652.1537160991, 3.4018245595722845, 7696842.199999999, 7611495.839999999, 6659472.299999999, 4607715.0, 4518147.0, 5384112.0]
[208.1505376344086, 138.01075268817203, 319.7956989247312, 129.93548387096774, 159.1290322580645, 310.13978494623655, 479.89962596895464, 1209.0612644475345, 701.111284957205, 145.37259523238993, 725.5904975440536, 539.9634768525884, -4043.0, -11248.0, 0.0, 2.0, -449.0, -4049.0, 835.0, 969.0, 6753.0, 1351.0, 7037.0, 1309.0, 132455.55057577428, 3.701922626702904, 823319.9642430597, 3.788113114318951, 295410.92971321056, 3.7131612158885274, 23452102.019999996, 126721473.57000002, 50902890.63, 51565873.0, -68975332.0, -21381950.0]
[224.7311827956989, 273.2795698924731, 239.33333333333334, 221.0752688172043, 93.49462365591398, 285.8709677419355, 196.8347982990098, 186.61995592015094, 182.43237778357252, 972.5841221754586, 849.942307807545, 604.9993213400155, 1.0, 1.0, 2.0, 0.0, -4941.0, -4943.0, 917.0, 746.0, 813.0, 9463.0, 6482.0, 967.0, 53067.05819426313, 3.2652791307179663, 29508.4658656729, 3.4033177794084057, 33556.2895567388, 3.310554110665219, 7683031.320000001, 9439021.05, 7801756.98, 5557782.0, 5959359.0, 5972526.0]
[227.0215053763441, 268.7741935483871, 247.11827956989248, 260.5806451612903, 271.8494623655914, 367.63440860215053, 180.0662908423151, 238.94032950910287, 209.48362234740588, 459.64855011336476, 1006.8057209316972, 315.839350501039, 2.0, 15.0, 0.0, 3.0, 3.0, 0.0, 889.0, 1114.0, 1317.0, 3309.0, 6727.0, 1466.0, 22756.952247752262, 3.4359650422439296, 42700.96854923365, 3.4655495483279517, 25508.640647669592, 3.2067548705428033, 7231773.930000002, 11132832.84, 9036385.92, 5891588.0, 8065211.0, 5919238.0]
[299.9139784946237, 184.31182795698925, 247.6451612903226, 152.3763440860215, 192.20430107526883, 354.3763440860215, 233.71125142279354, 144.1298462358511, 207.74941244940146, 110.35436142939261, 668.5384864070179, 425.06170687525645, 13.0, 4.0, 1.0, 3.0, 1.0, 0.0, 1095.0, 730.0, 1037.0, 406.0, 6523.0, 2338.0, 68750.35162070507, 3.3403429859867164, 17715.96727219525, 3.2472796094845338, 34873.68868013721, 3.266367802813122, 12453005.04, 4715511.99, 8997023.67, 4243131.0, 5724090.0, 6898746.0]
[195.94623655913978, 199.13978494623655, 390.9032258064516, 12.946236559139784, 123.78494623655914, 429.0752688172043, 324.83000121104817, 488.35750873180586, 1254.1172459622412, 1087.9330059056686, 414.56574580759553, 897.9388867139147, -2245.0, -4040.0, 0.0, -10346.0, 2.0, 6.0, 1128.0, 1112.0, 12150.0, 288.0, 4054.0, 8552.0, 46585.84383735936, 3.496237359470172, 80562.06700420026, 3.5004399566565683, 310451.1292475582, 3.5940295869978947, 12348600.450000001, 23835369.9, 147785762.46, 14584250.0, -41255914.0, -21127877.0]
[270.5376344086022, 303.96774193548384, 261.98924731182797, 265.5483870967742, 330.63440860215053, 377.6559139784946, 193.56622050458625, 237.21529624835233, 230.4512348030563, 271.5444361157373, 1049.2945848329252, 535.7663648543178, 13.0, 1.0, 4.0, 5.0, 0.0, 2.0, 874.0, 1418.0, 1215.0, 1516.0, 6370.0, 3329.0, 26405.502518858655, 3.4901998493401343, 42346.44514962349, 3.2802932664375755, 35894.12570579219, 3.3465222575086417, 9536007.960000003, 12805918.649999999, 10480433.189999998, 8707207.0, 9052614.0, 7997341.0]
[277.97849462365593, 230.55913978494624, 100.97849462365592, 313.7204301075269, 53.58064516129032, 467.19354838709677, 203.02805430984077, 165.28956556966477, 1293.92209612358, 1086.7603968315887, 1312.7600390231646, 1095.2552438077432, 6.0, 2.0, -12133.0, 0.0, -10350.0, 0.0, 906.0, 873.0, 763.0, 10357.0, 7120.0, 10353.0, 41706.865202723384, 3.4015153819070694, 34536.26152142318, 3.3280334270116345, 54504.044853546904, 2.9567254344587948, 10210075.680000002, 6935147.6400000015, 144129403.29000002, 5768614.0, -191298.0, 5219579.0]
[282.8279569892473, 198.1505376344086, 166.56989247311827, 126.9247311827957, 173.53763440860214, 291.59139784946234, 193.5002878132852, 142.47798809675518, 141.38779526147707, 85.93213153149709, 513.9994620014902, 329.97335981267986, 8.0, 5.0, 1.0, 2.0, 7.0, 0.0, 1013.0, 719.0, 659.0, 315.0, 3749.0, 1779.0, 37786.02349261962, 3.280494650677907, 25085.13625395308, 3.191051892067358, 25984.973363487443, 3.283141456748758, 10122046.529999997, 5132777.879999998, 4110098.7300000004, 5115564.0, 3821586.0, 4679007.0]
[271.2795698924731, 299.68817204301075, 236.36559139784947, 119.87096774193549, 197.29032258064515, 296.97849462365593, 216.5932556254273, 206.06293775228121, 239.03309689638104, 82.40689420906317, 606.3462488482023, 698.9636424346658, 15.0, 16.0, 3.0, 2.0, 1.0, 3.0, 1054.0, 887.0, 1163.0, 301.0, 5357.0, 5445.0, 61040.543757957734, 3.1837247886429156, 51352.218650431976, 3.4116631257608456, 69127.3923907249, 3.308203916875927, 10378869.75, 11400969.51, 9720709.68, 8705645.0, 8539859.0, 6945231.0]
[227.63440860215053, 284.2043010752688, 231.90322580645162, 131.8494623655914, 186.72043010752688, 344.40860215053766, 181.2317028213521, 208.93360496973074, 201.42956825585944, 73.32891152889258, 646.5944963655721, 313.38232784166297, 3.0, 1.0, 1.0, 5.0, 0.0, 11.0, 836.0, 1010.0, 948.0, 308.0, 5119.0, 1268.0, 30737.55122977126, 3.298948966474751, 45612.50595575873, 3.4107575385162416, 33466.56125896148, 3.1739735372404616, 7291901.22, 10720949.790000001, 8122855.29, 6136272.0, 6541078.0, 6095336.0]
[343.76344086021504, 80.89247311827957, -210.0215053763441, 77.21505376344086, 61.053763440860216, 313.1720430107527, 1135.2220181039618, 1694.601770984953, 2182.8281663659004, 1317.1635190278682, 2218.8901620913775, 1689.1399897172778, -4045.0, -12141.0, -13035.0, -10345.0, -11250.0, -11190.0, 9450.0, 6754.0, 1498.0, 1438.0, 12151.0, 8558.0, 507928.17310840817, 3.7791585113978186, 114430.19585756805, 3.359023680709038, 4250146.838468372, 3.8235999269388405, 120484464.83999997, 246266482.17000005, 411486042.29999995, -126045613.0, 146661326.0, -38936978.0]
[225.1290322580645, 270.36559139784947, 227.48387096774192, 126.66666666666667, 263.4193548387097, 187.6021505376344, 174.57595990972274, 203.73249644454586, 156.03209068644554, 86.07950487439092, 980.7486195956178, 1305.5811228170369, 6.0, 14.0, 2.0, 0.0, 6.0, -11874.0, 848.0, 1167.0, 724.0, 394.0, 7405.0, 1264.0, 31021.10837891968, 3.179635240290955, 59529.21867150974, 3.427676374873314, 33769.90736379994, 3.3837228097064687, 6991171.7700000005, 9873540.299999999, 6558808.260000001, 5988408.0, 6416675.0, 5697016.0]
[251.41935483870967, 246.53763440860214, 222.13978494623655, 334.97849462365593, 274.1505376344086, 362.0, 172.56765041323496, 166.74502529179256, 197.3452939149754, 499.07152877802963, 919.2838534310584, 520.7525908428735, 1.0, 2.0, 2.0, 5.0, 3.0, 5.0, 656.0, 813.0, 862.0, 3460.0, 6444.0, 3280.0, 25373.321675618034, 3.4360013524509068, 29558.048362859186, 3.43003689589453, 48860.72638020128, 3.3024320266992913, 8015121.299999998, 7635833.82, 7600091.129999997, 5513149.0, 4918876.0, 6176552.0]
[295.1182795698925, 490.3440860215054, 67.83870967741936, 111.72043010752688, -59.946236559139784, 146.23655913978496, 534.4497749506816, 1753.0413230491474, 1288.7595088024577, 1713.0302375919, 1305.7765169796346, 1654.5200564951012, -447.0, -449.0, -11226.0, -13041.0, -11249.0, -10305.0, 4961.0, 13055.0, 4058.0, 9452.0, 2250.0, 9450.0, 275205.9217302614, 3.6469292512811506, 2989029.9244171735, 3.5298851827280218, 1568702.299869019, 3.7803240967304648, 31971893.4, 283734470.04, 142504730.49, 65216332.0, -94691572.0, -51819204.0]
[255.51612903225808, 220.0752688172043, 194.34408602150538, 121.80645161290323, 107.41935483870968, 234.23655913978496, 174.6269696850245, 162.02705333417381, 144.40247909949287, 85.85063597350167, 68.94079416121664, 329.63301062299513, 15.0, 1.0, 1.0, 3.0, 1.0, 0.0, 745.0, 727.0, 764.0, 366.0, 266.0, 2021.0, 29215.521615859543, 3.5169984586786, 20313.668184095815, 3.530096071728468, 16865.002406554373, 3.510064465480951, 8255917.829999999, 6435167.550000001, 5050798.380000001, 5125199.0, 4203371.0, 4598761.0]
[230.76344086021504, 221.76344086021504, 241.752688172043, 124.02150537634408, 98.17204301075269, 374.2043010752688, 192.1620352185523, 136.85380948530621, 202.89923907082863, 80.01928823111061, 59.45012956725449, 481.23718637124983, 0.0, 13.0, 8.0, 0.0, 0.0, 0.0, 1171.0, 715.0, 1190.0, 349.0, 269.0, 2857.0, 49116.42907428394, 3.377459003645313, 18702.0338223282, 3.305697635835986, 62916.81775888281, 3.2014367242771695, 7765154.969999999, 5855944.02, 8577195.63, 4247887.0, 5145469.0, 6421246.0]
[237.40860215053763, 261.8279569892473, 236.55913978494624, 278.0967741935484, 325.6236559139785, 327.21505376344084, 210.713603105956, 191.6908529976187, 196.96526190994183, 423.25773483561613, 1081.9321074293382, 370.0551031078188, 1.0, 3.0, 3.0, 1.0, 2.0, 0.0, 1128.0, 1026.0, 902.0, 2533.0, 6468.0, 2000.0, 27052.555356152636, 3.384700799779375, 28211.687972885007, 3.2004134757566813, 29896.195274990423, 3.302329018137119, 8673705.45, 9073159.980000002, 8159327.1000000015, 6374299.0, 6489329.0, 7260944.0]
[242.29032258064515, 244.96774193548387, 230.8279569892473, 116.6989247311828, 111.24731182795699, 286.23655913978496, 190.35993256740957, 158.3363543915914, 229.21632196113225, 111.43157238825174, 66.59116926602898, 407.20952297978386, 8.0, 3.0, 7.0, 0.0, 1.0, 7.0, 998.0, 955.0, 970.0, 509.0, 245.0, 2533.0, 47683.32840643427, 3.4450709295316226, 30141.63939721002, 3.3451068864686726, 55929.43922749963, 2.9925944863216367, 8177790.39, 7335218.760000002, 9103653.75, 5452340.0, 6192882.0, 6141341.0]
[261.39784946236557, 177.31182795698925, 188.93548387096774, 128.4516129032258, 223.34408602150538, 288.23655913978496, 170.044376547197, 187.71231333071913, 159.52203108386632, 108.95546718220248, 608.1322527539916, 378.48684423318736, 4.0, 6.0, 1.0, 1.0, 1.0, 0.0, 785.0, 1186.0, 769.0, 573.0, 5016.0, 1835.0, 23649.812631547207, 3.396137272592702, 38706.74226471379, 3.104809374450094, 35204.557572597056, 3.2775246173552293, 8383736.100000001, 5733985.679999999, 5264669.549999999, 3608444.0, 4254974.0, 4213257.0]
[229.90322580645162, 255.48387096774192, 189.83870967741936, 118.83870967741936, 120.25806451612904, 320.0430107526882, 142.16417824627126, 175.05307349879487, 158.6346835755018, 68.02274081424673, 256.7315847180968, 337.75241491681624, 15.0, 7.0, 1.0, 6.0, 0.0, 0.0, 598.0, 797.0, 613.0, 269.0, 2507.0, 1982.0, 21151.570413182108, 3.12314613978865, 25692.59710422987, 3.2978086603352135, 26139.45727663578, 3.227475564671495, 6300695.129999999, 8267240.58, 5270104.47, 6063555.0, 4906919.0, 4284632.0]
[196.2258064516129, 288.4623655913978, 213.8494623655914, 120.0752688172043, 112.51612903225806, 372.78494623655916, 172.83430925954198, 190.61231763313089, 194.9011425132461, 94.03632930706364, 63.20714958583228, 497.50308824609243, 1.0, 4.0, 8.0, 1.0, 0.0, 0.0, 894.0, 834.0, 953.0, 375.0, 234.0, 3089.0, 25006.773123947696, 3.5183712263126354, 35617.25256713689, 3.34928748430309, 38573.6962121756, 3.230035234877997, 5886082.53, 10305535.53, 7205446.56, 4698471.0, 5268858.0, 5282829.0]
[267.3440860215054, 249.53763440860214, 225.8494623655914, 164.03225806451613, 107.70967741935483, 276.6559139784946, 222.75564183669843, 190.41485368279123, 184.3259132880953, 178.71099158508406, 69.96063810165302, 476.18626458432743, 4.0, 15.0, 4.0, 0.0, 0.0, 2.0, 1204.0, 1045.0, 1339.0, 963.0, 317.0, 2820.0, 47379.362554668434, 3.4556881992027946, 21947.953204854013, 3.4698576458146437, 35537.054193182004, 3.3468655850449016, 10427181.389999999, 8487867.270000001, 7318670.340000002, 6798977.0, 5606292.0, 6726707.0]
[243.8494623655914, 213.18279569892474, 205.83870967741936, 136.3978494623656, 177.94623655913978, 317.505376344086, 160.0837380218729, 164.52163504064424, 186.46950387818873, 108.94754818808217, 568.8222646989166, 544.8935800298415, 5.0, 5.0, 1.0, 0.0, 0.0, 7.0, 1074.0, 932.0, 853.0, 494.0, 5324.0, 3110.0, 12749.095304004673, 3.4012455138089006, 19750.56980335254, 3.1511937418993163, 20706.670476439525, 3.309347868143949, 7335546.12, 6246586.800000001, 6639540.630000002, 4907061.0, 5320902.0, 5316293.0]
[265.64516129032256, 228.93548387096774, 236.06451612903226, 124.72043010752688, 174.247311827957, 288.505376344086, 179.70710742769208, 187.95893437082916, 179.58513824752563, 72.08861780617174, 480.22272133363964, 392.9059967134498, 4.0, 5.0, 4.0, 5.0, 0.0, 1.0, 795.0, 923.0, 823.0, 287.0, 4513.0, 2471.0, 36159.87461642728, 3.4315566030532554, 33157.58690741936, 3.307981720805305, 36406.754627606424, 3.2026106760591655, 8866500.03, 7555778.490000001, 7579161.48, 5632631.0, 6159403.0, 5784786.0]
[219.7741935483871, 281.6236559139785, 197.9247311827957, 118.70967741935483, 112.63440860215054, 292.0537634408602, 184.2978525572748, 172.56132583358743, 173.0805439898066, 70.59830959996897, 73.13905531160972, 423.89068436976197, 1.0, 3.0, 1.0, 2.0, 3.0, 3.0, 1104.0, 743.0, 820.0, 299.0, 392.0, 2394.0, 24635.556753324603, 3.3279893568928047, 27109.865548807466, 3.276631878650368, 22497.164618746672, 3.281106970784627, 7083632.369999999, 9407440.109999998, 5951286.6899999995, 5725819.0, 5167750.0, 5560799.0]
[233.19148936170214, 258.031914893617, 256.1489361702128, 300.74468085106383, 212.85106382978722, 309.82978723404256, 170.50067174816397, 205.74069974029712, 233.48500250916663, 508.2017196690977, 837.7864454126335, 318.3197701878213, 2.0, 1.0, 1.0, 9.0, 1.0, 2.0, 794.0, 1066.0, 1277.0, 4476.0, 6385.0, 1540.0, 26780.17863431486, 3.3984767702650975, 44404.43840270617, 3.1941889954346587, 59712.08753905534, 3.4055523739917173, 7346205.280000001, 9583472.020000001, 10563223.68, 5335873.0, 6999738.0, 6247177.0]
[263.2340425531915, 192.12765957446808, 223.8404255319149, 140.2340425531915, 192.27659574468086, 326.36170212765956, 210.25920641533577, 163.8701448953161, 165.38806130226678, 142.4763648033177, 712.3510280671226, 387.0618813870439, 2.0, 3.0, 2.0, 0.0, 3.0, 0.0, 949.0, 670.0, 801.0, 744.0, 5351.0, 1969.0, 33151.76148971903, 3.4613245121615526, 31051.161445897986, 3.316413148732453, 34366.290397156205, 3.3189778927766787, 9987400.360000001, 5609162.36, 6818454.499999998, 4965470.0, 4590797.0, 6212057.0]
[230.89361702127658, 194.88297872340425, 179.2127659574468, 118.31914893617021, 199.82978723404256, 279.29787234042556, 147.94647884955148, 122.7967860935406, 153.56360962438126, 63.51956988525416, 772.1846489062094, 211.47265665223344, 8.0, 0.0, 0.0, 5.0, 0.0, 2.0, 695.0, 570.0, 795.0, 316.0, 6336.0, 1073.0, 21054.718441091387, 3.5117440524399006, 17101.700369218, 3.4354140332728376, 27203.68546087885, 3.345269170637355, 6624099.159999999, 4674068.22, 4899396.559999999, 4002471.0, 3805049.0, 3830077.0]
[202.752688172043, 230.0752688172043, 216.7311827956989, 220.06451612903226, 178.18279569892474, 321.6666666666667, 164.73705371802419, 154.5738346550971, 191.9702841465963, 760.3036551052082, 686.5853907790564, 298.6172238448606, 1.0, 4.0, 0.0, 0.0, 1.0, 2.0, 683.0, 710.0, 1128.0, 7303.0, 5638.0, 1562.0, 27909.171444380154, 3.4271186801053966, 23672.517489828508, 3.4770645434104615, 44123.2503270312, 3.337336825599495, 5877440.039999999, 6622607.189999999, 7215750.96, 4214050.0, 4509372.0, 5454176.0]
[238.46236559139786, 207.752688172043, 196.06451612903226, 135.0, 256.03225806451616, 321.2903225806452, 185.92726249214076, 157.42041853597965, 148.78236267985625, 168.24574418029897, 992.083791293914, 250.91227380194067, 1.0, 1.0, 8.0, 0.0, 2.0, 3.0, 875.0, 582.0, 639.0, 901.0, 6133.0, 1027.0, 21789.921045960247, 3.4042066413085954, 23183.497435549885, 3.1709599410461737, 17039.021684638876, 3.2784637058528765, 7875912.389999999, 5853288.87, 5218760.100000001, 4891177.0, 4350035.0, 4497442.0]
[210.9247311827957, 189.23655913978496, 189.5483870967742, 97.29032258064517, 187.81720430107526, 264.06451612903226, 142.37612743830732, 146.73070555698007, 134.87171973921645, 56.53655620868934, 808.3904828387535, 305.07959782623567, 0.0, 0.0, 1.0, 1.0, 3.0, 0.0, 705.0, 595.0, 551.0, 209.0, 6919.0, 1020.0, 21101.29164291654, 3.365313418245873, 18118.67535336984, 3.4081237113405747, 16490.481213579944, 3.564429134798468, 5582258.040000002, 4939346.249999999, 4663832.82, 3691981.0, 4011726.0, 3948847.0]
[208.8709677419355, 235.63440860215053, 207.63440860215053, 106.50537634408602, 191.16129032258064, 339.13978494623655, 176.4030849704641, 182.8376438826818, 168.22983663314255, 70.97865932430952, 731.0745113146602, 507.54142241315697, 2.0, 2.0, 6.0, 0.0, 0.0, 1.0, 952.0, 875.0, 778.0, 284.0, 6994.0, 3384.0, 38671.77349315111, 3.0923090294012687, 31841.967977103497, 3.4750931119343695, 23886.65789969242, 3.2162862738306317, 6435766.47, 7662470.880000001, 6150218.34, 4050639.0, 4548245.0, 4660523.0]
[200.10752688172042, 211.4731182795699, 215.3548387096774, 148.68817204301075, 88.86021505376344, 311.10752688172045, 144.76235866484254, 170.46423770027502, 196.6010994021015, 98.51704536852489, 45.72830713973887, 420.01970612066145, 1.0, 5.0, 2.0, 1.0, 2.0, 1.0, 762.0, 1219.0, 931.0, 394.0, 189.0, 2458.0, 20704.74933445038, 3.0404740833516124, 52004.46367566557, 3.5840603416127657, 64344.990543276814, 3.1613728327304105, 5256328.38, 6354116.19, 7318272.299999999, 3906145.0, 5176898.0, 5277764.0]
[210.46808510638297, 187.98936170212767, 188.06382978723406, 197.80851063829786, 148.54255319148936, 308.7659574468085, 158.77424983714303, 155.88550352162432, 133.7175492548506, 218.18327486809466, 697.4815011212228, 254.3830159987953, 11.0, 1.0, 0.0, 0.0, 3.0, 1.0, 1000.0, 751.0, 704.0, 938.0, 6822.0, 976.0, 27883.970829686743, 3.530507351581721, 19305.463209007594, 3.16033049083528, 18692.88324755842, 3.5225187375098095, 6117860.28, 5246973.779999999, 4688219.920000001, 3960781.0, 3835448.0, 3714989.0]
[140.41935483870967, 181.19354838709677, 222.2688172043011, -9.698924731182796, 53.68817204301075, 225.53763440860214, 533.825922664191, 1734.1707281308118, 1474.7430884570529, 1274.6809812735773, 2070.666606478374, 1390.6224174114936, -4044.0, -12146.0, -8548.0, -12144.0, -13043.0, -11249.0, 721.0, 11258.0, 11257.0, 455.0, 11251.0, 6781.0, 538433.2730688992, 3.6189783482615363, 5945814.672609561, 3.5571974566388143, 4101912.820234721, 3.577618125803016, 26087417.909999996, 260148266.66999996, 190354538.07, -34968713.0, -123868383.0, 16305686.0]
[238.83870967741936, 104.20430107526882, 199.78494623655914, 65.72043010752688, 15.419354838709678, 191.40860215053763, 606.3105871172718, 1216.2402022407077, 259.32382180110193, 490.8834618980664, 1409.8838706616064, 1287.8743629359997, 10.0, -11415.0, 1.0, -4545.0, -12495.0, -10575.0, 5865.0, 882.0, 2295.0, 374.0, 5005.0, 5728.0, 463879.2097870545, 3.7693710195837298, 1859803.0331669585, 3.8145103707433865, 82830.04359070618, 3.600671843166482, 36386657.34, 127502948.84999998, 9205975.14, -63621092.0, -22616883.0, 17264652.0]
[203.3548387096774, 232.2688172043011, 248.0, 263.7096774193548, 179.58064516129033, 299.9139784946237, 154.39550041042185, 200.46772155793377, 216.52658236245549, 394.3823068129055, 700.0907444688036, 509.6773629061815, 0.0, 0.0, 2.0, 0.0, 0.0, 4.0, 763.0, 1013.0, 1211.0, 2759.0, 6595.0, 4607.0, 26823.669387176385, 3.3127610033839234, 36369.67071009404, 3.258559126684992, 46948.644555645136, 3.3932064655293517, 5616214.200000001, 8104458.03, 9330855.540000001, 5058246.0, 6304114.0, 5780271.0]
[228.20430107526883, 201.16129032258064, 180.7311827956989, 50.365591397849464, 76.16129032258064, 465.5483870967742, 175.85595384586443, 155.38838370232608, 483.0150357679702, 1288.9247354232086, 1512.1303234202444, 1045.2616950889362, 0.0, 0.0, -4043.0, -12148.0, -12143.0, 2.0, 833.0, 751.0, 931.0, 874.0, 6865.0, 9450.0, 33788.14137071653, 3.337596582653178, 21271.22280604203, 3.445145554296087, 494868.037321019, 3.7769451987233436, 7150127.37, 5565785.880000001, 22786538.219999995, 3917928.0, 5348906.0, 4859454.0]
[107.05376344086021, 233.13978494623655, 218.93548387096774, 125.06451612903226, 256.5806451612903, 333.1720430107527, 1355.4817318351966, 260.8416390888578, 217.26085335633297, 62.952329523428816, 1013.7307905495791, 400.75821138501937, -12705.0, 4.0, 2.0, 12.0, 2.0, 0.0, 852.0, 2058.0, 1045.0, 380.0, 7008.0, 2857.0, 773911.5712769345, 3.7860980022888575, 50467.02049347929, 3.407894117904024, 45289.38509041924, 3.334504386803542, 158193236.22000003, 10522453.379999999, 8184330.150000001, -21025201.0, 5952506.0, 4786860.0]
[198.03225806451613, 225.27956989247312, 184.29032258064515, 104.39784946236558, 245.44086021505376, 301.7096774193548, 148.46764042192635, 171.8364595107927, 140.79893007291435, 62.99950651720913, 729.243688952817, 527.2546736479351, 1.0, 1.0, 2.0, 0.0, 1.0, 2.0, 713.0, 766.0, 673.0, 283.0, 4476.0, 2966.0, 21847.25283786487, 3.472676740855615, 25925.574421835474, 3.477534403429926, 16711.297326959866, 3.2581974036084733, 5277827.19, 6915839.91, 4633623.63, 3991924.0, 3377398.0, 3709271.0]
[203.10752688172042, 223.01075268817203, 212.55913978494624, 145.19354838709677, 166.6236559139785, 281.31182795698925, 153.46536660457977, 142.33873366204386, 165.116721716961, 144.75183096120034, 752.1271705892979, 390.44172249252074, 2.0, 6.0, 3.0, 1.0, 3.0, 0.0, 540.0, 647.0, 723.0, 639.0, 7309.0, 3210.0, 30016.449888209878, 3.436731921388945, 17377.568697130282, 3.2484309006863703, 30935.42745210155, 3.444589732305712, 5583019.709999999, 6034948.56, 6240406.0200000005, 3893875.0, 4358456.0, 5317748.0]
[223.7311827956989, 208.06451612903226, 213.23655913978496, 172.69892473118279, 220.3763440860215, 281.2043010752688, 159.27977435024215, 164.353926584462, 164.9582554472667, 203.55715920607807, 934.0610597532469, 257.0369859674143, 2.0, 1.0, 6.0, 0.0, 4.0, 1.0, 868.0, 770.0, 794.0, 1035.0, 7485.0, 1309.0, 24069.78030142687, 3.3432034355549445, 22370.40878885214, 3.3713671996289865, 36622.90825215487, 3.408327916431254, 6499973.670000001, 6055389.959999999, 6260878.109999999, 4443111.0, 4867095.0, 4513953.0]
[286.5376344086022, 415.7956989247312, 4.612903225806452, 35.70967741935484, 276.8494623655914, 148.95698924731184, 1140.2879457013191, 1488.0206984822942, 2222.3143294687484, 2001.145120982338, 1684.0189244666062, 1761.6653985336823, -4047.0, -4939.0, -13048.0, -12146.0, -4945.0, -12998.0, 9457.0, 9456.0, 9463.0, 8555.0, 10350.0, 6757.0, 1528355.6310425, 3.56388305686808, 2075932.5836104618, 3.6696613287861948, 5076154.803319504, 3.5688555877016523, 118351113.65999998, 204400346.67, 422555384.9699999, -34571911.0, -55189557.0, 88123351.0]
[181.2258064516129, 215.76344086021504, 129.23655913978496, 213.91397849462365, 161.48387096774192, 507.76344086021504, 461.5197515447401, 230.78332572244045, 929.3937996005019, 328.5285592745318, 863.5812015003875, 1403.9304640114253, -4045.0, -1341.0, -8545.0, -2203.0, -5844.0, 1.0, 577.0, 721.0, 1135.0, 909.0, 4551.0, 11258.0, 21398.920274315533, 3.4189622266629636, 24720.596170608984, 3.5064581788456612, 42081.39850702205, 3.10705074815559, 21064894.319999997, 8583449.879999999, 75348967.35000002, 10304704.0, 16408943.0, 39654021.0]
[228.8279569892473, 187.04301075268816, 239.88172043010752, 130.05376344086022, 274.7204301075269, 170.3763440860215, 171.23792395732764, 160.44279178048197, 186.4637655360352, 96.38897257775707, 832.2118689998124, 1275.5093860031534, 1.0, 1.0, 2.0, 0.0, 1.0, -11398.0, 937.0, 957.0, 879.0, 606.0, 5551.0, 2264.0, 25379.34912342306, 3.335830814475628, 19161.38648806607, 3.401095351286959, 25819.4886623975, 3.28577286478523, 7037636.429999999, 5228336.3100000005, 7951727.849999999, 4197258.0, 5047750.0, 5290495.0]
[232.19354838709677, 212.18279569892474, 228.29032258064515, 115.56989247311827, 141.61290322580646, 335.1182795698925, 158.50677245608782, 155.5759947279058, 186.6122217818894, 63.77327330498092, 296.96936718976315, 914.2973644501476, 11.0, 0.0, 4.0, 1.0, 1.0, 2.0, 775.0, 702.0, 877.0, 225.0, 2497.0, 8395.0, 22567.830889467255, 3.4249131289212174, 15128.438940610911, 3.480355901845053, 26790.969517190773, 3.3577924820619867, 6812651.760000002, 5964797.730000001, 7487105.43, 4519028.0, 4763438.0, 5260514.0]
[184.69148936170214, 245.30851063829786, 163.0531914893617, 106.15957446808511, 136.10638297872342, 235.91489361702128, 143.9240410918536, 166.87037185210266, 137.41048832433728, 58.962591237227464, 238.2460311456813, 420.3671886864888, 4.0, 6.0, 0.0, 0.0, 0.0, 0.0, 835.0, 717.0, 837.0, 230.0, 2316.0, 3142.0, 21574.510552602384, 3.5658768471014444, 25557.21122401023, 3.4340662814080174, 18220.529740902013, 3.522513246894224, 4824872.419999999, 7751447.740000004, 3999802.459999999, 4278209.0, 3719328.0, 3429220.0]
[178.36559139784947, 229.08602150537635, 180.61290322580646, 140.5483870967742, 134.81720430107526, 277.13978494623655, 132.80737808097965, 149.29520332971316, 178.0343782298718, 119.50409453864206, 371.72897871142385, 462.3265971385297, 2.0, 10.0, 0.0, 0.0, 2.0, 1.0, 546.0, 682.0, 934.0, 626.0, 3632.0, 2654.0, 19646.394976655243, 3.5243381797561764, 23909.731533565435, 3.4202695958389344, 48542.2616538523, 3.3531660879926735, 4260707.579999999, 6446082.030000001, 5533322.37, 4183892.0, 4292081.0, 3770378.0]
[228.67741935483872, 219.86021505376345, 199.98924731182797, 247.29032258064515, 92.46236559139786, 307.2043010752688, 190.0113361200785, 154.51140322332267, 139.55001399090608, 443.2807673582031, 53.65683212297933, 303.38476643206525, 1.0, 0.0, 11.0, 1.0, 3.0, 1.0, 880.0, 703.0, 609.0, 3034.0, 219.0, 1396.0, 26702.960639527155, 3.3795329459961616, 18482.267329112576, 3.3594591345011664, 19207.150600924255, 3.2833888360316283, 7611937.470000001, 6223438.170000001, 5125441.1099999985, 5364990.0, 4258452.0, 4903816.0]
[82.0, 218.79569892473117, 27.731182795698924, -100.76344086021506, 245.16129032258064, 420.3763440860215, 1299.7097418437234, 1603.5740215499861, 1399.5095968711526, 1584.7920134958422, 1169.1097345966937, 1261.9235568557071, -11445.0, -11205.0, -11715.0, -11246.0, 0.0, -449.0, 817.0, 10351.0, 1044.0, 489.0, 11255.0, 11946.0, 844944.6927898633, 3.662761514020927, 1319689.9822681018, 3.5247489599288873, 1008540.1955146848, 3.552561746072475, 145113396.3, 224153642.46, 167646648.09000003, 91492986.0, 76864607.0, 162938926.0]
[205.87234042553192, 221.9468085106383, 190.0212765957447, 108.03191489361703, 97.46808510638297, 323.3936170212766, 128.29839496834228, 179.9576633019631, 156.28496021610854, 70.83426850150438, 63.367625486005196, 396.093727858877, 2.0, 3.0, 1.0, 0.0, 5.0, 2.0, 613.0, 935.0, 684.0, 277.0, 258.0, 2522.0, 16133.610374349593, 2.887835932910539, 36118.16695211967, 3.0350720334950423, 27461.870431430878, 3.2767875895013336, 5183974.040000001, 7183723.46, 5325742.960000001, 4537961.0, 4036443.0, 3964991.0]
[198.74468085106383, 218.14893617021278, 198.0531914893617, 160.7127659574468, 140.2659574468085, 238.59574468085106, 145.9515265068577, 145.79378258988567, 163.85407663700374, 189.34656297526712, 497.4706167479322, 370.2916699601986, 7.0, 4.0, 1.0, 0.0, 0.0, 0.0, 822.0, 871.0, 763.0, 827.0, 4884.0, 2710.0, 31156.127447268467, 3.5003795772912047, 23621.740322367168, 3.516945699653085, 27623.37398654896, 3.5817367832678624, 5352378.800000001, 6063144.76, 5812992.899999999, 4034581.0, 4181102.0, 4266089.0]
[215.34408602150538, 187.01075268817203, 206.66666666666666, 127.45161290322581, 181.51612903225808, 300.7956989247312, 139.07915283279578, 158.91332711669236, 150.5820831577115, 90.7359422731497, 766.3436425921301, 334.5676171061424, 5.0, 1.0, 0.0, 0.0, 1.0, 2.0, 658.0, 714.0, 650.0, 402.0, 7470.0, 1735.0, 19480.994986774855, 3.4594793351926323, 25856.640055992575, 3.479855309561289, 23530.288089693313, 3.392425454495161, 5665795.29, 5185501.440000001, 5634153.9, 3864659.0, 4522726.0, 4137832.0]
[213.16129032258064, 199.79569892473117, 186.38709677419354, 122.10752688172043, 172.86021505376345, 290.6236559139785, 155.73648942186736, 138.95757556674135, 163.1525048281425, 60.2975344447976, 698.5349823395585, 305.5118269246492, 1.0, 3.0, 2.0, 1.0, 0.0, 0.0, 651.0, 641.0, 856.0, 218.0, 6817.0, 1622.0, 20134.37317401941, 3.4596873386457534, 16790.98312229975, 3.5275319262894453, 24786.452972885734, 3.379966262578408, 6005069.52, 5104631.43, 5282174.94, 3637855.0, 3971123.0, 4130084.0]
[187.4731182795699, 257.5268817204301, 185.9784946236559, 159.05376344086022, 175.1720430107527, 305.0860215053763, 152.6244746027954, 179.0627526265977, 145.30410228616213, 101.02973793709991, 594.6735974219646, 467.3056130607999, 6.0, 1.0, 1.0, 4.0, 4.0, 2.0, 675.0, 925.0, 737.0, 401.0, 5819.0, 2841.0, 21601.375639152255, 3.4936830845297133, 33629.20122606239, 3.3864685975257545, 17047.52895280795, 3.4125087656500663, 5032846.589999999, 8479375.440000001, 4797968.580000002, 4482380.0, 4697150.0, 4047531.0]
[224.09677419354838, 237.4731182795699, 195.98924731182797, 161.0215053763441, 131.67741935483872, 274.97849462365593, 193.97383645381535, 184.05762279419156, 145.64254146066992, 164.8138593327151, 273.35377464927575, 293.7596613950367, 0.0, 19.0, 6.0, 0.0, 0.0, 1.0, 1049.0, 966.0, 627.0, 817.0, 2661.0, 1213.0, 31505.448507217927, 3.2010123363730205, 43514.1289172872, 3.14251908648539, 19152.075614477988, 3.502222023628015, 7562740.47, 7776006.209999999, 5137112.609999999, 4990750.0, 4349570.0, 4658943.0]
[280.3191489361702, 220.96808510638297, 219.4468085106383, 258.29787234042556, 176.85106382978722, 291.40425531914894, 242.8801294132231, 174.09770165965853, 221.72697620937373, 653.9407889704506, 461.79448851465526, 366.2157633937153, 10.0, 0.0, 1.0, 1.0, 1.0, 3.0, 1559.0, 846.0, 1347.0, 5503.0, 3982.0, 1838.0, 87605.66225286188, 3.3461298166592237, 28422.20244951976, 3.089937830402557, 59639.185686001365, 3.2688647091611562, 12100196.999999998, 6964045.46, 8552960.359999998, 6741202.0, 5687645.0, 7544125.0]
[272.9247311827957, 194.68817204301075, 189.25806451612902, 133.752688172043, 258.16129032258067, 351.1182795698925, 181.50609263693912, 158.10948177811474, 143.9829325049845, 69.32965610416132, 843.886535366118, 763.1600898988358, 1.0, 2.0, 4.0, 0.0, 1.0, 1.0, 965.0, 734.0, 707.0, 284.0, 5785.0, 7207.0, 30028.134508468076, 3.40433001964275, 19229.797722582865, 3.342218644231273, 14299.12799571902, 3.3207236282205574, 9261187.379999997, 5417153.279999998, 4871703.630000001, 5003216.0, 4076267.0, 4876470.0]
[225.86021505376345, 239.41935483870967, 214.61290322580646, 123.64516129032258, 115.11827956989248, 333.61290322580646, 211.39719422461644, 173.60883834572812, 203.77406671723384, 82.19087608854137, 260.620574176262, 303.9138547944875, 1.0, 12.0, 1.0, 0.0, 2.0, 0.0, 903.0, 715.0, 1173.0, 377.0, 2532.0, 1599.0, 34098.10673098757, 3.0497959270992103, 33849.51312325984, 3.5362185901427567, 27111.272674135867, 3.429036699360194, 8235671.73, 7536528.419999999, 7536399.1499999985, 4492728.0, 5129382.0, 6326429.0]
[224.58064516129033, 213.67741935483872, 362.31182795698925, 312.2795698924731, -3.6236559139784945, 418.35483870967744, 231.15072828467518, 493.4862044080807, 1156.574373804464, 1069.9603036682715, 803.5203375849152, 870.8810212398018, -1344.0, -4045.0, 4.0, 6.0, -7647.0, 2.0, 706.0, 1208.0, 11254.0, 8015.0, 261.0, 7651.0, 37068.025912815676, 3.5781918251255416, 99849.77928745335, 3.580391621456378, 485369.3116300668, 3.7677023524991036, 8933777.159999998, 24785273.759999998, 125804086.23, 11393452.0, -38562745.0, -9497965.0]
[245.4731182795699, 223.4516129032258, 229.63440860215053, 113.49462365591398, 160.2258064516129, 276.21505376344084, 213.8637615601318, 214.16838743548985, 305.29753074900543, 111.14645876890408, 431.8333044185558, 489.53644553807374, 2.0, 0.0, 3.0, 2.0, 1.0, 1.0, 1537.0, 1220.0, 2107.0, 702.0, 3860.0, 2620.0, 38721.43347531739, 3.3759045087567436, 39345.34030915727, 3.32867885439438, 57956.05025383947, 3.31857852512764, 9124950.749999998, 8242974.09, 12535542.540000001, 6208700.0, 8210569.0, 8321540.0]
[267.8279569892473, 226.5483870967742, 209.9247311827957, 117.81720430107526, 213.8279569892473, 295.8817204301075, 190.2241025998314, 194.01610848234003, 214.7862049533027, 67.86558746275118, 630.1650340025828, 481.1135373878784, 21.0, 5.0, 1.0, 1.0, 4.0, 1.0, 979.0, 955.0, 1289.0, 254.0, 5334.0, 2223.0, 28140.560298237673, 3.069863223241799, 35984.69859687257, 3.346549791343046, 66321.19927777801, 3.362389456070845, 9300091.14, 7659698.550000001, 7758624.509999998, 6167685.0, 6600227.0, 4878094.0]
[130.44086021505376, 98.59139784946237, 208.68817204301075, 123.25806451612904, 205.94623655913978, 314.38709677419354, 924.7621135044218, 1259.7316763687963, 179.333547535374, 65.54303319622163, 513.0989260831084, 864.6547694117462, -8535.0, -11839.0, 0.0, 4.0, 6.0, 2.0, 843.0, 810.0, 829.0, 301.0, 4490.0, 8015.0, 1711863.21232816, 3.8149852300618723, 3203445.1455559726, 3.8244643369203586, 35009.362628974166, 3.232686959117962, 74641237.35000002, 136617914.19, 6518358.84, 106276654.0, -2244046.0, 162460.0]
[192.3548387096774, 217.94623655913978, 187.34408602150538, 123.0, 190.40860215053763, 306.23655913978496, 162.12217917905983, 155.6185669591572, 149.78771170818763, 81.2545650891449, 699.2708506250596, 324.0864551134956, 2.0, 2.0, 0.0, 3.0, 1.0, 0.0, 738.0, 710.0, 589.0, 319.0, 5611.0, 1495.0, 18381.972884735376, 3.241839713917202, 29405.574491711002, 3.117609654501798, 21064.550230166828, 3.3308984323950885, 5448988.11, 6180341.97, 4955264.130000001, 3601288.0, 3370098.0, 4024176.0]
[233.58064516129033, 249.63440860215053, 200.1505376344086, 246.2688172043011, 209.6451612903226, 274.3225806451613, 168.81784127977068, 186.07372223806047, 197.2100483724286, 285.18221252937747, 634.1643362170354, 447.30694551539364, 9.0, 0.0, 1.0, 1.0, 0.0, 1.0, 912.0, 1032.0, 1173.0, 1707.0, 5658.0, 2781.0, 26588.293901120847, 3.372906237033903, 28311.83068651386, 3.165212557501411, 34550.48828981426, 3.3445290457718255, 7157301.390000001, 8352207.239999999, 6792392.64, 5588274.0, 4976840.0, 5837938.0]
[278.7096774193548, 274.1505376344086, 193.0, 135.61290322580646, 92.48387096774194, 225.59139784946237, 247.8646887458331, 171.5763834359749, 166.3516443117332, 155.26464309981986, 66.23453271506617, 294.57044025669785, 1.0, 2.0, 1.0, 0.0, 1.0, 0.0, 1488.0, 756.0, 713.0, 698.0, 227.0, 1437.0, 72704.11079444362, 3.39383708689439, 22911.16687222252, 3.0642046719815914, 20292.220536220782, 3.23803705238359, 11975005.5, 9019214.400000004, 5589356.73, 7416674.0, 5515112.0, 5788234.0]
[272.38709677419354, 172.91397849462365, 107.59139784946237, 121.75268817204301, 231.27956989247312, 384.741935483871, 223.7363565069419, 478.39765740106384, 830.7307709711024, 121.83351576371486, 828.4658210471276, 901.9852127297706, 0.0, -4048.0, -7642.0, -441.0, 3.0, 1.0, 1045.0, 824.0, 723.0, 504.0, 7654.0, 7655.0, 58822.03250102204, 3.3827065431885712, 207174.01202087413, 3.7103973315749283, 637427.7800313011, 3.7920779453942686, 10700061.059999999, 22167616.709999997, 60047321.160000004, 5431985.0, 35997271.0, 4656271.0]
[198.3684210526316, 180.05263157894737, 201.2842105263158, 125.6842105263158, 11.873684210526315, 440.42105263157896, 869.7636882856436, 1557.8653860427846, 1838.996538721292, 464.9397413062392, 590.8789205651165, 1622.7304713139504, -4044.0, -10344.0, -11246.0, -3146.0, -4948.0, -4049.0, 5851.0, 10360.0, 13054.0, 2251.0, 291.0, 10893.0, 1144727.0114784706, 3.7084901906935928, 3786807.3771106205, 3.69406649083402, 4938170.620143849, 3.70325196943795, 71105796.64999998, 219651959.55, 305660917.29999995, 119679422.0, 38642822.0, -25086937.0]
[345.5806451612903, 210.3548387096774, 136.6451612903226, 457.5483870967742, 208.81720430107526, 99.24731182795699, 1384.4671500694114, 1655.926219509803, 1752.3996631027514, 1927.4721196660048, 2445.529456972086, 2063.4258852268517, -4050.0, -5850.0, -12145.0, -6740.0, -11245.0, -11386.0, 9461.0, 11259.0, 7651.0, 11275.0, 12157.0, 8562.0, 4489349.976095797, 3.433893936761831, 3448541.4504697532, 3.498703262724768, 7406551.847267303, 3.3279950466929304, 174326222.43, 238440470.78999996, 264361528.44000003, -28705120.0, -74031174.0, 166701940.0]
[258.8709677419355, 218.6021505376344, 234.59139784946237, 143.41935483870967, 182.53763440860214, 345.9247311827957, 210.67790302231364, 173.45749634652051, 212.95428354865376, 91.74863138188388, 603.2230022272711, 464.16009317810995, 1.0, 14.0, 0.0, 2.0, 3.0, 1.0, 1213.0, 888.0, 924.0, 416.0, 5904.0, 2167.0, 59033.94194139996, 3.335829457227744, 40743.61157773375, 3.410252972850886, 54174.577873193855, 3.1081359841954246, 9593652.149999999, 6707375.759999999, 8639920.41, 5425261.0, 5705277.0, 6166975.0]
[187.7741935483871, 312.494623655914, 129.09677419354838, 283.2043010752688, 421.752688172043, -99.54838709677419, 873.0994406365359, 1417.1065792790596, 1904.4638927514034, 1815.014298417387, 1686.004001335664, 2128.3622633996483, -4048.0, -4040.0, -12146.0, -9447.0, -3150.0, -13047.0, 5865.0, 13057.0, 12152.0, 13053.0, 10353.0, 2191.0, 1728470.7311057283, 3.2393556175296605, 4478524.40132951, 3.749796879173019, 8328401.423652094, 3.589252952724094, 68272176.98999998, 180266825.27999997, 311766081.78, -34215741.0, -200674352.0, -29589259.0]
[246.95698924731184, 230.38709677419354, 208.44086021505376, 221.74193548387098, 96.61290322580645, 335.81720430107526, 178.06458977002495, 156.15231083632142, 176.3301290172839, 421.1233915845704, 58.26122438191342, 534.1790114021085, 8.0, 4.0, 3.0, 0.0, 0.0, 1.0, 763.0, 673.0, 799.0, 3192.0, 227.0, 4124.0, 35748.71550047353, 3.4289414411961574, 25367.300139320916, 3.4231990531520595, 26078.713842348778, 3.5310084958291865, 7987681.65, 6676990.799999999, 6418040.670000001, 4798132.0, 5519654.0, 4874659.0]
[244.43010752688173, 205.8494623655914, 209.68817204301075, 132.72043010752688, 108.70967741935483, 361.61290322580646, 169.84426356604646, 157.12684893841822, 176.50156905908202, 74.59883516857786, 112.54299474511578, 642.7411073955398, 2.0, 2.0, 2.0, 1.0, 9.0, 0.0, 730.0, 781.0, 1035.0, 389.0, 1022.0, 5342.0, 19384.04166058863, 3.4485396235715315, 20126.60786451825, 3.3960931011873403, 27486.739567334007, 3.3551098183070063, 7635593.880000003, 5777305.08, 6468323.910000001, 4642887.0, 4917277.0, 5211706.0]
[305.258064516129, 128.13978494623655, 180.29032258064515, 267.9247311827957, 94.38709677419355, 12.408602150537634, 1496.3828699729181, 1970.6728358355056, 890.216773559715, 1334.7099362176946, 1529.4473712981521, 1949.759730105889, -9105.0, -12143.0, -6743.0, -5848.0, -11248.0, -13040.0, 9450.0, 10353.0, 4953.0, 11258.0, 6931.0, 1591.0, 5416071.997923279, 3.7348589901986324, 9497892.12991732, 3.3027850519086663, 1930537.1013711055, 3.549454047771637, 199642027.70999998, 333696808.8899999, 70616416.83000001, 120910439.0, -130079251.0, -35111737.0]
[234.78494623655914, 258.39784946236557, 231.72043010752688, 26.612903225806452, 137.89247311827958, 376.10752688172045, 164.52460166652793, 182.47371101809767, 196.4845035150409, 1255.012385459914, 795.1743787749461, 478.8101525921719, 5.0, 3.0, 7.0, -11862.0, -4044.0, 1.0, 805.0, 672.0, 1389.0, 794.0, 5161.0, 4054.0, 25193.271480096493, 3.358191408422278, 40206.42060322917, 3.1524595730511753, 28909.6846771631, 3.2873600849572386, 7083639.8100000005, 8623751.429999998, 7947168.06, 5802289.0, 5810640.0, 6174754.0]
[260.60215053763443, 205.23655913978496, 206.7311827956989, 170.89247311827958, 126.96774193548387, 324.61290322580646, 168.52255298591382, 153.74989557079962, 180.32350999299697, 209.87700654791334, 424.21165891191896, 323.8368829954655, 0.0, 3.0, 0.0, 0.0, 0.0, 2.0, 702.0, 700.0, 1088.0, 1037.0, 4135.0, 1561.0, 30008.595850296042, 3.2996595118144545, 14147.544818443801, 3.2651950058302943, 19362.576974429958, 3.4847712989347563, 8303728.200000003, 5665691.130000001, 6478508.34, 5102062.0, 4848593.0, 5345366.0]
[223.31182795698925, 243.6236559139785, 210.2688172043011, 110.73118279569893, 227.7741935483871, 312.6559139784946, 173.81011493647586, 160.65348302551098, 157.29141742423494, 69.23559963049705, 948.4172642634018, 285.4235409163195, 4.0, 1.0, 1.0, 6.0, 2.0, 0.0, 796.0, 648.0, 671.0, 262.0, 6882.0, 1382.0, 25451.512437393747, 3.4465036876961483, 24184.21182732293, 3.4831958463119226, 22206.512356809337, 2.9987553436088064, 6897862.079999999, 7341660.869999999, 5940785.13, 5102165.0, 5229441.0, 4811103.0]
[112.27956989247312, -10.913978494623656, 319.83870967741933, 81.02150537634408, 315.1290322580645, 353.89247311827955, 1051.2922934220096, 1436.9221912908913, 1156.2077939683245, 350.086634572651, 1504.5177201104102, 569.2820700398153, -8805.0, -12147.0, 1.0, -3150.0, 0.0, 0.0, 1143.0, 594.0, 11257.0, 341.0, 13052.0, 4061.0, 2559555.2190115354, 3.712468875649185, 3631612.2715123496, 3.6009883086326595, 2111490.1637922167, 3.8267863265180755, 95652590.63999999, 176669917.28999996, 123225666.80999997, 107186069.0, -134425536.0, -42250341.0]
[204.43010752688173, 217.6451612903226, 204.58064516129033, 120.33333333333333, 107.36559139784946, 335.97849462365593, 162.82315011729366, 177.24115512127452, 176.27907238367465, 63.75655692338347, 57.843263661425105, 507.5598053965965, 3.0, 2.0, 2.0, 4.0, 4.0, 3.0, 840.0, 1149.0, 1179.0, 277.0, 291.0, 2536.0, 20941.98326278246, 3.352815369944672, 24250.228910366783, 3.474154580681369, 31254.414436251776, 3.3063844353647385, 5882874.960000001, 6784799.189999999, 6278604.839999999, 5008813.0, 5339383.0, 4685369.0]
[219.93548387096774, 288.7956989247312, 213.11827956989248, 122.84946236559139, 176.8709677419355, 386.18279569892474, 179.88521741544045, 209.3568079255555, 170.677604135779, 95.01177801548779, 484.17624409260156, 513.3525135606677, 13.0, 0.0, 9.0, 4.0, 0.0, 1.0, 915.0, 1089.0, 893.0, 397.0, 4642.0, 3664.0, 38064.764771482805, 3.1073545351625995, 54675.0629940733, 3.2661743419772753, 29734.81716357876, 3.496231785846673, 6952270.8, 10963639.8, 6420759.059999999, 6474197.0, 6085597.0, 5478076.0]
[194.43010752688173, 232.06451612903226, 179.9247311827957, 321.4731182795699, 337.06451612903226, 343.35483870967744, 137.29509616701557, 170.44072069399155, 150.3947874732091, 757.4909755725585, 1082.6499876656474, 364.5405877432607, 0.0, 4.0, 3.0, 2.0, 0.0, 0.0, 679.0, 958.0, 833.0, 6861.0, 5680.0, 1719.0, 16714.069977710984, 3.389142441883287, 23281.6707358026, 3.2499880196862563, 14974.467731809142, 3.2646283548667396, 4882388.4, 7143348.6, 4735179.629999999, 4202852.0, 3617081.0, 3522997.0]
[237.49462365591398, 224.90322580645162, 233.83870967741936, 162.48387096774192, 188.56989247311827, 318.9032258064516, 162.47137698790502, 197.5373417926964, 201.57635786592354, 133.99599384855293, 666.4059083890671, 463.51044884137525, 2.0, 1.0, 2.0, 0.0, 6.0, 3.0, 667.0, 1118.0, 1025.0, 619.0, 6513.0, 3569.0, 27579.3018948878, 3.401079435400737, 35660.79840173135, 2.926146228390145, 36991.04629063187, 3.3698828344753644, 7136878.590000001, 7713427.440000001, 8205881.969999999, 4373947.0, 6311352.0, 4729931.0]
[245.44086021505376, 226.21505376344086, 208.03225806451613, 132.03225806451613, 121.3010752688172, 327.13978494623655, 161.64954459823636, 181.14118019441446, 196.10979908187323, 84.2891570226257, 67.07860167876979, 592.7938015173106, 0.0, 2.0, 1.0, 4.0, 1.0, 1.0, 784.0, 847.0, 864.0, 395.0, 309.0, 3196.0, 31056.487498301714, 3.215303494672896, 31634.37887987072, 3.529183915993493, 31241.51696200723, 3.3859893316846, 7445994.779999999, 7233380.040000001, 7033620.6899999995, 5031184.0, 5684664.0, 4786493.0]
[209.90322580645162, 259.9569892473118, 231.3548387096774, 112.65591397849462, 134.30107526881721, 313.7956989247312, 140.99684428446162, 208.24546103819586, 189.75640249044298, 68.98448070961416, 542.4757615291741, 266.47079777764804, 6.0, 4.0, 2.0, 2.0, 2.0, 4.0, 577.0, 917.0, 1028.0, 319.0, 5292.0, 1450.0, 16664.812977522848, 3.321371812385411, 56887.38221811003, 3.2463291562915666, 22917.595209907522, 3.3972178964081245, 5511636.629999999, 9555199.44, 7710183.600000001, 4632363.0, 6098937.0, 4790337.0]
