[229.86021505376345, 311.59139784946234, 387.6989247311828, 166.2258064516129, 109.26881720430107, 276.68817204301075, 190.37483571592728, 248.86355771784127, 324.7164242758339, 164.66349936291405, 83.2149050958272, 328.2665598490052, 5.0, 4.0, 6.0, 3.0, 5.0, 2.0, 1075.0, 1157.0, 1535.0, 745.0, 345.0, 1756.0, 29319.513260647684, 3.1645699688240367, 47643.07328964242, 3.2102543775078907, 55774.52134646456, 3.2879002581706027, 7670676.2700000005, 13696238.340000002, 22021862.459999997, 7208154.0, 13139042.0, 7972059.0]
[346.3440860215054, 310.01075268817203, 404.36559139784947, 172.18279569892474, 176.38709677419354, 301.5806451612903, 335.5828639528173, 377.3063135317895, 380.59340923222135, 126.58499002960329, 676.0763565098968, 438.5414392838429, 0.0, 1.0, 2.0, 2.0, 4.0, 0.0, 1877.0, 2399.0, 1780.0, 582.0, 6540.0, 2774.0, 69408.4259054843, 3.113796095184967, 129864.9481447764, 3.3763454387166383, 117335.36747914039, 3.014631525207314, 20010253.859999992, 20492591.850000005, 26535593.28, 14022398.0, 14190306.0, 14550526.0]
[265.3085106382979, 276.5425531914894, 308.36170212765956, 126.95744680851064, 279.02127659574467, 304.4255319148936, 318.5079133938938, 206.4475077073405, 284.57509737217595, 107.8744705459158, 807.2594682038757, 488.66221790934446, 0.0, 1.0, 7.0, 0.0, 0.0, 0.0, 1671.0, 852.0, 1325.0, 463.0, 5338.0, 3686.0, 56164.48289812227, 3.087014592080854, 29882.799148451162, 3.256481144623317, 42129.65512074051, 3.249739953090764, 15088059.379999999, 10483290.780000001, 15481414.599999998, 7984600.0, 7698701.0, 9438716.0]
[335.97849462365593, 335.8709677419355, 409.38709677419354, 206.96774193548387, 287.8709677419355, 273.55913978494624, 303.1883106361538, 290.22503359673715, 343.8107743037574, 168.32515451874318, 996.2068519466013, 240.22826383895395, 1.0, 5.0, 3.0, 2.0, 1.0, 1.0, 1951.0, 1554.0, 1556.0, 740.0, 6404.0, 1223.0, 80151.38986299341, 3.447823386364244, 64680.56626853166, 3.148202454986835, 77482.75457201389, 3.134251927404559, 17628070.020000003, 16963644.539999995, 24609225.689999998, 14166087.0, 15981145.0, 14203847.0]
[283.02150537634407, 263.7096774193548, 343.8279569892473, 178.13978494623655, 107.65591397849462, 300.21505376344084, 235.06354268092957, 283.68922757149625, 298.90294424691837, 114.03189784459524, 102.21040687927675, 397.294241235318, 1.0, 17.0, 6.0, 0.0, 0.0, 9.0, 1063.0, 1776.0, 1552.0, 513.0, 358.0, 2255.0, 61025.469511797215, 3.258242103521519, 56098.784799928224, 3.345127522292939, 86670.79686436517, 3.3570964094510765, 11655557.009999998, 12900588.93, 17868830.279999997, 7856730.0, 9794686.0, 9424719.0]
[317.65263157894736, 280.9789473684211, 369.61052631578946, 127.38947368421053, 355.6736842105263, 320.2, 346.21883893643115, 210.01159942369182, 341.75950529939325, 101.07994463377418, 1063.7642960221974, 380.80029389403995, 9.0, 5.0, 1.0, 0.0, 3.0, 3.0, 1920.0, 890.0, 1939.0, 392.0, 5646.0, 2073.0, 78567.85315731111, 3.298056187420366, 45299.62124385177, 3.1896013173157414, 60934.473586531974, 3.2215316291905705, 19810679.650000002, 11063727.549999999, 22759428.35, 9681019.0, 11319877.0, 14487797.0]
[297.96875, 334.2083333333333, 337.125, 187.23958333333334, 184.52083333333334, 342.8125, 280.5154448557719, 311.4008388815617, 281.163644052431, 250.27121056509733, 580.47147768302, 484.2352475811731, 1.0, 1.0, 2.0, 0.0, 0.0, 5.0, 1533.0, 1926.0, 1418.0, 1231.0, 5739.0, 2926.0, 49190.30271844994, 3.4450509394947937, 130516.9367054013, 3.206411228002863, 63636.11068551895, 3.496142746395273, 15358889.280000001, 19137538.560000002, 17683918.08, 11185604.0, 11339592.0, 10766820.0]
[319.3085106382979, 277.20212765957444, 329.9574468085106, 209.30851063829786, 432.1489361702128, 333.031914893617, 227.46418962377092, 334.9954446741233, 292.41316751361694, 118.98016701048948, 1235.1545805260794, 518.7422226830424, 6.0, 9.0, 1.0, 10.0, 0.0, 0.0, 898.0, 1986.0, 1282.0, 519.0, 7378.0, 3536.0, 54216.91480094114, 2.956624896849312, 132279.80246365527, 3.543167192370511, 72297.32107494619, 3.232426281337902, 13532109.340000005, 16600115.18, 17094809.92, 10093210.0, 10489571.0, 10581348.0]
[349.02127659574467, 260.031914893617, 423.8085106382979, 151.96808510638297, 579.6276595744681, 401.98936170212767, 378.7156557755905, 223.64744971983527, 309.68885795907244, 101.09023459082033, 1542.8030835124546, 767.438127444488, 3.0, 10.0, 9.0, 0.0, 1.0, 5.0, 2157.0, 1182.0, 1532.0, 351.0, 6480.0, 5935.0, 99339.73511095867, 2.933228672829668, 38158.853785998814, 3.320119355551923, 78079.70864049229, 3.1026879812585193, 23301910.040000003, 10347191.940000003, 24254868.88, 9864679.0, 11711737.0, 17361745.0]
[292.86021505376345, 351.64516129032256, 402.81720430107526, 151.8709677419355, 418.2795698924731, 332.68817204301075, 378.65375348778474, 325.7936345082805, 371.38178955602854, 148.1637773169809, 1193.9721827433966, 611.3415749575864, 4.0, 1.0, 10.0, 0.0, 8.0, 1.0, 2550.0, 1647.0, 1849.0, 779.0, 6696.0, 5565.0, 163069.29122880404, 3.2959275937622605, 68407.24572034321, 3.2376509437216674, 142342.20358729234, 3.1765910564812176, 19685475.539999995, 19776328.169999998, 25834828.979999997, 14275301.0, 16114762.0, 14462936.0]
[269.16129032258067, 351.35483870967744, 330.9462365591398, 289.3763440860215, 269.4731182795699, 408.7741935483871, 216.33520137702675, 345.1363512899897, 273.3113913529607, 305.9489838823834, 908.8847752028888, 1190.2494269930246, 4.0, 4.0, 2.0, 9.0, 0.0, 2.0, 1099.0, 1872.0, 1172.0, 1813.0, 6488.0, 10773.0, 47267.66698422236, 3.2080172998230014, 91904.813878489, 2.8589714556839634, 66652.74916993777, 3.241907696929532, 10270296.899999999, 20869040.04, 15864109.259999998, 9683911.0, 12556638.0, 9242782.0]
[304.47872340425533, 284.51063829787233, 342.06382978723406, 201.82978723404256, 499.8936170212766, 349.0531914893617, 226.35350261170987, 341.6635377149415, 281.60526053976633, 123.42623397079048, 1385.6701144140784, 525.2864731369662, 7.0, 9.0, 6.0, 4.0, 2.0, 0.0, 913.0, 1766.0, 1290.0, 579.0, 6456.0, 3243.0, 50172.859530723596, 3.390801051370995, 95306.48561537424, 3.088868838824168, 77444.09108676226, 3.318129571230176, 12670659.500000002, 17357299.28, 17271336.28, 10219518.0, 10071422.0, 10217088.0]
[319.90425531914894, 249.70212765957447, 338.8085106382979, 152.62765957446808, 322.4468085106383, 331.5425531914894, 288.24836472501244, 201.23007908015936, 275.340308560494, 108.26877984482492, 1101.3932488162854, 458.20926957984494, 10.0, 2.0, 14.0, 4.0, 0.0, 4.0, 1387.0, 1050.0, 1606.0, 385.0, 6857.0, 2805.0, 59392.24881370683, 3.1905922638113666, 38368.38450173639, 3.123568868881606, 49141.14775594359, 3.101308138077144, 16306126.42, 9049293.520000001, 16770461.04, 7868744.0, 9173188.0, 12077663.0]
[351.3085106382979, 287.8510638297872, 259.8510638297872, 252.58510638297872, 206.10638297872342, 289.27659574468083, 583.5256584935565, 450.43665690147435, 1252.8400335328174, 535.737184997176, 1497.818574856323, 1097.6924026539496, 0.0, -3136.0, -11247.0, -434.0, -10342.0, -7506.0, 4055.0, 1454.0, 2138.0, 4136.0, 6452.0, 5887.0, 482570.05311247386, 3.7102084537664064, 391058.36830389587, 3.7544978375817673, 3840057.272467971, 3.836521549834587, 40671887.1, 25058275.600000005, 143181439.2, -1125312.0, 49969587.0, -34154983.0]
[285.9247311827957, 317.06451612903226, 327.6559139784946, 219.36559139784947, 238.32258064516128, 329.2903225806452, 233.92535211041425, 361.7026104427808, 332.3760146287849, 155.08383321583904, 857.7374073852967, 459.0157850048193, 2.0, 3.0, 2.0, 1.0, 1.0, 6.0, 1254.0, 2660.0, 2010.0, 809.0, 6171.0, 2975.0, 54316.56859765452, 3.375202643618951, 95761.95584937138, 3.013324348416834, 81585.36883929209, 3.180688897902995, 11752747.589999998, 19888541.969999995, 18737567.459999997, 9877517.0, 12363252.0, 10321372.0]
[384.247311827957, 313.9247311827957, 365.35483870967744, 155.9784946236559, 174.86021505376345, 349.9247311827957, 335.77996987915014, 399.15040851895776, 372.7792401024128, 105.40501375075175, 606.5088728588189, 440.67088765829146, 3.0, 1.0, 14.0, 3.0, 4.0, 4.0, 1468.0, 2503.0, 2288.0, 378.0, 5900.0, 3028.0, 96205.33561273867, 3.04488688608043, 159856.54758916868, 3.446588404646057, 113326.46196542741, 3.4169736022892168, 22416637.23, 22154989.169999998, 23434835.64, 15581917.0, 14904916.0, 14930029.0]
[270.93548387096774, 300.7096774193548, 335.13978494623655, 124.13978494623656, 311.5376344086022, 302.16129032258067, 280.78584623267653, 211.36634077833975, 301.9780294123719, 103.74556998377135, 1005.0716452846596, 412.9909539572155, 5.0, 8.0, 2.0, 0.0, 2.0, 0.0, 1307.0, 745.0, 1608.0, 412.0, 5791.0, 2264.0, 72728.40349837198, 3.024538020223662, 42573.67027722792, 3.0083844824126134, 54840.33447442461, 3.0800177212033177, 13094497.649999999, 11643427.020000001, 17516721.12, 7678698.0, 9847800.0, 8954728.0]
[153.25263157894736, 283.70526315789476, 354.7473684210526, 205.25263157894736, 194.57894736842104, 328.0315789473684, 809.8564617818455, 674.3710682835986, 310.2782885562316, 307.31645511333534, 655.8542193192633, 513.1707329143204, -7305.0, -5441.0, 1.0, 3.0, 0.0, 4.0, 1375.0, 1657.0, 1501.0, 2067.0, 6424.0, 3979.0, 709847.2384606075, 3.7789605073485406, 461770.8323645317, 3.678133957532647, 89737.63248763687, 3.300030476237225, 60688611.54999998, 47875629.99999999, 19954718.65, 51133108.0, 5996432.0, 522232.0]
[336.1489361702128, 280.5744680851064, 321.36170212765956, 206.6595744680851, 301.98936170212767, 379.1595744680851, 225.29483466279873, 272.46487351235044, 259.62983786739557, 128.1156696107739, 946.7261130965719, 549.8250025253194, 6.0, 3.0, 6.0, 2.0, 1.0, 1.0, 1070.0, 1345.0, 1367.0, 656.0, 5994.0, 3649.0, 49637.26973985029, 3.1178566445738687, 67145.48773207964, 3.307247770682607, 56001.060902953315, 3.342894898986131, 14421579.639999997, 13445686.680000002, 15018009.640000002, 9864022.0, 9285456.0, 9967080.0]
[264.9569892473118, 264.55913978494624, 337.5698924731183, 131.61290322580646, 378.3010752688172, 304.64516129032256, 239.67695260126317, 183.443953196799, 226.89757303440103, 94.84277977355639, 1198.5471529871547, 450.7721550455129, 0.0, 16.0, 7.0, 6.0, 0.0, 9.0, 1623.0, 862.0, 1348.0, 414.0, 6568.0, 3037.0, 87067.47224367798, 3.3434566165174386, 35303.08222838723, 3.4929816714577564, 77455.48051601894, 3.4306223768339392, 10986786.569999998, 8932806.24, 14260675.8, 6433828.0, 8682873.0, 9617571.0]
[254.53684210526316, 326.4736842105263, 359.6421052631579, 124.98947368421052, 111.28421052631579, 308.29473684210524, 243.77971441474446, 249.4133048586974, 263.36783256419767, 136.2297413974254, 92.4889485241569, 355.0829952034352, 5.0, 4.0, 3.0, 4.0, 2.0, 1.0, 1327.0, 1027.0, 1088.0, 687.0, 376.0, 1907.0, 62628.37981024281, 3.3762159291754656, 67438.84333851626, 3.035565576736669, 81449.19843476344, 3.2977193979173074, 11154177.049999999, 15174387.049999999, 17867237.1, 8645511.0, 12168694.0, 8747487.0]
[270.7956989247312, 313.1505376344086, 343.1182795698925, 232.3763440860215, 312.2795698924731, 340.5268817204301, 235.98326023626012, 325.72424140663094, 288.1347001370971, 213.99913215887088, 1052.429160743098, 500.5571589521162, 11.0, 1.0, 10.0, 7.0, 2.0, 6.0, 1039.0, 1638.0, 1226.0, 1771.0, 6140.0, 3245.0, 47949.10965478338, 3.061369999931787, 110813.130216285, 3.3618131355956686, 79417.42234416421, 3.302198352916256, 11107012.320000004, 17559089.129999995, 17285809.56, 8631484.0, 10798149.0, 9574766.0]
[370.0860215053763, 255.68817204301075, 304.01075268817203, 171.90322580645162, 313.36559139784947, 353.0430107526882, 278.81553259372276, 269.4281374905417, 281.22633212969754, 109.93308879141073, 975.124683052804, 726.6949738965372, 0.0, 9.0, 0.0, 7.0, 3.0, 1.0, 1644.0, 1609.0, 1490.0, 390.0, 5695.0, 6324.0, 54103.6548974548, 2.7031328549798275, 52420.48325554735, 3.285703691389331, 48573.30042093049, 3.4492045339280977, 18497259.18, 11865338.969999999, 14760415.949999997, 12067621.0, 7794664.0, 10592760.0]
[335.03225806451616, 277.247311827957, 341.93548387096774, 143.31182795698925, 253.78494623655914, 377.2043010752688, 389.757769022407, 254.27452880327982, 323.26566697470406, 115.2734912864245, 786.1319842923596, 834.5864448302185, 9.0, 1.0, 9.0, 0.0, 1.0, 6.0, 2488.0, 1246.0, 1426.0, 412.0, 5572.0, 5796.0, 128726.2126182113, 3.4596018871178673, 59357.17256278645, 3.2469956770632953, 96615.00162140126, 3.3053091687978853, 22705724.94, 12180074.219999999, 19053479.159999996, 9781853.0, 9974618.0, 9677980.0]
[255.21505376344086, 357.6989247311828, 395.21505376344084, 331.26881720430106, 327.1720430107527, 429.6666666666667, 253.2330018958466, 298.65072609066834, 289.14633911411516, 929.2070736103437, 1000.0175392337519, 1161.4219015212918, 1.0, 8.0, 1.0, 6.0, 0.0, 5.0, 1410.0, 1514.0, 1719.0, 8617.0, 6080.0, 10540.0, 52865.23069205797, 3.3878117059733284, 58243.72052183586, 2.8876236808313127, 45992.632985715216, 3.3200179540028314, 11120204.37, 18697557.000000004, 20662595.849999998, 11348012.0, 14684252.0, 9353598.0]
[176.77659574468086, 351.27659574468083, 315.75531914893617, 346.70212765957444, 166.53191489361703, 292.9255319148936, 1316.9512131969714, 443.5003098338208, 555.4389659214373, 1072.1775534009887, 1170.7071450198785, 724.8799120323266, -12144.0, 1.0, -4047.0, 4.0, -7725.0, -5174.0, 1373.0, 3153.0, 2014.0, 10455.0, 6218.0, 2620.0, 386763.3831478333, 3.6533948472010467, 84987.79747775738, 3.0929917294799893, 105624.2609852183, 3.432493451650193, 154379041.61999995, 28098064.520000007, 35779775.54000001, -29207782.0, -1777469.0, 61856449.0]
[310.6559139784946, 281.3440860215054, 341.80645161290323, 175.81720430107526, 389.741935483871, 314.4731182795699, 278.00580595374714, 361.49167091925165, 288.26294827679226, 112.04394966849617, 1207.1170551577566, 544.8766631760496, 4.0, 4.0, 2.0, 5.0, 2.0, 0.0, 1237.0, 2302.0, 1657.0, 480.0, 6232.0, 3900.0, 69281.83562775944, 3.2354806459701497, 74590.96583135295, 3.4071273811437246, 67665.12754448007, 3.086482231767671, 14959594.049999999, 18026730.330000002, 17214422.759999998, 11462178.0, 10351913.0, 11500865.0]
[289.3225806451613, 277.0967741935484, 327.8279569892473, 128.66666666666666, 379.48387096774195, 264.2795698924731, 281.5609502819996, 263.154115223468, 208.92783358062604, 110.53883178925554, 1082.2935149276364, 315.0565637824765, 6.0, 1.0, 5.0, 5.0, 0.0, 4.0, 1509.0, 1142.0, 1132.0, 463.0, 5873.0, 1970.0, 52248.9614696352, 2.9785411939599395, 70597.98540061274, 3.291827330176969, 50271.36162666252, 3.324944201631543, 14022769.71, 12565966.559999999, 13029947.28, 8205089.0, 9282896.0, 8909030.0]
[247.59139784946237, 327.3440860215054, 318.9247311827957, 231.94623655913978, 260.8709677419355, 315.2043010752688, 278.33191932745166, 323.6428350291902, 256.9206964668763, 290.2547743528013, 872.4042021135375, 656.507617081209, 2.0, 2.0, 5.0, 4.0, 0.0, 9.0, 1574.0, 1611.0, 1360.0, 1711.0, 6599.0, 6188.0, 96150.07229291367, 3.4167910205830228, 83207.24311608227, 3.1629194183566485, 61086.24903028869, 3.4341812635524875, 11930185.08, 18229717.710000005, 14444821.379999997, 10227460.0, 10453558.0, 8492636.0]
[323.4255319148936, 260.71276595744683, 362.52127659574467, 194.41489361702128, 256.32978723404256, 330.1063829787234, 257.2226134878094, 349.88092052147596, 323.3673542258061, 125.73400918652673, 771.3104111095453, 843.780133264675, 2.0, 1.0, 4.0, 6.0, 1.0, 2.0, 1300.0, 2224.0, 1662.0, 570.0, 5427.0, 7832.0, 65434.09420627832, 3.2792847634714386, 48619.58477751329, 3.4599570435925955, 76048.99440088024, 3.4458211197579844, 15026826.839999998, 16707594.779999997, 20753617.98, 9874477.0, 10776916.0, 12857592.0]
[345.3225806451613, 272.6559139784946, 319.7956989247312, 146.8494623655914, 118.75268817204301, 297.6236559139785, 353.15710142784906, 257.4991977456332, 312.0303622050608, 104.68606757478773, 94.50024797689784, 401.89098981587614, 3.0, 5.0, 17.0, 1.0, 0.0, 0.0, 2436.0, 1155.0, 1813.0, 453.0, 327.0, 2237.0, 103072.25422853508, 3.4962072728563673, 49072.59500817785, 3.2530272374113887, 122044.56668952368, 3.4575990252897215, 20984770.169999998, 12102901.89, 17175644.549999997, 10888435.0, 10942490.0, 10486027.0]
[328.10752688172045, 333.96774193548384, 358.4301075268817, 140.16129032258064, 284.3225806451613, 366.2903225806452, 324.6475166259953, 317.4025167571277, 300.5522597200267, 167.47078202808865, 944.5535080625491, 762.262686957107, 1.0, 2.0, 0.0, 3.0, 1.0, 0.0, 1597.0, 1526.0, 1600.0, 1019.0, 6340.0, 6590.0, 161149.59466091174, 3.23587643544153, 73142.00295517972, 3.0885749468227983, 101376.27333163592, 3.3191692759342275, 18328724.580000002, 18266302.05, 18840332.459999997, 12668184.0, 12749496.0, 13357495.0]
[266.6063829787234, 315.8936170212766, 323.67021276595744, 203.96808510638297, 234.9468085106383, 286.0425531914894, 261.04468443285236, 274.0953632056962, 229.93876643028491, 256.4496409147925, 706.8128733975193, 538.053559209822, 1.0, 1.0, 8.0, 3.0, 0.0, 0.0, 1229.0, 1282.0, 1111.0, 1384.0, 5004.0, 4891.0, 58994.26150460314, 3.0866871382087426, 61834.35285242747, 2.7822109319692765, 42209.06756943156, 3.1266174680249157, 12237714.3, 15385049.56, 13878862.18, 9148052.0, 11678490.0, 8385436.0]
[435.19354838709677, 192.7741935483871, 510.61290322580646, 157.98924731182797, 284.752688172043, 423.1290322580645, 528.3655531769754, 1430.9241854634297, 899.2871818745507, 368.67124788021886, 1239.5661026966864, 2000.4097798994915, 18.0, -13050.0, 3.0, -3149.0, -5849.0, -9448.0, 4051.0, 1821.0, 8556.0, 418.0, 7343.0, 13245.0, 134589.9264933139, 3.0189862906172906, 492904.4310914894, 3.630251496324171, 226988.99627072568, 3.490450358453338, 40266435.99, 178401998.58, 91744015.46999998, -37614245.0, -97919989.0, 53160376.0]
[296.1505376344086, 309.6666666666667, 381.9462365591398, 123.38709677419355, 429.8709677419355, 274.64516129032256, 262.9359711378154, 294.6436437658111, 315.49121001988783, 100.52146993878262, 1341.7404678885205, 458.96477664321753, 3.0, 5.0, 2.0, 2.0, 2.0, 2.0, 1043.0, 1345.0, 1792.0, 508.0, 6981.0, 3505.0, 48072.59610549138, 3.0370550856495706, 67897.62371034146, 2.8506760513002933, 111323.25485027373, 3.479685989332019, 13500836.039999997, 15721704.87, 21133603.65, 11697867.0, 11717020.0, 12913920.0]
[244.55913978494624, 287.60215053763443, 324.6559139784946, 345.505376344086, 155.4731182795699, 323.31182795698925, 211.8394317260944, 234.52427054270052, 232.92574365457332, 603.4342049011589, 137.47194112110813, 595.9431505294164, 3.0, 1.0, 0.0, 0.0, 0.0, 3.0, 1127.0, 1026.0, 1135.0, 4298.0, 930.0, 4550.0, 33782.466211090614, 3.3401542162343723, 49939.94839072706, 3.2425845651526957, 68390.76558796223, 3.417703913973223, 9012481.2, 11859959.850000001, 13758179.13, 7698702.0, 9692564.0, 7946507.0]
[316.78494623655916, 266.3763440860215, 340.5268817204301, 195.0, 213.13978494623655, 335.505376344086, 287.90543622117247, 239.7211656495981, 227.61798619415748, 125.74491086598952, 681.45491080861, 818.4293231770218, 1.0, 2.0, 0.0, 1.0, 0.0, 0.0, 1557.0, 1101.0, 1292.0, 541.0, 6615.0, 7726.0, 76205.4866955498, 3.1655503665339753, 46527.20932362915, 3.20952370454189, 45992.512439670834, 3.413425953259855, 15771534.270000001, 11053826.549999999, 14462114.729999997, 9137135.0, 8310780.0, 11536918.0]
[362.3225806451613, 99.19354838709677, 160.38709677419354, 137.16129032258064, 141.0, 503.48387096774195, 1008.7554122616548, 2165.1180671595102, 1313.2264451926924, 766.7859982947822, 2146.714567608514, 1947.6691231633733, -4050.0, -11239.0, -10336.0, -4050.0, -12150.0, -5845.0, 5850.0, 11250.0, 1140.0, 5850.0, 12153.0, 13052.0, 2310849.285363631, 3.095623221676478, 11376252.882484848, 3.7081053312868635, 4075003.1869423385, 3.591802022594996, 98418989.1, 401933719.34999996, 149778540.42, -95865047.0, 149955733.0, -70662806.0]
[224.13978494623655, 295.8279569892473, 313.5268817204301, 265.93548387096774, 262.8279569892473, 394.96774193548384, 248.18241850798978, 216.47791451042005, 219.12794512507037, 282.41596697269443, 794.4162284297319, 1346.793740475092, 1.0, 7.0, 6.0, 0.0, 0.0, 0.0, 1510.0, 946.0, 1485.0, 2009.0, 5770.0, 12582.0, 73605.35832183177, 3.1750576948083693, 38900.10073160317, 2.7894822764288327, 41540.59404316779, 3.301459248670708, 9615166.77, 11578672.98, 12610228.98, 6363102.0, 9854608.0, 6847230.0]
[329.67021276595744, 240.3404255319149, 393.77659574468083, 206.22340425531914, 197.9255319148936, 374.29787234042556, 252.87314122854752, 244.51486104720763, 306.0708384606877, 125.03807198749887, 648.7338410668995, 809.5887822465862, 6.0, 8.0, 20.0, 2.0, 0.0, 3.0, 1005.0, 1321.0, 1489.0, 467.0, 6348.0, 7172.0, 72435.67463073083, 3.2543532311461876, 53039.418879170415, 3.5093559009575417, 116348.2538953585, 3.27221007216508, 15193237.860000003, 10330609.399999999, 21890551.740000006, 9503530.0, 10908447.0, 13874534.0]
[297.3010752688172, 265.83870967741933, 305.26881720430106, 139.09677419354838, 351.5806451612903, 279.0967741935484, 278.10858783803496, 257.31089680716644, 247.83590029207994, 102.11109300936907, 1165.714161796374, 496.5699097967657, 5.0, 1.0, 20.0, 6.0, 4.0, 0.0, 1400.0, 1156.0, 1783.0, 358.0, 7157.0, 3989.0, 89075.16765574351, 2.8905719453048264, 71375.71000770778, 3.116992337441347, 52646.69331101372, 3.2918307839775234, 14262257.73, 11777100.569999998, 13315241.520000001, 9815448.0, 7629834.0, 9705629.0]
[299.01075268817203, 308.61290322580646, 360.0, 133.63440860215053, 117.49462365591398, 343.59139784946234, 399.68306723071095, 243.02536243820066, 295.38622469426434, 135.1571376089969, 97.93272132215743, 434.46571978043227, 2.0, 2.0, 5.0, 1.0, 0.0, 1.0, 2621.0, 1540.0, 1484.0, 644.0, 392.0, 2271.0, 71283.5366122998, 3.4886103618968747, 81110.5340323543, 3.5071284431992553, 73494.48175110342, 2.887392755019784, 21400763.82, 13290761.129999995, 18674472.539999995, 11518506.0, 13372088.0, 12536993.0]
[370.19354838709677, -102.44086021505376, 708.1827956989247, 131.3763440860215, 126.7741935483871, 331.494623655914, 926.9882422459694, 2318.469695174541, 2065.3468702577306, 1431.4055490866501, 2235.375788508171, 2145.6508317567905, -1349.0, -13045.0, -4942.0, -11239.0, -13050.0, -12150.0, 8554.0, 5854.0, 11250.0, 6752.0, 8550.0, 12152.0, 111555.23916252179, 3.3403742260960825, 436296.60055466025, 2.4905395866014435, 186414.417316672, 2.8421082899990644, 85375195.97999999, 460818453.09, 408346385.55, -118039739.0, -307918024.0, 78881002.0]
[251.5483870967742, 277.60215053763443, 342.23655913978496, 131.76344086021504, 279.2258064516129, 318.0, 251.5029827867478, 284.02736930983264, 316.6872822452109, 154.66839689066234, 832.6850248630248, 684.6224761009594, 1.0, 0.0, 4.0, 2.0, 3.0, 1.0, 1326.0, 1820.0, 1462.0, 812.0, 6040.0, 6439.0, 84680.63994626557, 3.1981294417652766, 56383.36599175491, 3.188307888058539, 81267.00779963598, 2.8856957427268632, 10884783.239999998, 13567432.409999996, 18711099.66, 9436627.0, 10061605.0, 8492660.0]
[260.03225806451616, 285.35483870967744, 362.8709677419355, 293.9462365591398, 273.16129032258067, 353.19354838709677, 308.81728985489787, 246.92410580023457, 259.1063331247572, 351.07026936867726, 977.2339879378561, 603.3996847224414, 2.0, 1.0, 2.0, 0.0, 1.0, 5.0, 1722.0, 1328.0, 1197.0, 2734.0, 7079.0, 5187.0, 76598.81902288963, 3.381503453703156, 73424.27679402994, 2.905461462100655, 82054.43710186948, 3.2303300635004977, 14007871.110000003, 12259377.180000002, 17132764.11, 7266666.0, 12035344.0, 9419836.0]
[277.6914893617021, 138.1595744680851, 395.59574468085106, 33.38297872340426, 138.88297872340425, 89.85106382978724, 766.8273982040989, 1548.2995410726694, 641.0095753423831, 1619.083871494299, 889.0655824036198, 1404.22915721281, -4046.0, -11248.0, -3147.0, -13041.0, -3148.0, -7650.0, 4961.0, 4954.0, 3164.0, 6752.0, 7258.0, 2108.0, 1358518.9960685337, 3.4744343661002883, 5869889.1364507945, 3.772550245838853, 881993.3275291708, 3.73986454151038, 58218746.78, 211252596.7, 49748276.12, -47743108.0, 15309902.0, 22510545.0]
[272.01075268817203, 307.18279569892474, 379.97849462365593, 383.8494623655914, 140.25806451612902, 255.96774193548387, 291.61870185985555, 297.18567414696497, 302.1007958229168, 1028.583924692379, 109.20701355341909, 374.69136434314044, 6.0, 4.0, 43.0, 4.0, 1.0, 2.0, 1811.0, 1342.0, 1398.0, 9726.0, 373.0, 2779.0, 50965.48398998187, 3.0136547267486073, 55504.07942517179, 3.057512524914678, 70691.59554695115, 3.1206742931147455, 13675530.03, 15717907.679999996, 20296366.5, 9478542.0, 14711601.0, 10888336.0]
[360.4583333333333, 220.625, 394.4479166666667, 163.63541666666666, 406.46875, 251.51041666666666, 366.34754613809486, 257.826716593672, 346.21888025964967, 114.5126166150922, 1303.4878470604206, 292.4499415479571, 3.0, 2.0, 1.0, 1.0, 2.0, 0.0, 1740.0, 1904.0, 2002.0, 442.0, 7310.0, 1227.0, 148203.2231918898, 3.0640455528870025, 97661.45605875549, 3.4492238787625173, 128640.646995673, 3.182424151676941, 24214368.0, 10548408.96, 25271014.08, 12027751.0, 9326580.0, 17774674.0]
[244.3548387096774, 331.18279569892474, 392.4516129032258, 111.96774193548387, 193.19354838709677, 360.0430107526882, 240.84645321292453, 320.2617457451815, 321.4000458635093, 116.59064877977649, 700.3080883822323, 569.7992574426025, 3.0, 6.0, 9.0, 1.0, 2.0, 2.0, 1436.0, 1649.0, 1706.0, 635.0, 6816.0, 3881.0, 87094.32129399103, 3.274688955361442, 176879.05728577805, 2.8933231457368453, 134976.52768128904, 3.145664504924071, 10127336.370000001, 18262082.639999997, 22159216.02, 9827136.0, 14427100.0, 10146773.0]
[343.61290322580646, 284.26881720430106, 385.76344086021504, 246.49462365591398, 143.98924731182797, 354.01075268817203, 375.55495262397056, 266.3318516676445, 327.2698128273242, 206.20081092784886, 111.58409722128049, 654.8805648596917, 4.0, 1.0, 3.0, 7.0, 2.0, 1.0, 2291.0, 1144.0, 1465.0, 1243.0, 391.0, 4684.0, 239684.0255532423, 2.958426280706847, 74915.1417664612, 3.3082785907053576, 132257.95605012125, 3.215235070506552, 22279372.020000003, 13058147.670000002, 22034822.939999994, 9355051.0, 9464450.0, 14801682.0]
[258.3157894736842, 119.51578947368421, 379.4315789473684, 598.0631578947368, 332.69473684210527, 303.62105263157895, 836.3433869639033, 1684.8235583052551, 1763.9056257178192, 2170.695705766351, 1434.592232625067, 1777.5508502104765, -4040.0, -9437.0, -7610.0, 4.0, -3150.0, -7646.0, 4064.0, 9457.0, 11252.0, 13051.0, 8552.0, 12150.0, 124391.37708144794, 3.4891093127747475, 172317.6176892307, 3.663369754316364, 193140.7905868092, 3.572109078611049, 68484810.30000001, 254778829.9, 290837862.09999996, -70954909.0, -181791877.0, 34790920.0]
[317.494623655914, 295.80645161290323, 387.8279569892473, 266.6666666666667, 170.91397849462365, 276.31182795698925, 247.5678924736086, 336.0803235403223, 349.38650031335715, 333.8369275602963, 516.5671524154934, 349.17221920268315, 15.0, 1.0, 10.0, 6.0, 0.0, 3.0, 1092.0, 2178.0, 1569.0, 2314.0, 4983.0, 2481.0, 64242.95073612455, 2.7336609393544378, 74576.13484659659, 2.8220069099368494, 102034.81207116369, 3.2011827196143257, 13962397.829999998, 17232001.62, 23453394.719999995, 9170399.0, 12820868.0, 12752310.0]
[348.39784946236557, 312.96774193548384, 406.26881720430106, 154.41935483870967, 118.02150537634408, 325.505376344086, 336.6488668635947, 262.14082887924553, 373.6176591285752, 110.45551166012942, 97.34228922530151, 443.7156018181778, 1.0, 11.0, 2.0, 2.0, 0.0, 7.0, 1991.0, 1193.0, 2201.0, 391.0, 351.0, 2221.0, 120648.99365841177, 3.4480876976850623, 105396.2035484748, 3.083733991401046, 141887.37168427077, 3.1195009786168266, 20194973.25, 14351088.54, 26218884.570000004, 13117002.0, 12864603.0, 16154201.0]
[262.9032258064516, 337.494623655914, 322.76344086021504, 113.7741935483871, 199.81720430107526, 303.1182795698925, 271.21205663353925, 270.68562800767825, 289.6508917363866, 103.51109256166684, 645.6676683570768, 452.4228459196678, 2.0, 1.0, 9.0, 1.0, 1.0, 8.0, 1567.0, 1106.0, 1511.0, 436.0, 6277.0, 3348.0, 58385.08127910136, 3.1533339123447575, 73853.90421692678, 2.7935145781673074, 53371.48864874655, 3.1973634411292045, 12271474.620000001, 16120479.570000006, 16188484.890000002, 9574648.0, 9847783.0, 9050547.0]
[275.51612903225805, 301.0537634408602, 303.78494623655916, 193.09677419354838, 127.26881720430107, 260.61290322580646, 245.84422484410845, 263.2868895492304, 235.52793840842108, 173.45811827017172, 95.37843842852561, 310.29715884651415, 9.0, 2.0, 11.0, 1.0, 1.0, 7.0, 1445.0, 1316.0, 1037.0, 917.0, 326.0, 2132.0, 86722.62516052685, 3.2890541478894266, 63749.360920773805, 3.145878546377566, 52788.583690207335, 3.3972292340035897, 11736574.890000002, 13769898.059999999, 12728059.980000002, 8418900.0, 8677492.0, 7590730.0]
[318.0860215053763, 311.5698924731183, 337.98924731182797, 149.95698924731184, 346.9569892473118, 297.73118279569894, 344.29861457480473, 353.5754454220812, 300.80965000361414, 95.84950998700975, 1082.5682417889263, 332.19746418766687, 5.0, 0.0, 1.0, 2.0, 4.0, 12.0, 2253.0, 2069.0, 1821.0, 368.0, 5894.0, 1932.0, 213530.39771820154, 3.493051153665536, 174759.82864839173, 3.3350126850547595, 146923.53925778795, 3.407371641713674, 18893361.06, 19092420.120000005, 17622355.169999998, 15141839.0, 13173436.0, 14465382.0]
[219.0215053763441, 346.9247311827957, 336.1182795698925, 132.3548387096774, 296.86021505376345, 278.10752688172045, 233.81793263017346, 314.45889468567725, 275.30409469081576, 198.56483144332233, 987.4732642654603, 385.91814468777187, 4.0, 4.0, 7.0, 0.0, 2.0, 9.0, 1075.0, 1802.0, 1330.0, 1285.0, 5953.0, 2915.0, 69242.59167006004, 3.162279070603666, 168754.5250105428, 3.321085126133947, 125788.91075879925, 3.3777015538519577, 8826597.449999997, 18870205.92, 16256043.810000002, 10254266.0, 11774050.0, 7496612.0]
[267.3510638297872, 219.32978723404256, 296.72340425531917, 256.79787234042556, 177.13829787234042, 281.6914893617021, 244.51227325647613, 195.08704361656368, 209.2385274796084, 237.47577487259278, 606.246970524546, 371.08912724155334, 2.0, 7.0, 7.0, 3.0, 0.0, 1.0, 1608.0, 1228.0, 1011.0, 1190.0, 5937.0, 2681.0, 61904.59357367494, 3.2658742503182427, 55349.9174793447, 3.291104241423269, 41641.876781166255, 3.0547953923056674, 11542185.739999998, 7577720.700000001, 11606950.799999999, 5454950.0, 7623410.0, 8070718.0]
[264.55913978494624, 204.752688172043, 298.505376344086, 149.90322580645162, 129.23655913978496, 274.06451612903226, 255.56235784457397, 214.5263567426166, 278.79787066649567, 91.69100573643702, 177.36797893996868, 316.9194043221473, 1.0, 0.0, 1.0, 5.0, 0.0, 3.0, 1497.0, 1209.0, 1580.0, 362.0, 1581.0, 1468.0, 99905.29678102945, 3.2943306554209535, 32636.36913128414, 3.254653415036232, 99749.46977353535, 3.2753170905933566, 11641673.039999997, 7563582.12, 14357160.51, 5713195.0, 7152592.0, 9247457.0]
[198.1290322580645, 320.8494623655914, 288.35483870967744, 113.29032258064517, 112.79569892473118, 285.48387096774195, 158.15678969373147, 294.1660262592242, 229.05142982200812, 152.49159496760592, 93.32954226588996, 344.64362857201866, 4.0, 1.0, 7.0, 2.0, 0.0, 0.0, 766.0, 1591.0, 1191.0, 983.0, 319.0, 1809.0, 20638.658294163597, 3.098197719291502, 49354.92499793534, 3.1630630165987963, 36990.733609622446, 3.297466372352209, 5535335.819999999, 16307478.39, 11680382.43, 6784671.0, 9622938.0, 5482243.0]
[282.76344086021504, 281.60215053763443, 319.5268817204301, 176.78494623655914, 103.23655913978494, 266.6774193548387, 220.99003508172737, 272.84436317626955, 284.1817617758751, 147.3963047043114, 92.9374962763617, 299.46409239965004, 2.0, 1.0, 3.0, 7.0, 0.0, 0.0, 1163.0, 1862.0, 1895.0, 666.0, 392.0, 1389.0, 38892.27313670059, 3.181262037493243, 91857.94959445424, 3.0664290947889796, 97377.94367850086, 3.2874589050357055, 11093781.21, 13228069.83, 15740170.020000001, 7374613.0, 8983320.0, 8326468.0]
