[607.6451612903226, 402.3225806451613, 316.83870967741933, 74.81720430107526, 33.913978494623656, 92.7741935483871, 452.27054343614736, 459.14147581182345, 277.1308076923784, 52.03175164316144, 25.34700733299028, 79.8893431746386, 31.0, 1.0, 6.0, 0.0, 0.0, 1.0, 1787.0, 2021.0, 1343.0, 220.0, 114.0, 321.0, 217363.04636418688, 2.8919958621947695, 389124.4076401494, 2.726971010616373, 90428.26208373324, 3.426047866350843, 49436113.23, 32036550.720000003, 15253586.579999998, 32946612.0, 13645741.0, 20459518.0]
[579.5913978494624, 419.10752688172045, 327.752688172043, 79.02150537634408, 45.82795698924731, 91.96774193548387, 549.7187272193239, 399.2894902297676, 252.77407234584774, 54.672538710156466, 38.83622906735466, 75.9664473436769, 6.0, 11.0, 5.0, 0.0, 2.0, 1.0, 2776.0, 1995.0, 1412.0, 243.0, 213.0, 274.0, 349856.8296199542, 3.1804719660138576, 209387.40086315444, 3.028190635309595, 55273.429678631386, 3.5373558430003422, 54909690.53999999, 28833075.51, 14757746.850000005, 37295486.0, 12565669.0, 20061466.0]
[508.86021505376345, 453.752688172043, 340.5698924731183, 68.20430107526882, 44.96774193548387, 89.09677419354838, 412.75141459209965, 402.71790363873004, 283.84113735961006, 52.89808888217635, 31.450945797938303, 73.00730525033676, 7.0, 1.0, 1.0, 4.0, 1.0, 1.0, 1738.0, 1775.0, 1281.0, 199.0, 136.0, 274.0, 145842.14667881114, 2.941915288545751, 134007.69495309598, 3.0601706234518, 104304.0442997823, 3.384819165464134, 36971930.519999996, 31683823.110000003, 16924998.39, 32341484.0, 16388095.0, 17442322.0]
[321.9569892473118, 658.8924731182796, 465.68817204301075, 98.47311827956989, -124.82795698924731, 212.13978494623655, 616.5343164393679, 1024.1478266934862, 1317.9371808155238, 690.8986522197621, 1276.776593644901, 968.6955997785826, -4014.0, 7.0, 7.0, -3145.0, -11250.0, 1.0, 1656.0, 6797.0, 10351.0, 5850.0, 166.0, 8551.0, 128319.96310741539, 3.1475353485809245, 325265.6966332822, 3.027624373992202, 120251.07057160501, 2.2447379756353603, 41487835.68, 127290774.93, 167370856.58999997, -15586347.0, 135649450.0, -41946461.0]
[329.76344086021504, 493.4516129032258, 323.6666666666667, 57.795698924731184, 33.75268817204301, 77.33333333333333, 289.80268391687315, 469.48307642159295, 228.80133462162686, 45.741608672065404, 24.29155154350658, 73.0112161325876, 0.0, 20.0, 2.0, 1.0, 0.0, 0.0, 1197.0, 1969.0, 975.0, 175.0, 115.0, 257.0, 61314.91834589526, 3.3314034444996614, 272892.878395198, 2.881867552085699, 45652.32415583674, 3.406916214502505, 16591069.8, 39918491.370000005, 13539772.350000003, 23780106.0, 15809576.0, 10044100.0]
[317.1182795698925, 519.6989247311828, 272.4516129032258, 65.9247311827957, 44.96774193548387, 81.02150537634408, 265.48179539087886, 514.4469124795102, 221.25307741063085, 48.94101075677068, 37.83673497177027, 64.21261871359116, 10.0, 1.0, 9.0, 2.0, 0.0, 0.0, 1369.0, 2039.0, 938.0, 197.0, 151.0, 224.0, 50538.419250497675, 3.263737196724708, 312317.1247197561, 2.9510943871404804, 45867.25275531104, 3.4303441723555355, 14728099.38, 46003757.58, 10608554.639999999, 21650595.0, 13789705.0, 9789133.0]
[260.03225806451616, 558.9354838709677, 264.03225806451616, 62.74193548387097, 50.623655913978496, 67.31182795698925, 260.9996439949639, 540.373820015037, 183.61085098730004, 49.77228651477483, 42.33533676094861, 58.99446888123305, 1.0, 3.0, 11.0, 0.0, 1.0, 0.0, 1299.0, 2471.0, 746.0, 200.0, 234.0, 204.0, 61700.82339213097, 3.287497701600172, 300939.4200148572, 2.9031912522742567, 27435.448347547936, 3.3990968616224464, 11676591.75, 52004094.33, 8913959.790000001, 20752955.0, 15196414.0, 6473339.0]
[142.32258064516128, 506.97849462365593, 226.16129032258064, 51.73118279569893, 35.41935483870968, 74.39784946236558, 123.27101296227814, 476.1091850135124, 161.53262494015289, 36.88470278682945, 24.278870121194917, 55.051781905557725, 1.0, 3.0, 3.0, 0.0, 0.0, 2.0, 645.0, 1902.0, 780.0, 130.0, 117.0, 195.0, 21286.85749964652, 3.3763034302136585, 161088.85509472628, 2.822875237253543, 33275.30676203076, 3.401090347612472, 3052064.7, 41625019.04999999, 6656369.909999999, 7694294.0, 11946947.0, 2963188.0]
[205.04301075268816, 554.6989247311828, 225.18279569892474, 54.32258064516129, 44.344086021505376, 71.26881720430107, 213.671981132931, 485.44508454358345, 166.28262649690075, 41.060973031716635, 40.70399366787317, 63.28303223801749, 11.0, 13.0, 8.0, 0.0, 0.0, 0.0, 1152.0, 2183.0, 888.0, 168.0, 223.0, 255.0, 85389.85730747743, 3.21328731929334, 202803.50427143174, 2.979958367343759, 40426.163637378275, 3.313390590363053, 7542570.629999997, 46774992.629999995, 6751400.099999998, 14202112.0, 11706596.0, 4519686.0]
[211.44086021505376, 501.01075268817203, 276.6989247311828, 59.01075268817204, 43.68817204301075, 76.63440860215054, 172.11342710711543, 465.1984965447232, 214.57535338766175, 46.70315477279505, 32.88186314362625, 69.33312542673903, 6.0, 1.0, 2.0, 0.0, 0.0, 3.0, 919.0, 2042.0, 944.0, 171.0, 128.0, 231.0, 42008.65178344475, 3.4297904412527287, 259759.24394131018, 3.131597669014922, 68910.1619742299, 3.2919068127796605, 6401275.5600000005, 40226017.26, 10561276.23, 12110301.0, 13372475.0, 4885949.0]
[248.8494623655914, 597.8817204301075, 287.26881720430106, 54.30107526881721, 43.956989247311824, 78.3763440860215, 219.9305693917257, 555.993428360099, 255.72914253786368, 45.05498692328427, 35.72780976825811, 63.320597991232475, 6.0, 3.0, 3.0, 1.0, 0.0, 2.0, 1008.0, 2251.0, 1552.0, 170.0, 135.0, 314.0, 36588.938524160374, 3.462147349090704, 289850.6422005478, 2.886867234358202, 47381.24150801822, 3.303382654594794, 9494475.089999998, 57365987.00999999, 12732847.620000001, 18189072.0, 18508876.0, 8422792.0]
[199.50537634408602, 499.9569892473118, 287.7096774193548, 57.634408602150536, 41.10752688172043, 67.78494623655914, 180.61444785821695, 434.1437828841083, 236.20806877233403, 45.22162452763264, 36.260669304115474, 54.4340145941307, 3.0, 1.0, 2.0, 1.0, 0.0, 0.0, 847.0, 1816.0, 1001.0, 173.0, 166.0, 188.0, 19507.056883429308, 3.2409769056238464, 160980.19394742107, 2.818310679076025, 52517.18367262801, 3.305755318913658, 6233611.4399999995, 37745199.48, 11933126.669999998, 11894232.0, 15999953.0, 6595467.0]
[215.96774193548387, 492.258064516129, 277.44086021505376, 52.31182795698925, 40.526881720430104, 72.80645161290323, 211.75834522916338, 447.613038995539, 216.40493757756002, 41.478642617151586, 36.01134827108081, 58.34981801404432, 2.0, 2.0, 4.0, 0.0, 0.0, 2.0, 1105.0, 2232.0, 1014.0, 154.0, 230.0, 201.0, 18010.84365382436, 3.2807858287757505, 129441.89289333315, 2.796002154083664, 45347.62882605302, 3.2985871480402364, 7870719.27, 38100665.940000005, 10664300.700000003, 14033490.0, 15848517.0, 5976272.0]
[260.6989247311828, 491.5376344086022, 280.741935483871, 64.26881720430107, 46.98924731182796, 73.03225806451613, 243.83872008332617, 380.1567056502685, 221.03904353253614, 46.20185856061803, 34.53809951206874, 62.51303370409406, 0.0, 24.0, 3.0, 0.0, 0.0, 0.0, 1128.0, 1579.0, 997.0, 177.0, 142.0, 221.0, 44794.53931124643, 3.0156569765166505, 123149.78763103209, 3.0369603621315178, 43563.96750012819, 3.426821744966543, 10965368.669999998, 33261839.670000006, 10997111.430000003, 16350515.0, 13806664.0, 6954292.0]
[318.6236559139785, 506.258064516129, 287.76344086021504, 64.56989247311827, 39.32258064516129, 76.63440860215054, 314.5816377756646, 408.6727696811006, 202.69238836491928, 46.439628375816746, 35.310474271353, 63.809973485518185, 2.0, 1.0, 3.0, 0.0, 0.0, 0.0, 1542.0, 1513.0, 903.0, 176.0, 171.0, 238.0, 99782.0231129692, 2.559020332006697, 143485.2102981358, 2.570954263945518, 34284.077171825105, 3.3105083079443487, 17247709.32, 36456816.54, 10677210.959999999, 22833689.0, 17236598.0, 10484940.0]
[314.98924731182797, 507.19354838709677, 310.21505376344084, 76.08602150537635, 39.473118279569896, 66.58064516129032, 344.8759857329833, 445.08260733174984, 232.96929492878806, 59.31944763477813, 31.504172048714256, 57.42524868501454, 9.0, 13.0, 6.0, 0.0, 0.0, 0.0, 2360.0, 1908.0, 1407.0, 268.0, 136.0, 213.0, 122607.89202245271, 2.760372679406172, 140883.22029960944, 3.010675061509807, 29654.085087553678, 3.283302892928374, 18757843.32, 39198455.60999999, 12966967.679999998, 21060827.0, 15583651.0, 10850073.0]
[425.5268817204301, 441.5268817204301, 296.3333333333333, 82.15053763440861, 49.763440860215056, 74.3763440860215, 423.87776620455327, 405.8711669493447, 198.28516648094688, 61.10005092087808, 36.3064845835341, 66.7348605170352, 1.0, 4.0, 11.0, 0.0, 0.0, 0.0, 1750.0, 1811.0, 874.0, 230.0, 152.0, 233.0, 220081.70854015584, 2.7237842337490763, 128659.0773156693, 3.287659526125488, 26554.913723501093, 3.531308280166438, 31033781.94, 30955297.380000003, 10958947.95, 25729612.0, 13595862.0, 12294465.0]
[425.258064516129, 436.21505376344084, 247.0215053763441, 82.01075268817205, 39.236559139784944, 82.73118279569893, 397.31322938462455, 368.00274247153806, 193.92591472533277, 57.04793838893131, 34.97806699405338, 70.45398433281397, 3.0, 8.0, 12.0, 0.0, 0.0, 1.0, 1731.0, 1888.0, 1008.0, 218.0, 139.0, 236.0, 233007.09619580646, 3.0685474821081673, 129636.14397043939, 3.4587614405121214, 44881.6666360897, 3.4687661805688514, 29147547.569999997, 28044676.380000003, 8495264.49, 26229736.0, 9645085.0, 9398601.0]
[372.23655913978496, 331.36559139784947, 219.49462365591398, 82.0, 42.064516129032256, 77.79569892473118, 333.57983849282823, 282.21726077871267, 163.30383949105382, 47.997282531772385, 36.175239685998086, 60.09169788924852, 8.0, 6.0, 1.0, 3.0, 0.0, 0.0, 1356.0, 1101.0, 675.0, 193.0, 158.0, 228.0, 168064.9250190778, 2.7930092496363668, 52891.872672936675, 3.1445236953932993, 16379.502937827408, 3.393755088603238, 21504791.76, 16311436.469999997, 6448632.090000002, 17605377.0, 7395216.0, 8436691.0]
[641.3118279569892, 413.51612903225805, 311.96774193548384, 92.70967741935483, 53.795698924731184, 82.10752688172043, 607.5423939134264, 385.9692095430508, 247.07433539114527, 65.33418784206143, 48.49463420335351, 64.49005018733533, 46.0, 3.0, 6.0, 1.0, 0.0, 0.0, 2587.0, 1874.0, 1284.0, 294.0, 196.0, 240.0, 520866.8159406276, 2.742067474918985, 167202.4048857587, 2.997897515725766, 35609.81334870728, 3.309575548656361, 67152541.61999999, 27535472.549999997, 13640614.109999998, 40914583.0, 14489734.0, 22144492.0]
[652.5268817204301, 350.06451612903226, 310.5806451612903, 89.94623655913979, 46.73118279569893, 79.41935483870968, 560.8959368607601, 292.89695496404363, 284.2372066097582, 53.744841125814894, 43.64160853273992, 66.17225915886458, 8.0, 1.0, 0.0, 2.0, 1.0, 0.0, 2406.0, 1278.0, 1153.0, 230.0, 166.0, 293.0, 312586.44144128106, 2.782717834406512, 84131.45475916556, 3.2935296460814993, 88959.97162631385, 3.318421270158782, 63744232.05, 17939006.22, 15255314.52, 27727908.0, 13340489.0, 24252437.0]
[703.6236559139785, 342.4516129032258, 309.6559139784946, 91.54838709677419, 52.60215053763441, 88.78494623655914, 703.0200676518925, 313.96214518871653, 254.14851420857707, 59.24956725746065, 44.98650517098246, 67.95200503526218, 12.0, 9.0, 3.0, 0.0, 0.0, 1.0, 3111.0, 1691.0, 1036.0, 234.0, 235.0, 272.0, 326807.1004136415, 3.006642440376925, 116248.49348924632, 3.05714793027914, 80691.9040999007, 3.424573826109307, 85106945.85, 18576790.92, 13819693.98, 32050543.0, 11451300.0, 23981554.0]
[670.7659574468086, 532.8617021276596, 237.12765957446808, 91.23404255319149, 26.819148936170212, 27.47872340425532, 979.3964503717002, 1586.4934797575443, 1657.3080143701527, 1718.2760078807917, 1084.7967448761503, 1172.14536997748, 1.0, 6.0, -10343.0, -13049.0, -6749.0, -10349.0, 7672.0, 12163.0, 11276.0, 7654.0, 7654.0, 3153.0, 454916.12299732317, 3.3686540484092746, 942725.8087964554, 3.378988166359665, 865846.1359159733, 3.694951150071014, 123610332.75999998, 245121858.9, 245082319.68000004, 98487292.0, -120939245.0, 76582954.0]
[706.8494623655914, 231.10752688172042, 295.0430107526882, 82.49462365591398, 43.645161290322584, 71.59139784946237, 665.8978728694807, 205.10084806629362, 197.5496588080695, 62.120434160958304, 44.182340846052355, 62.67466663846063, 5.0, 9.0, 8.0, 1.0, 0.0, 0.0, 3047.0, 1270.0, 974.0, 233.0, 239.0, 232.0, 366641.6203185684, 3.109262220937632, 36866.890760355556, 3.3312220684265856, 44737.35885316041, 3.43755054192903, 81152544.92999996, 8218688.069999999, 10868040.450000001, 21001207.0, 6893259.0, 20559641.0]
[679.5376344086021, 229.6021505376344, 265.4623655913978, 85.74193548387096, 52.666666666666664, 79.66666666666667, 669.8725959194841, 204.2070102587156, 192.67648934552724, 61.0902581050663, 47.91735034168852, 61.17869999708504, 8.0, 4.0, 4.0, 0.0, 1.0, 0.0, 3091.0, 1306.0, 871.0, 239.0, 183.0, 271.0, 377656.8590410069, 3.0875981701328317, 49188.60399173164, 3.4655089223996, 35352.81390257624, 3.4346374939462763, 78331886.55000001, 8127401.13, 9271322.519999998, 20939296.0, 6425881.0, 20263002.0]
[640.3870967741935, 175.13978494623655, 285.97849462365593, 85.50537634408602, 47.526881720430104, 79.6236559139785, 587.5910481207973, 151.8758497129817, 201.53584094315764, 61.164358699561014, 37.28899808541547, 65.53540595979474, 2.0, 2.0, 7.0, 1.0, 2.0, 0.0, 2942.0, 704.0, 909.0, 220.0, 169.0, 213.0, 229698.4365719904, 3.2023582367029944, 22615.086330700495, 3.3107598222127668, 41706.78672695589, 3.406016636520306, 65009894.15999999, 4626539.820000001, 10548636.600000001, 13970267.0, 5121881.0, 19157562.0]
[658.5913978494624, 222.46236559139786, 293.3333333333333, 96.51612903225806, 58.344086021505376, 80.0, 637.5423299937772, 187.75391845270005, 235.66600045003509, 56.22617619223773, 48.132176398559885, 65.27700174274044, 0.0, 3.0, 1.0, 2.0, 0.0, 0.0, 3133.0, 885.0, 1193.0, 213.0, 223.0, 247.0, 445304.5541389093, 3.2963587339303615, 39549.010173536466, 3.3912545040723208, 77956.05634381955, 3.5227955546960312, 72291136.64999999, 7296468.45, 12193854.96, 18682587.0, 6517259.0, 18207464.0]
[689.5913978494624, 288.505376344086, 312.3440860215054, 79.3010752688172, 51.784946236559136, 84.87096774193549, 604.052784127476, 280.65144031171764, 243.45205289139793, 55.82324296700227, 35.893516873241694, 71.12866874567213, 3.0, 2.0, 5.0, 0.0, 0.0, 1.0, 2725.0, 1444.0, 1028.0, 198.0, 152.0, 269.0, 271500.31185658934, 3.2195598059902353, 40848.58658314729, 3.1489796109799535, 65780.44902468302, 3.555912677285816, 72348247.02000001, 13938178.769999994, 13508910.299999999, 28691536.0, 8747893.0, 23026624.0]
[635.505376344086, 312.03225806451616, 294.9139784946237, 89.80645161290323, 51.02150537634409, 87.6989247311828, 565.0393334453328, 298.29943562791516, 213.29667315909703, 59.2236472425236, 43.33388534909304, 69.9173090695493, 4.0, 2.0, 7.0, 0.0, 1.0, 0.0, 2977.0, 1406.0, 966.0, 210.0, 173.0, 254.0, 250629.81902067762, 3.110141365128334, 85677.66765274073, 3.1175782508749217, 44928.931317245384, 3.432641853213384, 62247158.04000001, 16034370.869999995, 11414995.77, 27581830.0, 9940562.0, 19131382.0]
[612.4193548387096, 372.2795698924731, 330.1290322580645, 80.23655913978494, 54.483870967741936, 82.45161290322581, 543.6317951994282, 367.314560300172, 263.30125025737493, 58.565533314225156, 44.43940987535867, 66.28340275714515, 53.0, 8.0, 1.0, 0.0, 1.0, 0.0, 2506.0, 1688.0, 1154.0, 201.0, 192.0, 244.0, 278529.65998593124, 2.924713177439544, 222564.62328140152, 2.933616464496524, 60930.09610598274, 3.473841196548928, 57724740.09, 23530582.86, 15357793.079999996, 33177421.0, 12995149.0, 21239815.0]
[502.2340425531915, 378.6489361702128, 172.35106382978722, -18.04255319148936, 109.26595744680851, -8.340425531914894, 408.49204531631676, 439.57899475892236, 1394.072287256163, 890.1059851705423, 600.4178325694141, 987.4148669244721, 0.0, -2210.0, -12996.0, -8539.0, 1.0, -9448.0, 1695.0, 1497.0, 1326.0, 220.0, 5854.0, 288.0, 177649.96619963134, 3.0578635837361965, 346223.2369599919, 3.5573276413423978, 4150024.812047837, 3.845223026367325, 36875244.95999999, 29560756.220000006, 172520033.94, 26314472.0, 41090992.0, 13016448.0]
[181.7157894736842, 300.14736842105265, 430.69473684210527, 361.5578947368421, 289.09473684210525, 491.7157894736842, 163.42241722042903, 306.0260720509218, 404.21092223349876, 958.476136683259, 1010.8219435527451, 931.8868717657293, 2.0, 0.0, 7.0, 0.0, 6.0, 1.0, 874.0, 1581.0, 1994.0, 9339.0, 7596.0, 8739.0, 25264.955344461177, 3.4988209800041705, 90451.40304202138, 3.2587417724965846, 128901.69259163878, 3.3020518251021924, 5365036.649999999, 16493601.7, 31331602.299999993, 5841224.0, 16516852.0, 8316555.0]
[279.8817204301075, 207.81720430107526, 413.494623655914, 167.8494623655914, 219.11827956989248, 387.26881720430106, 209.18225096491116, 163.55533209686715, 373.42281734551113, 115.6672463349405, 689.9796129543683, 489.6013271637878, 1.0, 2.0, 5.0, 0.0, 1.0, 1.0, 1086.0, 693.0, 2291.0, 403.0, 6437.0, 2862.0, 60229.27638122542, 3.3635385141493215, 29396.22566849384, 3.485371256210392, 235909.19963112104, 3.208001154879987, 10518955.649999999, 6024088.949999999, 26718750.270000003, 6061936.0, 8019988.0, 12782705.0]
[263.22340425531917, 162.43617021276594, 384.6595744680851, 148.4787234042553, 283.0744680851064, 395.21276595744683, 199.90095150872318, 129.06050581614463, 302.39945643375404, 91.7455256561467, 961.9989408189651, 584.9153026149404, 5.0, 11.0, 1.0, 3.0, 0.0, 4.0, 938.0, 611.0, 1619.0, 471.0, 7347.0, 4859.0, 38840.558338846735, 3.3084140023701925, 11897.88348987405, 3.397988968020544, 92047.1006888172, 3.2803525137672223, 9615497.819999998, 3787544.8200000008, 21068169.240000002, 3878566.0, 5557963.0, 9433665.0]
[284.4731182795699, 269.60215053763443, 501.247311827957, 173.31182795698925, 375.73118279569894, 389.4301075268817, 232.4307560000093, 230.30089673903393, 339.9086723861975, 147.05477968479636, 1312.8729378218177, 418.93699323534946, 2.0, 5.0, 1.0, 1.0, 1.0, 2.0, 1148.0, 1190.0, 1558.0, 762.0, 7864.0, 2020.0, 70680.90748090004, 3.3528651198424004, 44016.2441694813, 3.4032050666347406, 91837.21056155402, 3.3083546368859196, 11621497.62, 10824527.61, 31615937.75999999, 7526248.0, 13219135.0, 14971041.0]
[208.16129032258064, 269.51612903225805, 425.7956989247312, 410.7096774193548, 202.3978494623656, 422.26881720430106, 162.90403218663684, 218.6678348995008, 303.85031208674565, 588.1262726853145, 536.3323949020905, 631.0971492048236, 2.0, 3.0, 6.0, 2.0, 0.0, 2.0, 893.0, 1005.0, 1335.0, 4470.0, 4432.0, 5452.0, 18172.442515542494, 3.47067283221107, 47947.07961878867, 3.2936293884027674, 97122.7318886332, 3.357323832341673, 6018276.450000002, 10373646.87, 23580136.05, 4830768.0, 10679766.0, 8401957.0]
[243.80645161290323, 370.97849462365593, 456.4516129032258, 210.32258064516128, 349.63440860215053, 323.494623655914, 222.31637552706164, 251.46903078815748, 437.14395490176105, 229.31704658428134, 1407.9451399340985, 336.15506979523843, 1.0, 33.0, 21.0, 1.0, 3.0, 0.0, 1074.0, 1054.0, 2129.0, 1132.0, 9662.0, 1868.0, 45215.29319434743, 3.2020228700795137, 65091.313571122875, 3.376090504825268, 180977.3357247443, 3.381991610535404, 9369869.04, 17313719.79, 34370099.28, 9433297.0, 16163698.0, 10285969.0]
[286.40860215053766, 243.38709677419354, 551.9569892473119, 75.60215053763442, 264.9139784946237, 464.6236559139785, 286.28752788211165, 511.95707259449307, 995.544792017203, 910.1543364079968, 1408.4200495584155, 633.9062287323098, 1.0, -4045.0, 0.0, -8538.0, -4948.0, 0.0, 1309.0, 1313.0, 9469.0, 397.0, 9352.0, 4052.0, 86469.51485357815, 3.4683629328756886, 412698.2506442164, 3.7354097176950565, 1683470.4696836625, 3.780231338015294, 14107309.499999998, 27548712.029999997, 111149065.32, 10383270.0, -25761141.0, 13113315.0]
[347.6989247311828, 189.76344086021504, 494.3763440860215, 163.8709677419355, 229.8709677419355, 181.5268817204301, 249.66215367390407, 162.0549690590432, 445.5510245990593, 125.37970380499074, 962.2974346504947, 1376.9661878280426, 11.0, 0.0, 3.0, 0.0, 0.0, -11876.0, 1204.0, 891.0, 2307.0, 427.0, 9341.0, 4798.0, 71468.20815215354, 3.5214223944026926, 26101.357704130776, 3.480287062829209, 214458.0940636401, 3.408397914542584, 15789225.66, 5361479.76, 38123849.91, 6074390.0, 10333306.0, 15711395.0]
[350.4, 353.7263157894737, 578.3263157894737, 265.9263157894737, 368.3578947368421, 396.2105263157895, 301.7335516150181, 295.0625048136759, 524.3683422391794, 285.29172237081025, 963.5408648356781, 497.46533921249744, 0.0, 2.0, 14.0, 0.0, 1.0, 1.0, 1593.0, 1430.0, 2737.0, 1694.0, 6614.0, 2860.0, 93743.1497271416, 3.545351334940117, 99599.45304577638, 3.147885224864365, 237268.91328689278, 3.450460884086432, 19211061.499999993, 19066914.2, 54739255.550000004, 13437089.0, 23554361.0, 23460532.0]
[292.06451612903226, 414.0537634408602, 528.7956989247311, 546.247311827957, 178.8709677419355, 395.4731182795699, 216.11821475513835, 343.12829916340263, 504.7639043272949, 541.7405855989438, 252.71285586121564, 669.3486059855028, 4.0, 1.0, 6.0, 6.0, 0.0, 2.0, 1129.0, 1656.0, 2612.0, 2603.0, 2320.0, 4608.0, 47629.76689356604, 3.391407582554527, 130118.9899624209, 3.529580341490269, 257520.40362959355, 3.421366119995282, 11374000.440000001, 24901470.75, 45984298.26, 12404487.0, 25012931.0, 16378748.0]
[187.25531914893617, 482.93617021276594, 601.0106382978723, 298.1595744680851, 284.5531914893617, 169.4255319148936, 646.5785374406804, 382.0983887399267, 440.1450517184946, 1607.3517878675805, 1162.1598137193153, 1560.6719981446213, -5655.0, 4.0, 12.0, -13485.0, -4305.0, -11894.0, 1029.0, 1795.0, 2324.0, 4638.0, 7629.0, 2163.0, 221219.19060464393, 3.660929828987278, 173076.2288665257, 3.4419127069338176, 184082.7059123263, 3.413048501165366, 39645441.879999995, 33371216.359999996, 48852522.86000001, 7717877.0, 31697085.0, 5222532.0]
[118.66666666666667, 232.66666666666666, 642.5268817204301, 83.0752688172043, 61.97849462365591, 233.21505376344086, 1302.0572879713936, 1137.977050786149, 1336.6364875361573, 889.9916369484841, 426.4495734115894, 1334.4580063233484, -12141.0, -10331.0, 6.0, -8295.0, -3915.0, -11875.0, 1015.0, 1125.0, 12915.0, 720.0, 354.0, 2371.0, 3578222.684591422, 3.8114502357025923, 2685042.0217310577, 3.799417308819022, 3671763.9749382967, 3.780406648052166, 146272351.14000002, 115481526.11999999, 188567848.10999995, 134712064.0, -115917852.0, -143273134.0]
[361.40860215053766, 287.03225806451616, 482.5376344086022, 190.32258064516128, 92.89247311827957, 349.7096774193548, 317.0792740185886, 209.75552289007604, 391.90933288031175, 115.2372940548934, 84.48777405322843, 297.31956825308214, 3.0, 2.0, 2.0, 1.0, 2.0, 1.0, 1612.0, 1155.0, 2088.0, 432.0, 367.0, 1391.0, 102699.3984182529, 3.250582348341874, 31276.47936283999, 3.564993657462481, 93350.98867207314, 3.169461611060939, 19899132.810000002, 10890112.140000002, 33279964.44, 10054195.0, 15477103.0, 17650275.0]
[320.35483870967744, 200.8494623655914, 438.2795698924731, 183.247311827957, 100.58064516129032, 365.13978494623655, 218.22817362654132, 185.61085672874142, 285.04520486618316, 100.94495442674153, 74.92696771445907, 303.04310180587703, 6.0, 4.0, 9.0, 3.0, 1.0, 1.0, 989.0, 964.0, 1426.0, 412.0, 300.0, 1513.0, 53094.467277067415, 3.4760878039419034, 35372.584834244044, 3.4844345881538885, 84979.04747828368, 3.3734744682050355, 12950898.209999997, 6436711.350000001, 23565591.779999997, 5961303.0, 9825326.0, 12822016.0]
[265.3010752688172, 247.65591397849462, 419.40860215053766, 262.73118279569894, 219.81720430107526, 424.55913978494624, 187.14065768747525, 190.06649263416577, 309.2159522770291, 264.89272397088644, 771.3819606822628, 663.716208709415, 2.0, 6.0, 6.0, 0.0, 2.0, 10.0, 915.0, 909.0, 1558.0, 1308.0, 7535.0, 4213.0, 26803.473549521463, 3.442518166813897, 38158.68677221733, 3.2801284075562602, 106551.10368550684, 3.3206571408190024, 9084019.59, 8395608.479999999, 23394677.31, 6004719.0, 11619915.0, 9586339.0]
[175.18279569892474, 316.3763440860215, 441.3225806451613, 210.79569892473117, 557.4301075268817, 304.2258064516129, 142.25764640842448, 213.34860806846126, 322.19198844688066, 168.57868496573917, 1846.664121656702, 1632.250700913048, 0.0, 3.0, 7.0, 2.0, 3.0, -11869.0, 695.0, 971.0, 1844.0, 949.0, 9646.0, 9736.0, 13165.838267477378, 3.399814783387351, 50630.055265248986, 3.401396207173108, 109609.05920282083, 3.377309740291711, 4385790.720000001, 12551617.59, 25727063.369999997, 5479948.0, 14302772.0, 7966322.0]
[141.81720430107526, 319.0, 462.3763440860215, 197.4731182795699, 274.4301075268817, 274.0752688172043, 1123.6595390512177, 281.0985050924629, 346.65491279477044, 131.7025297203355, 893.7563304470177, 1231.7981133688718, -10399.0, 18.0, 25.0, 4.0, 0.0, -9606.0, 1163.0, 1449.0, 1376.0, 731.0, 7503.0, 4429.0, 104304.5341458833, 3.3525206490389254, 95354.2488939659, 3.3993329135052157, 96820.76010500884, 3.34767274547945, 109768473.81, 15561949.469999999, 28772573.43, 8406165.0, 14407109.0, 3908836.0]
[279.0430107526882, 195.67741935483872, 429.247311827957, 177.41935483870967, 304.0752688172043, 477.0, 208.38436027741653, 147.4536154989177, 328.60735972843815, 92.81881867153473, 871.7303037831679, 495.97948765439185, 2.0, 0.0, 6.0, 3.0, 0.0, 14.0, 1004.0, 905.0, 1482.0, 382.0, 6524.0, 2598.0, 41833.02296431243, 3.475440814127345, 23337.46484912472, 3.4417415930240933, 111235.32102124167, 3.364030550116042, 10449905.010000002, 5171966.220000001, 25175072.099999998, 5437762.0, 7254082.0, 11827125.0]
[248.32978723404256, 322.9148936170213, 419.6595744680851, 228.72340425531914, 384.0851063829787, 316.4574468085106, 246.96468722792875, 802.4659663111097, 580.5879214014328, 313.3289660272846, 1505.0128042864344, 1027.6445628874415, -1339.0, 3.0, -4045.0, -1342.0, -447.0, -6728.0, 701.0, 7652.0, 1970.0, 1446.0, 12153.0, 5910.0, 33951.02766419329, 3.484432533620937, 253927.52342281715, 3.6151044486833492, 211129.27004445146, 3.4868567939131765, 10780838.38, 65507904.40000001, 45029184.72, 8201539.0, 2987892.0, 17395122.0]
[171.5, 318.06382978723406, 418.67021276595744, 280.1170212765957, 367.25531914893617, 432.59574468085106, 123.0877604564871, 233.18278438965567, 322.05353820253464, 1248.0265700264988, 1216.3726078829468, 997.8219109656808, 2.0, 2.0, 4.0, -9129.0, 0.0, 1.0, 614.0, 1037.0, 1412.0, 6577.0, 7566.0, 8750.0, 15371.55481281047, 3.1383615920087102, 59472.43920954308, 3.1404912942728007, 113269.62320176013, 3.3742773208963985, 3923331.5799999996, 13692297.559999999, 24555229.9, 5936968.0, 14595708.0, 7952075.0]
[249.79569892473117, 253.34408602150538, 470.35483870967744, 179.67741935483872, 176.01075268817203, 379.6559139784946, 195.14507196374305, 168.15498122033114, 369.8252714682297, 106.31425538287755, 379.57093896821175, 441.8708126822977, 2.0, 4.0, 20.0, 3.0, 0.0, 2.0, 867.0, 849.0, 1837.0, 365.0, 3585.0, 2537.0, 41850.26883791651, 3.380033711449579, 33261.27759411382, 3.33543542560489, 195101.9189874262, 3.2932067190195218, 8655055.229999999, 7970510.13, 30836604.269999996, 6302579.0, 11962482.0, 11951961.0]
[268.9569892473118, 199.86021505376345, 435.4731182795699, 171.46236559139786, 103.76344086021506, 397.1720430107527, 219.16104431983024, 186.72710798508874, 360.0174993149593, 89.83336737729, 86.90579580530593, 437.79123532986625, 2.0, 2.0, 7.0, 2.0, 0.0, 5.0, 1037.0, 864.0, 1778.0, 405.0, 351.0, 3532.0, 41901.76119376041, 3.4521844241196926, 44689.984171282274, 3.4799441675963716, 137400.49121883544, 3.331525632914482, 10366082.250000002, 6437987.3100000005, 27491344.05, 5258341.0, 10174498.0, 11893861.0]
[314.8279569892473, 216.10752688172042, 441.8494623655914, 188.66666666666666, 309.0860215053763, 270.4516129032258, 212.19764288204001, 163.02796921718084, 365.7326163433014, 148.9063999364332, 1301.3488207968817, 1360.35707042169, 1.0, 13.0, 6.0, 1.0, 1.0, -11908.0, 1020.0, 723.0, 2406.0, 720.0, 9125.0, 2609.0, 26459.803709738673, 3.501614819334641, 26666.45206542699, 3.3427327766278654, 86590.1345237012, 3.4854724171942495, 12425180.370000001, 6313319.88, 28330059.9, 6417838.0, 9530216.0, 14068220.0]
[128.4516129032258, 200.74193548387098, 426.6236559139785, 473.64516129032256, 602.9032258064516, 353.1505376344086, 501.1502967332739, 955.144957166482, 342.522735328509, 833.3463923707952, 1786.3144111033666, 343.25734883157526, -4425.0, -8745.0, -190.0, 3.0, 0.0, 7.0, 801.0, 1051.0, 1732.0, 6544.0, 9597.0, 2016.0, 438579.7211163092, 3.7899441194238173, 1617395.3606966345, 3.8173715578427183, 123248.87915312388, 3.3569352643602706, 22915601.759999998, 81541865.24999999, 25779905.040000003, 43632946.0, 14148740.0, 8261837.0]
[196.79569892473117, 371.01075268817203, 485.2903225806452, 211.0752688172043, 340.1505376344086, 346.3333333333333, 149.46495584175554, 281.357327139879, 384.8030998656315, 254.234709965586, 1117.085074669168, 681.7411904268641, 2.0, 30.0, 24.0, 1.0, 0.0, 0.0, 743.0, 1365.0, 2142.0, 1651.0, 7432.0, 5863.0, 23743.99909339746, 3.3573818841314327, 65197.95149861878, 3.207367108052097, 150797.01202100678, 3.5673546693166154, 5261023.019999999, 18678356.22, 33038136.540000003, 6995158.0, 19461199.0, 9349336.0]
[260.76344086021504, 116.6236559139785, 346.76344086021504, 203.65591397849462, 315.7204301075269, 339.13978494623655, 292.16241752511354, 1212.9460355211559, 1290.2474181153202, 333.8623608166688, 1253.2627796691966, 930.8054902516219, -1339.0, -11246.0, -11224.0, 0.0, 0.0, -5836.0, 1445.0, 1415.0, 2194.0, 3151.0, 10355.0, 5179.0, 87845.2697188501, 3.6748302468358585, 3174126.445332495, 3.827449408001566, 3371555.911980316, 3.817407414327062, 13184415.629999997, 127055487.71999998, 152834997.50999996, 22328252.0, 136848062.0, 28556020.0]
[292.0752688172043, 167.05376344086022, 424.64516129032256, 167.16129032258064, 465.741935483871, 443.5698924731183, 198.12810066475876, 123.00471585086534, 313.7791263169078, 101.46977385907896, 1494.0148557496211, 653.7947324100754, 2.0, 2.0, 4.0, 2.0, 0.0, 7.0, 794.0, 616.0, 1638.0, 418.0, 8935.0, 4440.0, 35353.40760100985, 3.3352891356821597, 13999.451922950555, 3.3454644363246944, 118438.95424751934, 3.0348050343177144, 10736921.610000003, 3708209.460000001, 24020190.66, 4670862.0, 6977627.0, 11001886.0]
[249.03225806451613, 269.752688172043, 474.9569892473118, 153.20430107526883, 286.7741935483871, 307.4623655913978, 222.90319850694905, 223.3103054493211, 328.35220730643914, 143.6791079741804, 1112.6314688223342, 328.6044456796501, 5.0, 14.0, 7.0, 1.0, 2.0, 0.0, 1752.0, 962.0, 1387.0, 692.0, 8230.0, 1574.0, 79723.03479782013, 3.6153391970801985, 55538.429046501304, 3.3186578426375326, 90287.7773899054, 3.3292846857115403, 9614976.119999997, 10560238.35, 28735438.529999997, 6625392.0, 13387633.0, 10926617.0]
[187.6021505376344, 278.01075268817203, 460.2258064516129, 218.09677419354838, 141.95698924731184, 337.39784946236557, 150.06738629731487, 208.72534973561164, 333.1284231093318, 252.04412417860354, 359.5500483387564, 341.09217611082863, 0.0, 0.0, 14.0, 1.0, 0.0, 3.0, 686.0, 972.0, 1649.0, 1089.0, 3445.0, 1726.0, 21233.51905574333, 3.428168671880771, 45495.483345777466, 3.432454142266344, 100788.31715684211, 3.1221633447718067, 4970808.15, 10412340.45, 27814238.189999994, 4989446.0, 12681007.0, 7840970.0]
[299.3085106382979, 444.8191489361702, 514.4468085106383, 213.31914893617022, 196.7872340425532, 321.82978723404256, 232.42647243393026, 413.9830385275648, 488.8171726965392, 230.07021895691062, 966.7799882298609, 373.0624393038102, 3.0, 8.0, 11.0, 3.0, 0.0, 3.0, 1029.0, 2231.0, 2713.0, 1232.0, 9415.0, 1894.0, 43935.080288547324, 3.2810786648631893, 75501.08155863624, 3.15020995108935, 179601.21527169246, 3.3688237158253456, 12638391.179999998, 32465480.299999997, 44273291.239999995, 14981232.0, 30079462.0, 16894180.0]
[292.0967741935484, 281.5806451612903, 502.3763440860215, 180.01075268817203, 458.26881720430106, 634.8494623655914, 219.135657037218, 223.55863556204184, 411.032737350014, 123.98478997035288, 1331.9430979145775, 1699.3116825595603, 5.0, 1.0, 1.0, 2.0, 2.0, 1.0, 1012.0, 1145.0, 2169.0, 422.0, 8243.0, 13149.0, 46512.56721887051, 3.3675522051009645, 45581.435302797545, 3.395400822596065, 181080.09829951794, 3.3168302379686776, 11488000.769999998, 11133747.030000003, 36283701.690000005, 8837058.0, 13393331.0, 15419609.0]
[316.5376344086022, 199.49462365591398, 442.2903225806452, 164.67741935483872, 195.58064516129033, 380.44086021505376, 225.93725365684014, 185.1837878888638, 333.5639427861901, 96.13104295364136, 846.7657178497876, 441.62376920823306, 12.0, 0.0, 4.0, 0.0, 0.0, 2.0, 1033.0, 1162.0, 2000.0, 418.0, 8233.0, 2666.0, 51854.88010819843, 3.435308770195653, 35637.05482580296, 3.489570594147472, 89823.48778658271, 3.166719353956793, 13033594.740000002, 6376250.1899999995, 26439062.070000004, 5311480.0, 9576362.0, 12356409.0]
[344.3763440860215, 224.95698924731184, 400.59139784946234, 119.94623655913979, 77.60215053763442, 260.0860215053763, 269.2602149359585, 173.2017492869348, 340.70394634584653, 85.6588742060493, 80.55137973947816, 226.38854902261454, 21.0, 10.0, 8.0, 3.0, 0.0, 8.0, 1682.0, 708.0, 1845.0, 337.0, 349.0, 935.0, 61321.5096141895, 3.2925790147103813, 36914.04643469512, 3.2640036155830288, 136399.03940665067, 3.433175776309168, 16460478.269999998, 6943583.670000002, 23811084.810000002, 8126899.0, 9763609.0, 12559986.0]
[192.1720430107527, 160.04301075268816, 488.5698924731183, 166.81720430107526, 194.10752688172042, 303.4516129032258, 183.72277223033112, 790.5435927531199, 1713.0644636075397, 1443.7329780380817, 1391.1869616357606, 1251.9725003589251, -447.0, -4950.0, -10349.0, -8550.0, -3145.0, -9450.0, 855.0, 1160.0, 12168.0, 8551.0, 13051.0, 6763.0, 39582.254659719125, 3.5476584718543136, 1485421.296774253, 3.5070068912451644, 7401867.496978917, 3.4482178043149254, 6082080.96, 55686841.32, 271728717.80999994, 4174358.0, -69421478.0, 18508331.0]
[294.55913978494624, 328.2795698924731, 412.73118279569894, 85.01075268817205, 64.81720430107526, 271.2043010752688, 467.66604729289077, 227.75150291068084, 282.9610566147616, 101.91476560508954, 58.84965114531435, 195.34003569805412, 0.0, 8.0, 5.0, 1.0, 0.0, 1.0, 4182.0, 1236.0, 1558.0, 745.0, 211.0, 841.0, 55528.18516787647, 3.507274203182905, 58359.79991601802, 3.2974965039682327, 97421.28586292443, 3.174907264681389, 26217271.020000003, 13758870.120000001, 21583843.619999997, 9499952.0, 12914654.0, 11589351.0]
[389.06451612903226, 171.6451612903226, 214.34408602150538, 252.752688172043, 279.7956989247312, 577.5483870967741, 1273.587024445485, 2183.4926332009086, 2212.6630939378065, 2518.0069959494363, 1497.1217788980512, 1175.3606802218205, -4043.0, -9438.0, -13049.0, -12145.0, -4050.0, 1.0, 6773.0, 13069.0, 7665.0, 13054.0, 11251.0, 6779.0, 372664.690466957, 3.4488940101995507, 917696.2055694627, 3.585533203457509, 977962.90883428, 3.5153914278261094, 151872460.52999997, 410467458.86999995, 422864962.43999994, -85359937.0, -305322413.0, -64331085.0]
[280.97849462365593, 205.11827956989248, 421.752688172043, 147.66666666666666, 167.40860215053763, 356.76344086021504, 209.01003608598737, 152.954372953844, 304.37679223341564, 91.60315322716474, 853.1005373821542, 291.2088895355936, 5.0, 8.0, 11.0, 3.0, 0.0, 3.0, 1065.0, 731.0, 2017.0, 453.0, 8279.0, 1527.0, 43191.0380021072, 3.395917497742833, 27649.92593532743, 3.49313891003923, 81323.09549873899, 3.2538677236590994, 10565996.910000002, 5640617.4, 23311163.309999995, 5569837.0, 8837525.0, 11211538.0]
[265.8709677419355, 234.9247311827957, 341.10752688172045, 95.97849462365592, 165.49462365591398, 312.68817204301075, 222.10422669893418, 200.2956638788692, 244.2748123824259, 74.72369080334848, 879.330743825097, 261.21164076591657, 1.0, 1.0, 2.0, 4.0, 1.0, 7.0, 1271.0, 1090.0, 1249.0, 328.0, 8529.0, 1520.0, 25262.609334970242, 3.4717657180238226, 20793.9325410466, 3.2642030940549054, 37463.88795297022, 3.331617169836977, 10334450.16, 8205877.319999998, 15168868.229999999, 5781216.0, 7608072.0, 8956922.0]
[208.55913978494624, 259.01075268817203, 367.1290322580645, 81.63440860215054, 69.04301075268818, 304.9247311827957, 213.05482364291325, 202.79559716855056, 325.66491266886356, 68.7702199429749, 68.69559728606349, 251.9759407320615, 5.0, 1.0, 8.0, 1.0, 0.0, 0.0, 1485.0, 1201.0, 2387.0, 326.0, 384.0, 1055.0, 28827.389376660147, 3.3648284061659908, 34976.71021295068, 3.228884042925891, 78633.24089654772, 3.230232957865206, 7645818.299999999, 9321062.640000002, 20731735.77, 5839381.0, 11446673.0, 10215278.0]
[193.80645161290323, 290.4731182795699, 340.81720430107526, 142.5268817204301, 71.3763440860215, 290.7096774193548, 163.07921908402278, 202.41614427997246, 259.1978825328062, 157.1836084632188, 70.6416113944328, 228.75863398508238, 1.0, 2.0, 8.0, 1.0, 0.0, 1.0, 839.0, 1128.0, 1402.0, 671.0, 253.0, 1200.0, 27286.348474000566, 3.3824191493738125, 39863.96965466331, 3.318664880125464, 84206.1954962428, 3.47596201640164, 5524099.56, 10803151.559999997, 15794588.04, 5286340.0, 9703388.0, 7249439.0]
[297.6989247311828, 257.258064516129, 402.0860215053763, 140.13978494623655, 76.23655913978494, 295.98924731182797, 261.9721104035046, 202.5701651508846, 346.55405049021346, 100.78977167285524, 79.40791739211859, 326.8248265882311, 2.0, 4.0, 4.0, 0.0, 0.0, 5.0, 1762.0, 1020.0, 1832.0, 361.0, 373.0, 2109.0, 133293.96375534014, 3.468685944887402, 61353.15561247453, 3.4079384232221526, 197854.13799813378, 3.2218706076752666, 13537076.28, 9234982.769999998, 24258843.539999995, 7872112.0, 11389757.0, 14218777.0]
[301.9569892473118, 208.23655913978496, 375.60215053763443, 112.74193548387096, 55.59139784946237, 124.73118279569893, 222.1131671007653, 150.70402881500968, 266.9144603159591, 69.71493246971313, 53.078128747023925, 1269.373074804568, 1.0, 8.0, 8.0, 1.0, 1.0, -11861.0, 1107.0, 603.0, 1467.0, 300.0, 266.0, 699.0, 60968.94959475184, 3.4096790558091863, 23993.418111560964, 3.4018850732580947, 71331.45411012093, 3.2186081004685243, 12107026.440000003, 5693632.9799999995, 18297326.85, 6101648.0, 7832462.0, 10997678.0]
[246.09677419354838, 191.752688172043, 221.2258064516129, 130.3548387096774, -13.043010752688172, 246.69892473118279, 435.1147790729958, 943.3634512824425, 1322.4334792922007, 125.55534421133993, 803.6835970809183, 418.77595402881514, 2.0, -8549.0, -12140.0, 2.0, -7650.0, -3150.0, 4058.0, 1052.0, 1287.0, 468.0, 308.0, 943.0, 30793.805148066418, 3.2822907097703995, 36079.35319246696, 3.5106528452391657, 87676.93798574708, 3.278191285575764, 21436783.650000002, 79322963.36999999, 153862815.83999994, -29589703.0, 113573941.0, -41235861.0]
[295.9569892473118, 203.3978494623656, 360.51612903225805, 162.88172043010752, 78.02150537634408, 322.247311827957, 191.55859099017508, 142.33649198939344, 226.2823655881233, 91.25368955761468, 81.94815148916916, 258.1828495934943, 4.0, 5.0, 5.0, 4.0, 0.0, 1.0, 991.0, 634.0, 1044.0, 371.0, 349.0, 1174.0, 39104.90872946882, 3.2129777742248335, 15692.31870712085, 3.3693450119267627, 54200.00938612839, 3.1803825347355947, 10715303.76, 5311568.5200000005, 15622257.179999998, 5587491.0, 7364360.0, 10370299.0]
[313.2340425531915, 319.3191489361702, 388.32978723404256, 114.13829787234043, 83.8936170212766, 266.32978723404256, 249.23333738296716, 225.10767854785271, 370.0885795827651, 112.71417854193604, 87.65247459658805, 205.2356310791827, 18.0, 2.0, 8.0, 0.0, 0.0, 3.0, 1649.0, 930.0, 1802.0, 575.0, 373.0, 1077.0, 99082.31115956708, 3.6000507472767156, 58463.049195928055, 3.414876312979162, 144686.00772351865, 3.2838739872807228, 14099781.919999996, 13439477.040000001, 25298219.060000002, 10771402.0, 13426209.0, 14329401.0]
[272.3010752688172, 330.55913978494624, 446.59139784946234, 161.247311827957, 92.47311827956989, 297.02150537634407, 220.04924275707396, 252.0831670201407, 341.3307473047711, 121.24791848629981, 88.34143143875869, 273.0490471347363, 0.0, 10.0, 3.0, 2.0, 0.0, 0.0, 1139.0, 1519.0, 1313.0, 547.0, 369.0, 1470.0, 30304.25661870929, 3.229130365588604, 77124.22983582049, 3.257560439264108, 106639.73291580015, 3.117854662190042, 10556007.780000001, 14887694.82, 27218212.35, 7493887.0, 13699066.0, 11661995.0]
[263.5698924731183, 243.03225806451613, 386.76344086021504, 136.01075268817203, 73.2258064516129, 280.4731182795699, 194.47020548869276, 185.8967953282788, 250.8251772021034, 103.67691188030246, 72.88035594939119, 218.95922746314577, 11.0, 3.0, 3.0, 1.0, 2.0, 0.0, 1160.0, 877.0, 1319.0, 375.0, 329.0, 1125.0, 45693.476292165185, 3.4951376354710124, 43958.131128970126, 3.384029775519181, 58508.24104454189, 3.3784034337130975, 9244146.059999999, 8065253.88, 18320548.95, 6025406.0, 9572224.0, 9164838.0]
[292.9139784946237, 316.0752688172043, 418.55913978494624, 83.47311827956989, 80.05376344086021, 157.19354838709677, 215.3644865921178, 251.36567147238685, 322.39468999718724, 70.39401398060119, 75.1792590487386, 1280.8382806827221, 8.0, 3.0, 2.0, 0.0, 1.0, -11869.0, 947.0, 1302.0, 1462.0, 387.0, 368.0, 1075.0, 42747.31076409243, 3.3223580896060443, 68167.04716705784, 3.419784640036593, 94275.9755717874, 3.6145902605400364, 11389152.93, 14046743.250000002, 24045298.799999997, 9249414.0, 13121171.0, 13145401.0]
[284.86021505376345, 297.83870967741933, 467.494623655914, 159.18279569892474, 84.29032258064517, 327.86021505376345, 253.3804748404818, 306.6861194716478, 355.4007726636384, 100.2202949850065, 81.68252176476514, 246.09867194833834, 2.0, 1.0, 4.0, 0.0, 1.0, 1.0, 1105.0, 2041.0, 1975.0, 449.0, 430.0, 1316.0, 49490.34813931627, 3.0339673769478446, 63893.76362732873, 3.2290108279670062, 91398.28651491416, 3.291556344498395, 12511355.099999998, 15719809.530000001, 29709554.009999998, 8824143.0, 16474265.0, 15031082.0]
[346.3010752688172, 280.68817204301075, 389.39784946236557, 133.86021505376345, 69.3763440860215, 229.36559139784947, 281.0823716862092, 233.77767115892786, 344.53024539991395, 98.28757621939654, 50.44000180552324, 169.70984092717453, 2.0, 2.0, 1.0, 3.0, 0.0, 0.0, 1568.0, 1080.0, 1747.0, 422.0, 210.0, 684.0, 100880.65756434193, 3.542532521293485, 69739.2460753862, 3.439234758042803, 110986.17067645304, 3.3596130463909772, 17132128.92, 11490213.239999998, 23270603.22, 10677820.0, 11865542.0, 14033566.0]
[325.03225806451616, 359.4301075268817, 262.93548387096774, 183.33333333333334, 190.20430107526883, 171.06451612903226, 566.8084649197015, 347.4446592733827, 1337.2714173340105, 882.6380213947243, 1068.2639264259738, 375.94893867130213, -4042.0, 6.0, -12138.0, 5.0, 0.0, -3134.0, 1476.0, 2267.0, 1536.0, 8556.0, 10353.0, 543.0, 458057.4506020042, 3.6906086855190647, 119137.67133456448, 3.5776687705618677, 3157094.590443175, 3.805752160991289, 36625338.12, 21502257.51, 158985998.90999997, 4448876.0, -12894273.0, 63509500.0]
[359.26881720430106, 306.5698924731183, 431.89247311827955, 145.38709677419354, 76.64516129032258, 127.6236559139785, 283.2766024111165, 285.81445021770537, 360.3344298783752, 105.0537163072203, 69.25749765741743, 1278.7207424846138, 1.0, 6.0, 2.0, 0.0, 2.0, -11889.0, 1356.0, 1425.0, 1696.0, 378.0, 330.0, 1075.0, 77886.04153031122, 3.229413571981973, 59287.45336076841, 3.5045422868683676, 148503.42599265126, 3.2245589232551226, 18029433.839999996, 15118159.049999999, 27242263.08, 12846079.0, 14885616.0, 15236686.0]
[286.23655913978496, 230.2258064516129, 443.9462365591398, 162.1505376344086, 100.12903225806451, 320.06451612903226, 252.76507385702013, 199.84347837376967, 340.0114245392415, 219.8792626319667, 92.27301478038957, 411.9042682799111, 10.0, 0.0, 5.0, 1.0, 1.0, 0.0, 1343.0, 966.0, 1665.0, 1044.0, 411.0, 2759.0, 50634.02459567832, 3.420570132891565, 30629.000463739125, 3.517567251998778, 109385.50499002391, 3.395651787451198, 12552688.020000001, 8001354.509999999, 26937564.389999997, 6105440.0, 10731654.0, 13539832.0]
[239.10752688172042, 304.10752688172045, 594.2258064516129, 69.26881720430107, 196.2688172043011, 232.74193548387098, 226.16026745024206, 396.05487823427325, 1265.4187580559376, 1107.3803119130826, 881.909343410832, 1241.85435419241, -445.0, -2236.0, 12.0, -10348.0, 0.0, -11248.0, 1066.0, 1562.0, 12161.0, 1294.0, 8550.0, 2004.0, 74051.99596742545, 3.4599956936836755, 337687.3153124865, 3.591706646039074, 3947851.6953297732, 3.777668545938209, 9321104.49, 21419611.2, 167545904.90999997, 9879856.0, -9160029.0, 6335914.0]
