[183.3548387096774, 269.494623655914, 406.59139784946234, 209.94623655913978, 172.19354838709677, 492.16129032258067, 197.93777267447567, 294.7630449838854, 369.01538310574125, 301.36134476994914, 504.089951817274, 654.9529735910115, 1.0, 3.0, 8.0, 1.0, 2.0, 0.0, 914.0, 1735.0, 1784.0, 1683.0, 4799.0, 3041.0, 32370.542865852498, 3.0590517122616347, 59920.651414758024, 3.4816067816117964, 99047.62127648752, 3.4148552034567987, 6259893.24, 13715441.91, 25949136.21, 6663310.0, 14600816.0, 9101729.0]
[246.4731182795699, 391.0860215053763, 432.55913978494624, 232.6021505376344, 324.7204301075269, 389.505376344086, 293.4466321155403, 290.92583306739203, 331.17444051651376, 267.61726969462035, 983.4327673754008, 773.3600407883588, 6.0, 10.0, 9.0, 1.0, 1.0, 0.0, 2190.0, 1193.0, 1900.0, 1354.0, 6281.0, 6539.0, 135137.02770447903, 3.6675186196115988, 60416.0703906361, 3.1830041536260967, 85618.8640283558, 3.218249451898569, 12621831.659999998, 20470110.03, 25566842.04, 12848762.0, 18710701.0, 11899237.0]
[212.11827956989248, 235.6451612903226, 332.752688172043, 158.8279569892473, 167.0, 379.55913978494624, 173.99255665378615, 185.48928512129928, 268.6799719042672, 150.87639799113956, 765.0654419295009, 520.6051967863854, 4.0, 4.0, 10.0, 2.0, 2.0, 5.0, 932.0, 1091.0, 1209.0, 604.0, 7421.0, 4525.0, 25606.332299315145, 3.4041147997163934, 21581.97915114864, 3.5702724995668578, 57696.90639415665, 3.5046642856416934, 6481738.2299999995, 7746473.13, 15753033.779999997, 5057962.0, 8542498.0, 8007150.0]
[293.2043010752688, 215.79569892473117, 390.31182795698925, 153.04301075268816, 267.9462365591398, 392.9462365591398, 252.57687418408676, 177.18582478019738, 339.4203171679693, 90.3016579820941, 1083.193972407843, 558.4373649357059, 5.0, 5.0, 13.0, 2.0, 1.0, 7.0, 1171.0, 734.0, 1611.0, 326.0, 7603.0, 3814.0, 91660.25861764581, 3.095824253644, 26118.632255287062, 3.550878383785238, 150801.8168448072, 3.0534331544415156, 12893745.060000002, 6713788.11, 23033212.349999998, 6981626.0, 9353708.0, 12842157.0]
[258.80645161290323, 197.33333333333334, 338.752688172043, 147.0, 181.0752688172043, 204.98924731182797, 203.73534933000684, 170.81641132166308, 221.8331558663137, 80.8933812523298, 773.2526759053368, 1312.9449845640215, 1.0, 1.0, 12.0, 10.0, 0.0, -11867.0, 1136.0, 677.0, 910.0, 356.0, 7520.0, 1955.0, 29647.09184142564, 3.5830651166816616, 33576.43093349004, 3.1393870359978644, 37537.978909336554, 3.3651122464818553, 9344600.010000004, 5864449.799999999, 14135423.399999997, 4840197.0, 7651872.0, 8585367.0]
[219.247311827957, 258.23655913978496, 291.0537634408602, 148.68817204301075, 106.55913978494624, 252.04301075268816, 191.2364036607217, 244.51533240133662, 249.47524777417684, 238.4816089206071, 92.4599163874942, 287.51729301407454, 3.0, 2.0, 4.0, 2.0, 0.0, 0.0, 1083.0, 1334.0, 1473.0, 1865.0, 309.0, 2039.0, 19938.003371574116, 3.337699033669871, 35961.900533018765, 3.1930577055230085, 33948.27325264603, 3.351263468847624, 7286566.739999998, 10883122.259999998, 12651840.899999999, 5963569.0, 10036299.0, 6800509.0]
[140.40860215053763, 227.33333333333334, 291.4623655913978, 308.02150537634407, 233.63440860215053, 384.83870967741933, 1301.1660927009912, 1185.279927800339, 1349.5536827373694, 650.710247052748, 797.211605002715, 526.53397615965, -12015.0, -10725.0, -11866.0, 0.0, 3.0, 1.0, 1111.0, 1589.0, 2411.0, 4605.0, 7452.0, 2585.0, 3641692.2512661503, 3.8243199162626014, 3006183.0606674124, 3.8118817341070157, 3772980.0766910366, 3.79839761120313, 146561034.29999998, 124672102.32, 163177364.75999996, 140473364.0, 146370681.0, 157541264.0]
[251.7311827956989, 222.18279569892474, 348.8494623655914, 126.90322580645162, 47.16129032258065, 32.365591397849464, 221.4880573767857, 226.84393918346822, 388.74083090645144, 550.4258245749796, 500.8508258849348, 1567.0983417501989, 4.0, 0.0, -1341.0, -4050.0, -4049.0, -11244.0, 1103.0, 1292.0, 1757.0, 3158.0, 307.0, 2935.0, 80098.57332417232, 3.1747912095058104, 68708.68553803086, 3.5375122019548866, 129560.16516865247, 3.3319282835345225, 9678062.669999998, 8672356.950000001, 23455261.23, 7182517.0, 8970475.0, 9662634.0]
[337.4731182795699, 212.86021505376345, 419.36559139784947, 142.61290322580646, 118.26881720430107, 122.18279569892474, 351.17419780544964, 213.97046684662337, 433.7398234602778, 104.42701135847119, 86.18384542776113, 1326.7567840597694, 16.0, 0.0, 9.0, 4.0, 1.0, -12117.0, 1922.0, 1107.0, 2469.0, 386.0, 532.0, 1829.0, 214105.12314964205, 3.398356790052626, 50437.67925772483, 3.334183306983467, 230990.20861970718, 3.2048512909746547, 20401725.27, 7836040.500000001, 31307202.87, 8405283.0, 10135908.0, 18980040.0]
[313.031914893617, 226.09574468085106, 355.90425531914894, 136.38297872340425, 122.26595744680851, 260.9468085106383, 251.95269449007662, 221.28530064776746, 366.1020502052581, 81.48079876495989, 95.09804510862483, 401.3152132252763, 4.0, 4.0, 1.0, 0.0, 1.0, 1.0, 1150.0, 1144.0, 2086.0, 336.0, 375.0, 2607.0, 73965.35939911862, 3.4541983307729267, 52230.03426894523, 3.4144681655228375, 140780.88440363132, 3.467613952858361, 14207741.86, 8797611.34, 22909335.02, 8356908.0, 10829946.0, 14380656.0]
[221.7872340425532, 253.24468085106383, 352.5744680851064, 206.13829787234042, 231.70212765957447, 300.1170212765957, 190.89708268950574, 247.23593216641902, 342.25223325651046, 389.05180021262527, 893.9499255874404, 860.3598129062921, 2.0, 1.0, 1.0, 1.0, 1.0, 0.0, 1238.0, 1504.0, 1661.0, 3245.0, 7761.0, 8280.0, 27962.37946047447, 3.427615747950524, 34077.553376078155, 3.296552551225593, 78536.26734960235, 2.957566037561971, 7532124.120000001, 11010380.739999998, 21224002.44, 7047639.0, 10629014.0, 7838817.0]
[195.11702127659575, 228.6595744680851, 363.8404255319149, 170.86170212765958, 145.37234042553192, 337.13829787234044, 194.30492920564944, 199.52829067155264, 370.3410025006012, 126.80571889886791, 353.2916485060762, 342.40027513127797, 0.0, 18.0, 7.0, 0.0, 1.0, 0.0, 1160.0, 1022.0, 2137.0, 551.0, 3421.0, 2253.0, 36710.2581626218, 3.414098743342792, 42209.726148512615, 3.3842499824010384, 164383.10142419513, 3.2425886990896426, 6664412.94, 8100245.08, 23686951.900000006, 5295496.0, 9526604.0, 9315890.0]
[264.10752688172045, 172.36559139784947, 392.9139784946237, 137.68817204301075, 170.19354838709677, 307.98924731182797, 235.78916809420303, 137.92757905527313, 344.3593817862626, 91.0434653117404, 658.7185560198535, 257.62989525014603, 6.0, 1.0, 6.0, 0.0, 0.0, 0.0, 1229.0, 648.0, 1592.0, 332.0, 6402.0, 995.0, 43770.05167710911, 3.382121291649938, 17103.306097697783, 3.338993889756286, 144807.5188464186, 3.331731482839881, 10789757.700000003, 4197303.899999999, 23498441.13, 4968574.0, 6275670.0, 11254196.0]
[241.65591397849462, 249.30107526881721, 374.13978494623655, 149.247311827957, 120.75268817204301, 247.3763440860215, 185.60228017150567, 194.6487798544631, 329.01511764519836, 125.4263733373677, 80.74498987203053, 327.16499340940493, 3.0, 3.0, 3.0, 2.0, 0.0, 0.0, 913.0, 926.0, 1615.0, 526.0, 297.0, 1863.0, 36176.71712910223, 3.52022193400349, 37086.94737531504, 3.285098244273277, 124029.03180074887, 3.0940221355063575, 7998195.299999999, 8617152.149999999, 21368871.330000006, 6474209.0, 10561473.0, 9891587.0]
[204.08602150537635, 169.55913978494624, 226.76344086021504, 318.78494623655916, 136.20430107526883, 275.9462365591398, 265.9285477715191, 1028.8262461825293, 1216.3790652539328, 620.8523217505874, 1561.795013543431, 309.6694017535825, 0.0, -9437.0, -10327.0, -446.0, -11244.0, -1346.0, 2262.0, 972.0, 2431.0, 4958.0, 7654.0, 1312.0, 30095.73734727602, 3.3286094788856135, 57608.22334918782, 3.426027800224274, 214619.00884741434, 3.506835014761537, 9653035.440000001, 93050457.14999998, 131040155.49000001, 1573737.0, 105330283.0, -4975113.0]
[261.0744680851064, 212.0744680851064, 370.43617021276594, 133.88297872340425, 97.26595744680851, 317.48936170212767, 234.2819383839476, 182.35568690176063, 376.8432992983094, 97.54919976005698, 74.62035461767108, 286.3738719039599, 4.0, 3.0, 7.0, 2.0, 2.0, 5.0, 1083.0, 816.0, 1932.0, 389.0, 319.0, 1387.0, 40938.923780895435, 3.3234233667191866, 42597.169783126235, 3.3185487300625978, 145189.6810844582, 3.3364298824510623, 10820918.1, 6881071.66, 24539610.860000003, 5973496.0, 8878988.0, 11649297.0]
[252.58064516129033, 175.41935483870967, 358.13978494623655, 112.12903225806451, 133.61290322580646, 296.21505376344084, 224.29679108467778, 186.71754549380574, 332.86106879198803, 73.63884044360952, 329.51951292285327, 416.07636343068515, 1.0, 5.0, 1.0, 3.0, 2.0, 1.0, 1155.0, 1088.0, 2017.0, 296.0, 3174.0, 2752.0, 27118.82878390479, 3.338422174963451, 24568.393193159452, 3.250549434887428, 64228.953533820095, 2.9017232723189212, 9822243.36, 5644382.040000001, 20573310.269999996, 6012428.0, 7128898.0, 11454499.0]
[213.68817204301075, 199.23655913978496, 286.9462365591398, 113.34408602150538, 141.6021505376344, 325.31182795698925, 171.22886911805597, 171.23238708851719, 272.7020338244416, 83.48216349768009, 451.95748500959075, 392.0475231423571, 1.0, 6.0, 1.0, 3.0, 1.0, 0.0, 687.0, 1283.0, 1539.0, 373.0, 4392.0, 2393.0, 24274.550411782213, 3.268045036178254, 20137.029821250362, 3.369315671274676, 39998.48251785987, 3.3404380530518702, 6457922.79, 5941902.990000001, 13484215.079999996, 4276370.0, 5849848.0, 5771087.0]
[178.49462365591398, 262.40860215053766, 301.2043010752688, 396.98924731182797, 166.96774193548387, 355.01075268817203, 126.8826592167392, 244.24614440280007, 392.76111666496257, 1363.3394461891348, 789.1212290678143, 549.3965364205975, 2.0, 3.0, -2250.0, 5.0, 1.0, 0.0, 517.0, 1102.0, 1528.0, 13061.0, 7661.0, 4950.0, 11427.511978457866, 3.407084223227978, 34404.401504914626, 3.327846050837835, 56256.693448548554, 3.2195499266436465, 4133048.3400000003, 11059734.840000002, 21045317.820000004, 4647033.0, 9970439.0, 5384473.0]
[106.06382978723404, 78.7872340425532, 165.85106382978722, 300.6063829787234, 25.914893617021278, 282.4255319148936, 1108.179702912152, 1489.1708227030624, 1591.2388219032962, 1310.479172136658, 943.058814795181, 506.58461041878763, -9585.0, -10725.0, -12143.0, 0.0, -8542.0, -2207.0, 1235.0, 1254.0, 2733.0, 12151.0, 2886.0, 2565.0, 2582666.122506533, 3.7077429562374045, 4600180.547259452, 3.481506813499787, 5053122.533098601, 3.5574888969500615, 108351211.24, 194413680.16, 223781504.2, 142738941.0, 193639373.0, 127843935.0]
[264.81720430107526, 155.05376344086022, 336.16129032258067, 124.91397849462365, 145.40860215053763, 270.2043010752688, 218.87225509100244, 106.58089044715592, 368.39024943200906, 98.673226172794, 341.85880115216963, 422.5968003114476, 8.0, 3.0, 3.0, 4.0, 0.0, 1.0, 867.0, 522.0, 1834.0, 367.0, 3207.0, 2588.0, 61710.31503240517, 3.15070692574659, 13800.48503956155, 3.365508887785781, 272512.8793292709, 3.288542092040957, 10164141.120000001, 3051281.64, 21385217.010000005, 3834468.0, 5128612.0, 9533874.0]
