[287.9146341463415, 255.1341463414634, 223.79268292682926, 146.26829268292684, 182.9512195121951, 278.1463414634146, 186.4238633336271, 176.69026831831476, 201.69312576990941, 182.80699184162756, 552.7767147379844, 387.20968007589187, 12.0, 1.0, 0.0, 0.0, 5.0, 0.0, 725.0, 886.0, 916.0, 686.0, 5079.0, 2040.0, 31137.487830970276, 3.349310016771234, 38558.60675254451, 3.246123554434041, 55442.5382413397, 3.1916434109296694, 15764399.959999999, 12900956.68, 12139130.759999998, 6221018.0, 5157914.0, 6043228.0]
[283.16, 284.22, 261.38, 149.98, 184.06, 291.56, 244.01692480612226, 235.16145474103186, 199.94385844684564, 240.6266046328686, 285.7182435440158, 468.7160560771199, 3.0, 17.0, 11.0, 0.0, 0.0, 7.0, 1069.0, 1130.0, 780.0, 1181.0, 2075.0, 2237.0, 77236.34657535578, 2.622937086327783, 49630.59358381781, 2.641774048028994, 38908.97270948988, 2.948285190290766, 6926648.0, 6748795.0, 5374875.0, 4698316.0, 4142846.0, 3942629.0]
[373.74, 237.36, 259.58, 154.28, 146.58, 342.28, 275.41277444325385, 237.1779457689599, 192.23222457034956, 177.8383857005327, 304.2564767978973, 423.9166283069137, 61.0, 6.0, 2.0, 3.0, 0.0, 9.0, 1075.0, 1013.0, 1142.0, 858.0, 2197.0, 1818.0, 53883.85937594859, 2.8154880136298472, 84571.84315689042, 2.8357922868900034, 41568.518338897324, 2.8467072433222183, 10700836.999999996, 5573404.0, 5179796.999999999, 4874508.0, 3966673.0, 4539200.0]
[342.2, 243.32, 336.86, 143.98, 242.3, 327.66, 296.81162857466154, 239.38095673837464, 308.9502311151789, 142.6607922053325, 678.6643921282869, 585.4794166723018, 11.0, 5.0, 21.0, 4.0, 4.0, 0.0, 1459.0, 1103.0, 1167.0, 652.0, 4010.0, 4002.0, 81934.41758334596, 2.534099554313692, 62782.04060244455, 2.798299176449364, 106331.71656966387, 2.5698653978479067, 10171802.000000002, 5768090.0, 10350795.0, 4904013.0, 4887463.0, 6689000.0]
[302.48, 231.44, 223.84, 135.14, 226.46, 378.16, 208.65421449012192, 186.68440683437393, 218.3189353927423, 81.11443415676047, 618.9338169755456, 831.962650260558, 21.0, 6.0, 3.0, 0.0, 1.0, 0.0, 957.0, 729.0, 1133.0, 307.0, 4480.0, 4410.0, 43431.11997392503, 2.995787620782001, 51183.06113523315, 2.9079009166286345, 75039.02049314212, 2.8791704658959207, 6707999.999999998, 4385926.0, 4840711.999999999, 3013404.0, 3565980.0, 3488834.0]
[284.72549019607845, 192.0, 219.33333333333334, 140.45098039215685, 223.2156862745098, 383.54901960784315, 206.8996934199152, 141.48795001695373, 213.29853882918812, 90.99193672529236, 771.891736287557, 471.4618675450005, 32.0, 10.0, 1.0, 4.0, 8.0, 1.0, 788.0, 583.0, 1046.0, 318.0, 5605.0, 2180.0, 45736.10083056145, 2.8399398255688606, 26715.26385526351, 2.861953524890186, 54489.95176091669, 2.9815065222003145, 6400370.46, 2938626.12, 4822841.52, 3151340.0, 2524732.0, 3232886.0]
[252.72549019607843, 369.62745098039215, 304.7647058823529, 134.80392156862746, 169.31372549019608, 447.0980392156863, 225.25248752734097, 228.59168495676425, 222.9532317088312, 69.57528860388382, 542.6952916765016, 603.7589007178927, 2.0, 7.0, 2.0, 0.0, 6.0, 6.0, 966.0, 927.0, 989.0, 291.0, 3930.0, 4274.0, 66250.71604989308, 2.806872049801293, 69441.33298128212, 2.921350064168312, 58782.87607085377, 3.0324811238635134, 5910199.26, 9772166.100000001, 7366812.300000002, 5132993.0, 5602141.0, 3889094.0]
[256.8, 458.2, 357.34, 159.44, 1093.04, 632.4, 227.9501377628942, 341.3580919485804, 268.10442756812625, 127.17417912742624, 2605.4960666770135, 1651.9604803297893, 2.0, 2.0, 26.0, 0.0, 8.0, 5.0, 860.0, 1475.0, 1249.0, 553.0, 8907.0, 11589.0, 36264.65854941197, 2.40094222284864, 99906.86637164862, 2.5653726554157954, 30579.705160737627, 2.7751424444137043, 5843413.999999999, 16207104.000000002, 9906713.0, 6151725.0, 7807344.0, 4841423.0]
[253.76, 337.74, 295.74, 302.44, 131.32, 360.56, 180.63149543437086, 278.90586591324376, 229.4720480065634, 219.8139435884775, 244.47398258969258, 909.9498564341278, 29.0, 12.0, 17.0, 3.0, 5.0, 0.0, 858.0, 1097.0, 1024.0, 949.0, 1742.0, 6485.0, 34654.30129538735, 2.7505312401852446, 67046.19813546822, 2.826502676354216, 45284.662551646165, 2.834831056159096, 4818465.999999999, 9515050.999999998, 6953321.0, 4941933.0, 4986106.0, 5020942.0]
[304.18, 266.36, 260.54, 214.6, 431.38, 372.86, 262.3707993023054, 225.24216084118922, 169.69362668873427, 379.327385389089, 1442.2604832805528, 456.586358150328, 20.0, 1.0, 8.0, 0.0, 1.0, 3.0, 1168.0, 1019.0, 685.0, 2358.0, 7795.0, 2471.0, 35814.583489957724, 2.7824180269636023, 51753.713946670636, 3.0844541373397143, 25177.069461014187, 2.7098450720669356, 7999357.000000002, 6033350.0, 4805055.0, 4223283.0, 3759424.0, 3973811.0]
[342.1372549019608, 190.13725490196077, 268.3529411764706, 166.01960784313727, 390.80392156862746, 342.1372549019608, 247.08662607335455, 177.99640666124057, 175.02512088605016, 136.3587166551634, 1455.3027728910276, 248.9868285357957, 10.0, 12.0, 13.0, 0.0, 6.0, 2.0, 914.0, 960.0, 668.0, 599.0, 8007.0, 1222.0, 44984.168122722214, 2.953164023124476, 48375.81577541155, 2.9594073520830517, 35190.494294040494, 2.8190460275468636, 9202993.860000001, 3496454.940000001, 5308455.36, 3578949.0, 3320275.0, 4577266.0]
[300.88, 235.26, 350.62, 135.66, 269.56, 360.72, 277.3663046203982, 186.38776893391707, 276.29316654153973, 93.49333928037825, 906.7874255314972, 409.3767806940552, 4.0, 8.0, 13.0, 0.0, 0.0, 3.0, 1247.0, 831.0, 1502.0, 345.0, 5889.0, 2006.0, 74379.0149155574, 2.3986816002658413, 24188.386845438938, 2.766603932972254, 66175.16436503301, 2.8400435562896864, 8296110.000000001, 4469643.0, 9887276.999999998, 4492519.0, 5314114.0, 6659307.0]
[345.48, 226.86, 286.58, 150.58, 182.36, 319.72, 258.3302932452237, 194.29684947081802, 234.83959701577294, 81.60884555897962, 474.66743502956996, 300.1012101383975, 2.0, 3.0, 2.0, 10.0, 3.0, 4.0, 1118.0, 777.0, 947.0, 282.0, 3416.0, 1547.0, 82819.06800677977, 2.77682701909212, 47930.5633282108, 2.773030673094606, 61098.06378914419, 2.826490426128236, 9237814.0, 4423084.999999999, 6808737.0, 4357276.0, 3212833.0, 5262706.0]
[276.94, 278.08, 415.1, 156.76, 286.52, 563.08, 212.01544129364441, 212.66605420763534, 316.4564160596307, 87.236614668243, 1043.3524115531998, 1656.2140480811122, 8.0, 3.0, 38.0, 0.0, 14.0, 2.0, 749.0, 856.0, 1402.0, 326.0, 7495.0, 11781.0, 43310.60891880619, 2.8230871973055423, 60047.23947446803, 2.648840755451075, 140793.8288455841, 2.6416540195200984, 6037365.0, 6082539.999999998, 13522489.0, 4146823.0, 6767066.0, 6557824.0]
[208.42, 313.34, 234.44, 138.14, 140.56, 325.3, 172.65124573272337, 197.93264263483212, 220.61205769404353, 108.17521878500489, 231.0313310318913, 609.3987418190262, 4.0, 21.0, 1.0, 1.0, 6.0, 0.0, 635.0, 740.0, 886.0, 362.0, 1644.0, 3517.0, 36939.89325296918, 2.8600050943620667, 31793.44041577512, 2.944970607778685, 63233.96539044419, 2.6722442237221666, 3632558.9999999995, 6828787.000000002, 5132919.999999998, 3777641.0, 3557928.0, 3177680.0]
[200.86, 298.12, 321.36, 164.94, 338.86, 35.54, 171.91051421585354, 294.69185843618317, 297.4093420434097, 161.23090426402723, 1417.0352063087096, 1748.4300037345456, 1.0, 7.0, 1.0, 1.0, 1.0, -11863.0, 716.0, 1436.0, 1240.0, 572.0, 9676.0, 1887.0, 23372.3348827561, 2.832661878881856, 39365.122681871755, 2.646517604587411, 97312.47772389237, 2.6512848007264678, 3465345.000000001, 8699098.000000002, 9497776.0, 3776289.0, 6101657.0, 3631497.0]
[257.58, 275.58, 360.06, 175.64, 104.42, 359.06, 175.88796178829526, 201.35420004944277, 286.2316323311223, 144.73335934097034, 89.52780664835538, 498.88415938952795, 5.0, 14.0, 27.0, 17.0, 3.0, 2.0, 669.0, 797.0, 1172.0, 739.0, 302.0, 2926.0, 26640.434841242994, 2.881588166432132, 49797.43505689985, 2.5878872545361857, 91289.25347062512, 2.712193703082033, 4833265.0, 5783848.999999999, 10496658.999999998, 3940556.0, 4878895.0, 4543263.0]
[348.24, 241.72, 355.64, 169.9, 359.52, 539.36, 263.95489410588505, 171.32354401743467, 314.51911852599255, 119.9125957197362, 1348.0784698289365, 733.5051927253835, 4.0, 7.0, 2.0, 11.0, 2.0, 1.0, 1328.0, 578.0, 1664.0, 428.0, 9262.0, 3106.0, 49382.635742510625, 2.7422488502175093, 27145.406581177886, 2.611570727816052, 62470.37335159488, 2.8501478098657578, 9477492.000000002, 4359664.0, 11171182.000000002, 4456153.0, 5262826.0, 5900713.0]
[250.46, 49.34, -267.64, 265.8, 574.44, 123.92, 864.027262655667, 2572.5296659204564, 2166.509020785018, 2462.0509618558895, 1485.6315383550195, 2182.2537950757355, -4040.0, -11229.0, -12145.0, -7650.0, 13.0, -12023.0, 3153.0, 9450.0, 1208.0, 12157.0, 8555.0, 4950.0, 121529.71224141755, 2.697888440498483, 386852.6949182249, 3.021970806387199, 530635.1604914999, 1.786889099065726, 39717122.99999999, 324399257.0, 233575864.00000003, 56708240.0, 12430576.0, -4327078.0]
[273.08, 279.52, 292.22, 125.8, 91.1, 301.56, 203.79960545514672, 185.69859713953642, 218.66648633226347, 71.51337822607825, 62.750965518224405, 293.21574977884006, 1.0, 2.0, 7.0, 1.0, 0.0, 7.0, 997.0, 805.0, 819.0, 268.0, 212.0, 1784.0, 25266.08404294145, 2.409704507828362, 26500.941668883606, 2.9980167299211677, 56106.084871683306, 2.7344560332081977, 5763814.0, 5596286.000000001, 6612562.999999999, 4459295.0, 3911501.0, 4082594.0]
[210.92, 311.42, 346.28, 122.18, 97.16, 359.04, 160.95871444287212, 275.8716124044158, 206.20754751720713, 119.7864920325718, 69.57256085907572, 394.8096911739857, 2.0, 8.0, 29.0, 1.0, 2.0, 0.0, 626.0, 1145.0, 864.0, 432.0, 232.0, 1772.0, 19063.96156110302, 2.8648656313849563, 98655.14290000645, 2.4949429310201383, 39686.92813460955, 2.657356244202624, 3493839.999999999, 8578273.0, 8079048.000000001, 3261465.0, 5540205.0, 4064864.0]
[228.56, 334.8, 334.46, 205.94, 271.32, 210.8, 137.21771171449868, 341.4780597726924, 348.1486434831876, 138.1784427500047, 1188.9281992017613, 262.10482402182186, 4.0, 16.0, 15.0, 6.0, 2.0, 1.0, 551.0, 1628.0, 1694.0, 680.0, 8487.0, 1589.0, 19149.193286943246, 2.603284264467767, 70352.66207017108, 2.553842784270781, 32909.68714400101, 2.6869949145992096, 3534590.0000000005, 11318308.000000002, 11532340.999999998, 4243761.0, 8623079.0, 4216477.0]
[302.62745098039215, 273.3921568627451, 339.3333333333333, 252.09803921568627, 79.76470588235294, 310.0980392156863, 235.2881604147828, 310.20393797831593, 404.4093800428802, 297.5418125172972, 49.13271343424628, 307.1826983996306, 10.0, 2.0, 9.0, 2.0, 1.0, 1.0, 1122.0, 1953.0, 2047.0, 1420.0, 182.0, 1691.0, 86785.66409053441, 2.9767837228600222, 190416.84815048103, 3.0603384123504154, 328201.0133585879, 2.71065338218644, 7587553.56, 8795695.62, 14330847.0, 4445362.0, 7210463.0, 5655256.0]
[330.78, 213.8, 343.98, 153.66, 150.38, 330.1, 203.98352174344168, 175.43799416294743, 332.90977450231713, 128.0437759964481, 320.77189364890125, 500.6776326507254, 32.0, 2.0, 10.0, 2.0, 10.0, 4.0, 809.0, 800.0, 1648.0, 638.0, 1973.0, 3332.0, 39861.30446433567, 2.875978313832959, 26088.043783641184, 2.842370307511592, 103466.29191920087, 2.7026034619060213, 7509625.0, 3793667.9999999995, 11346728.999999998, 3656864.0, 5069298.0, 5998472.0]
[330.32, 250.76, 337.88, 140.1, 209.98, 363.88, 243.81914006333568, 179.88687601730513, 236.68343104368807, 84.39345414213602, 637.8494317243063, 437.68638665284584, 16.0, 8.0, 1.0, 9.0, 0.0, 5.0, 978.0, 815.0, 885.0, 293.0, 4604.0, 1717.0, 53241.40200303853, 2.9734662702141605, 27428.703466305393, 2.538584316598912, 48671.715633591404, 2.9279824529041223, 8368506.000000001, 4729633.999999999, 8453078.0, 4031831.0, 4534814.0, 5475860.0]
[241.01960784313727, 300.8235294117647, 257.3137254901961, 129.6078431372549, 96.43137254901961, 248.4313725490196, 210.32246577064265, 208.5262291302802, 181.06026512695473, 79.55352372619897, 86.44194697066021, 353.67483681494565, 7.0, 4.0, 7.0, 5.0, 1.0, 1.0, 831.0, 885.0, 765.0, 303.0, 292.0, 2275.0, 44784.39380726277, 2.8259182456819385, 24192.983687598597, 2.7382653609317913, 33534.22173089125, 2.765178535594874, 5277877.8, 6925181.879999999, 5116186.38, 4928450.0, 3895326.0, 3304313.0]
[205.78, 454.04, 94.18, 301.3, 395.08, 368.44, 181.54071787039393, 952.0555411683646, 1917.6710012355072, 1324.573589453433, 1736.953359495074, 487.8910115831951, 1.0, 2.0, -13048.0, 2.0, -2249.0, 4.0, 682.0, 6754.0, 1323.0, 9456.0, 8823.0, 3156.0, 22997.309977793735, 2.719573618049433, 816651.3171102587, 3.1492977372581543, 3347013.2916184934, 3.207550693123958, 3732165.0, 54721694.0, 180639135.0, 4334390.0, -81344546.0, 3299158.0]
[213.66, 287.96, 274.98, 213.52, 412.02, 274.32, 142.28780979524046, 217.5210953879543, 147.0104105712467, 162.74058987184708, 1573.3093354130835, 255.69005791052126, 16.0, 16.0, 14.0, 1.0, 5.0, 13.0, 570.0, 953.0, 602.0, 583.0, 8887.0, 1157.0, 15755.147438215776, 2.880492041979741, 32687.065780626483, 2.703362223907252, 19428.96927236419, 2.771481963631647, 3274575.000000001, 6464504.0, 4839691.0, 3060223.0, 4088616.0, 2905620.0]
[325.62745098039215, 333.7647058823529, 393.2549019607843, 322.5686274509804, 347.8235294117647, 419.6078431372549, 213.30522363827038, 289.23828157664707, 316.8074395046464, 429.86315287086245, 1321.773849126731, 494.006480865641, 20.0, 6.0, 0.0, 14.0, 2.0, 3.0, 775.0, 1107.0, 1378.0, 1881.0, 8898.0, 2473.0, 32623.638444423137, 2.8724494877453646, 69484.56421896289, 2.911404462629886, 78830.71517627484, 2.97943652347529, 7836304.0200000005, 10061567.64, 13163577.360000001, 6283175.0, 7016626.0, 6761826.0]
[374.42, 354.24, 616.64, -111.62, 303.92, 25.68, 324.60230549811854, 941.6214968156293, 1824.5896017170212, 1873.9875621959998, 1256.7140963640059, 1917.6333355977931, -445.0, 5.0, 11.0, -13046.0, 1.0, -13050.0, 1198.0, 6758.0, 13063.0, 809.0, 8739.0, 1759.0, 79962.20353630773, 2.5689115024962774, 79985.75403774348, 2.9462596893479893, 301323.73184836877, 2.8711657445115755, 12172482.999999996, 49720200.0, 182139478.0, 1924032.0, 93112266.0, 2932067.0]
[348.4, 222.8, 353.56, 144.46, 233.06, 352.76, 276.5044192730941, 169.45193768049236, 212.93998004611728, 99.29839795653652, 1097.4588162976268, 358.6239324110414, 6.0, 7.0, 35.0, 16.0, 6.0, 5.0, 1135.0, 714.0, 831.0, 392.0, 7828.0, 1719.0, 53778.99285798351, 2.6349590279537876, 30246.623627856294, 2.7515383118696697, 46382.86759033709, 2.9042194123722456, 9815408.000000002, 3888976.0000000005, 8472061.999999998, 4544450.0, 3591015.0, 6471481.0]
[326.86, 412.86, 368.52, -126.98, 27.02, 101.94, 571.7794283584165, 929.2582077844102, 471.34571739448575, 1866.2259798199955, 737.2838871181723, 1212.3044577858102, 11.0, 3.0, 12.0, -13047.0, -4946.0, -8145.0, 4050.0, 6757.0, 3157.0, 333.0, 1175.0, 749.0, 308162.0159176257, 3.1017716587463853, 789091.4286822593, 3.190115461832949, 187911.07282098004, 3.050764250717163, 21361527.0, 50835189.00000001, 17676522.000000004, 31044188.0, 26202351.0, 16566109.0]
[247.42, 325.56, 300.42, 140.88, 90.54, 343.14, 199.94285816355693, 304.2038226490353, 217.69929550943917, 109.51127795802584, 50.86806062586557, 249.79624431417977, 14.0, 4.0, 8.0, 1.0, 11.0, 8.0, 943.0, 1205.0, 903.0, 453.0, 205.0, 1345.0, 41721.891319599184, 2.4971414781066086, 96072.55684673745, 2.5607044406136574, 49800.88471260073, 2.6601241734227474, 5019713.0, 9833923.999999998, 6834865.000000001, 3857713.0, 5846958.0, 4055702.0]
[255.52, 271.64, 246.52, 266.14, 371.64, 369.92, 183.54304838986656, 217.80498298304587, 222.58135316218699, 329.0549864105278, 1377.2086492879243, 334.65528045242894, 15.0, 8.0, 11.0, 8.0, 4.0, 6.0, 764.0, 959.0, 1036.0, 1991.0, 7506.0, 1306.0, 29012.4401416498, 2.874684089907263, 35347.612256234876, 2.7793676956345377, 31451.1492660351, 2.5394006602464914, 4915238.0, 6013926.000000001, 5466186.0, 4093496.0, 3982691.0, 2922701.0]
[356.08, 218.22, 266.6, 152.12, 292.52, 332.8, 215.87929734091725, 185.97073392754845, 214.0734186475018, 198.54682684188026, 1206.573851355776, 491.75973061349913, 15.0, 20.0, 5.0, 1.0, 1.0, 2.0, 945.0, 866.0, 957.0, 868.0, 8456.0, 2667.0, 47396.883611959616, 2.735297516523465, 46657.59653310565, 2.813094996576086, 41298.01347570292, 2.788418579518761, 8623238.0, 4075669.0000000005, 5799322.0, 4159710.0, 3849322.0, 4741521.0]
[321.48, 196.28, 263.78, 150.22, 449.16, 338.28, 238.3156233370582, 162.1166171341495, 237.82177257392578, 119.20900698747045, 1691.1248564195373, 501.6857313709695, 7.0, 5.0, 7.0, 3.0, 1.0, 9.0, 905.0, 580.0, 1016.0, 397.0, 9437.0, 3206.0, 52764.265645872714, 2.940001598115021, 23740.79508514907, 3.0220451494509337, 75398.29647374149, 2.9040082431104164, 7950391.999999999, 3214099.9999999995, 6250394.999999998, 2801537.0, 3175935.0, 4206885.0]
[262.14, 220.66, 291.88, 131.18, 298.62, 281.82, 222.40503683182013, 141.16853583643945, 212.0589675403653, 74.37074529075288, 1411.8650552675756, 253.07050642951225, 12.0, 2.0, 9.0, 11.0, 3.0, 12.0, 773.0, 552.0, 1104.0, 255.0, 10074.0, 1151.0, 54040.47816026476, 2.6490101748942516, 16221.764004628294, 2.955964597929632, 49713.13960944121, 3.0473732946280547, 5859605.0, 3411041.0, 6463178.000000001, 2891639.0, 3614320.0, 4018054.0]
[238.52, 277.56, 257.0, 110.3, 205.72, 273.98, 155.37239531039546, 196.5151663669878, 223.21381714236531, 67.9289094178162, 666.2217268955997, 425.87578384466303, 2.0, 4.0, 3.0, 1.0, 5.0, 1.0, 562.0, 983.0, 1006.0, 262.0, 4475.0, 2715.0, 23356.587218083903, 2.524149655884277, 27169.500807355864, 2.8394453761463976, 36323.82934662021, 2.772523538250051, 4027478.0, 5744270.0, 5743846.0, 3668763.0, 4343209.0, 3363559.0]
[214.33333333333334, 323.47058823529414, 315.6470588235294, 145.94117647058823, 106.15686274509804, 366.2549019607843, 179.91060743232086, 226.1554644876994, 247.11558619637185, 160.79146889865842, 74.41300223724873, 719.4677155546941, 5.0, 3.0, 2.0, 3.0, 3.0, 2.0, 859.0, 882.0, 1468.0, 792.0, 237.0, 4869.0, 23417.658185511606, 2.5223148088626273, 57112.96955056406, 2.6607947783500743, 26084.824279875847, 2.6053750753654725, 4040494.380000001, 8051481.18, 8297283.84, 3625944.0, 4969577.0, 4520580.0]
[214.4, 337.76, 305.22, 20.88, 291.76, 346.44, 156.39666993688496, 254.6710210832631, 237.76161015880197, 1540.2928112829054, 853.7000754219893, 582.80795170573, 6.0, 3.0, 10.0, -10552.0, 3.0, 1.0, 588.0, 866.0, 953.0, 855.0, 4402.0, 3689.0, 26755.46841910459, 2.8313911382919894, 57965.07226579519, 2.731152025149183, 52380.25866328587, 2.92061376924977, 3496903.9999999995, 8882100.000000002, 7427961.0, 3562120.0, 5342273.0, 3245027.0]
[268.2156862745098, 237.64705882352942, 282.70588235294116, 353.15686274509807, 339.4901960784314, 316.11764705882354, 203.65051571017347, 164.18365613293082, 240.27028897619837, 1041.0171251722813, 1395.1188103175873, 289.7526287755694, 8.0, 4.0, 3.0, 11.0, 2.0, 3.0, 811.0, 611.0, 1057.0, 7497.0, 9539.0, 1365.0, 50019.421659658976, 2.603529441777936, 30358.523241025345, 2.8539742906203185, 50292.32435155504, 2.867420649929942, 5857450.98, 4312657.92, 7101794.88, 4108701.0, 3455622.0, 4104824.0]
[277.88, -1.12, 9.24, -39.44, 174.08, 257.3, 246.36016773191636, 1377.8626399949587, 1893.3115633509365, 1364.155957329794, 736.7268438498625, 570.2974608724389, 6.0, -9443.0, -13043.0, -9442.0, -1175.0, -2242.0, 1103.0, 1122.0, 752.0, 606.0, 5108.0, 2637.0, 47112.21099817458, 2.9864902932545756, 97119.77808714824, 2.4814019782753833, 104950.3586565, 2.5698833147431848, 6834838.000000001, 93026830.0, 175651073.99999997, -1895041.0, 126423265.0, -1930660.0]
[287.62745098039215, 228.80392156862746, 276.01960784313724, 142.13725490196077, 328.84313725490193, 402.45098039215685, 215.8416049592213, 165.75898402292927, 217.8229088223806, 71.31816587878383, 1282.1948427996272, 568.1095075326759, 3.0, 1.0, 2.0, 1.0, 0.0, 3.0, 993.0, 721.0, 798.0, 267.0, 8805.0, 3891.0, 62019.65564472303, 2.8411901367105217, 27848.68651390841, 2.787075517244514, 60200.248029089234, 2.769319094299641, 6679558.739999998, 4124589.3000000003, 6383026.379999999, 3415870.0, 4004672.0, 3700237.0]
[253.2941176470588, 295.1372549019608, 225.6078431372549, 137.05882352941177, 219.54901960784315, 466.27450980392155, 181.96684248704733, 197.52022879774546, 284.1059012714359, 69.72127702924148, 550.1019292358641, 784.0934913243796, 13.0, 5.0, 2.0, 5.0, 6.0, 10.0, 887.0, 839.0, 1688.0, 296.0, 3447.0, 4654.0, 36159.03159569485, 2.777984312093299, 25972.2431091938, 2.857845979134019, 60487.310292779985, 2.7895003254716184, 5026203.0, 6520980.359999999, 6764285.04, 3812857.0, 4709357.0, 3832598.0]
[201.2, 269.0, 247.78, 140.74, 130.04, 299.88, 167.62397178914281, 203.96488293181196, 242.08358229406332, 95.04151831742607, 98.793323743695, 457.3008494839863, 7.0, 14.0, 2.0, 2.0, 11.0, 1.0, 729.0, 1288.0, 1081.0, 316.0, 621.0, 2581.0, 20921.92437660655, 2.2386443964012357, 28490.64761283416, 2.4915913293945327, 36454.56979785572, 2.6678660956984808, 3400864.0, 5656532.000000001, 5941365.0, 2736993.0, 3291533.0, 3141860.0]
[377.28, 4.3, -208.44, 578.04, 604.14, 669.08, 1448.0003670086355, 3399.7756723714842, 2407.600788658913, 3032.87477930408, 2756.4383630670495, 3091.320950331619, -2238.0, -11248.0, -13025.0, -12144.0, -9446.0, -10350.0, 9463.0, 13054.0, 1370.0, 11250.0, 12152.0, 11252.0, 711053.7452827231, 3.0626894848300035, 5822262.687299331, 2.8912116362522102, 3484815.1259781616, 3.028660794048482, 109855558.00000001, 566366181.0, 286202898.0, -64261631.0, 27019039.0, -73905438.0]
[271.5769230769231, 228.57692307692307, 311.61538461538464, 212.15384615384616, 114.73076923076923, 368.59615384615387, 220.0362132542916, 210.7772121992882, 255.67512733753523, 285.85169503353393, 77.70560718269934, 874.1854305830888, 2.0, 2.0, 9.0, 1.0, 0.0, 0.0, 842.0, 923.0, 980.0, 1437.0, 272.0, 6213.0, 58087.6491192577, 2.212154359836727, 32626.72726001987, 2.3984258256162025, 41202.85776547437, 2.821346885228781, 6556598.88, 5181949.76, 8718604.959999999, 3778375.0, 4616147.0, 5117169.0]
[295.8627450980392, 189.01960784313727, 246.0392156862745, 147.0, 278.5686274509804, -222.23529411764707, 247.36936104601503, 151.9896694115858, 236.6234105733677, 141.28864073236744, 1228.254782280972, 2278.3235554963244, 2.0, 2.0, 10.0, 0.0, 1.0, -11861.0, 1179.0, 585.0, 942.0, 557.0, 8861.0, 589.0, 42619.38987744505, 2.8750969033107614, 21278.2130004869, 2.551902442020216, 32619.2027341912, 2.5855259837529925, 7674330.06, 3036735.84, 6004568.64, 3092573.0, 3382854.0, 4429592.0]
[293.12, 247.5, 275.14, 123.78, 278.84, 336.02, 235.37366211266405, 196.14397564970858, 240.9603244502789, 84.4340800716809, 1324.8973215510177, 468.29318785982605, 8.0, 24.0, 3.0, 9.0, 5.0, 0.0, 1008.0, 1029.0, 1345.0, 281.0, 9445.0, 2524.0, 42566.44094551832, 2.2829735699217317, 39839.11736305154, 2.634057706155823, 32154.715274562812, 2.4940290929475384, 7010603.999999999, 4947963.0, 6630133.0, 4164549.0, 3969151.0, 4578574.0]
[185.94, 236.4, 260.16, 115.0, 82.58, 323.32, 174.59859620259945, 170.53983914233612, 206.1780843081524, 66.56560366913781, 57.68142275128315, 477.09141895533645, 3.0, 3.0, 18.0, 2.0, 8.0, 0.0, 617.0, 929.0, 923.0, 245.0, 209.0, 2310.0, 37054.525979599406, 2.774463181130814, 34928.873421923716, 2.793980324294969, 59070.39721616601, 2.7548646011886606, 3222433.0000000005, 4219356.0, 5467122.0, 2218194.0, 2974740.0, 2882440.0]
[235.22, 284.54, 310.68, 119.92, 424.08, 303.28, 195.16380247350781, 210.85571137725478, 232.33521173564048, 96.88512870025669, 1589.1495715684935, 332.27134473290386, 7.0, 11.0, 1.0, 0.0, 1.0, 2.0, 872.0, 942.0, 1018.0, 327.0, 8240.0, 1788.0, 36179.23541173739, 2.8473073466986114, 30806.115086182996, 2.9855416450214722, 45792.62533985965, 2.6592002646143933, 4632778.999999999, 6226697.0, 7471106.0, 3066676.0, 4780236.0, 3862865.0]
[242.14, 272.32, 281.34, 253.18, 256.54, 387.64, 175.64330854528643, 222.43691515683676, 272.76188389531717, 183.2321701101237, 1247.5699679368524, 492.2032830414023, 7.0, 30.0, 14.0, 12.0, 2.0, 0.0, 676.0, 1042.0, 1447.0, 858.0, 8890.0, 2680.0, 22658.30507504903, 2.656984576488914, 48655.30823603545, 2.728697562888107, 74277.96303027876, 2.895566475673472, 4443267.0, 6132340.0, 7603162.999999999, 3512154.0, 4284939.0, 4120178.0]
[220.4, 260.78, 255.52, 195.84, 185.98, 318.6, 152.31773986489895, 245.45378965732607, 202.47300046763604, 207.36169327225, 669.5558530908107, 379.1449563942315, 14.0, 0.0, 4.0, 5.0, 4.0, 1.0, 589.0, 1420.0, 949.0, 750.0, 4808.0, 1910.0, 26875.635793063077, 2.969205282928263, 28919.02252318496, 2.9112179853273457, 27660.727658913846, 2.8576845336041417, 3565642.0, 6352441.000000001, 5273293.999999999, 3196715.0, 3744890.0, 2811522.0]
[331.98039215686276, 233.5686274509804, 293.37254901960785, 176.62745098039215, 167.47058823529412, 453.70588235294116, 236.60249281831994, 231.34080962095388, 210.55915660776319, 166.6270039080477, 457.40364462654543, 668.5566331768057, 2.0, 4.0, 14.0, 0.0, 0.0, 8.0, 1190.0, 795.0, 951.0, 736.0, 3335.0, 3982.0, 44736.07831111023, 2.705879601461006, 37622.70575762943, 2.5134734725942955, 19979.552228018783, 2.6690085044442085, 8588192.940000001, 5567361.959999999, 6738321.959999999, 3994240.0, 4326199.0, 5112943.0]
[253.0, 186.82, 265.0, 122.92, 338.88, 367.38, 190.85553891541602, 152.54757571702953, 229.66186324370756, 90.74967588630489, 931.380643815121, 1098.4742645123363, 15.0, 5.0, 1.0, 5.0, 4.0, 0.0, 713.0, 689.0, 932.0, 311.0, 4554.0, 7755.0, 28286.9541593308, 2.8214330265998044, 39291.13525632531, 2.8640636724279456, 68547.10418024969, 2.6692191749803325, 4985316.0, 2885352.9999999995, 6095734.0, 2303394.0, 3054543.0, 3586875.0]
[300.0, 269.7450980392157, 323.9019607843137, 141.01960784313727, 153.3921568627451, 464.6470588235294, 217.1959483968336, 223.2934251730001, 228.24042191530935, 74.29898793283213, 321.89284418460574, 914.6132477398173, 5.0, 3.0, 28.0, 10.0, 2.0, 1.0, 879.0, 976.0, 996.0, 268.0, 2347.0, 6269.0, 34483.96830328116, 2.7308506543132203, 41063.19874112432, 2.8255857857993005, 63105.66131857763, 2.6496740713578193, 7087678.08, 6327958.620000001, 8114325.42, 5486570.0, 4885155.0, 5354113.0]
[287.3, 292.56, 372.12, 137.74, 369.68, 391.38, 213.7987084972733, 271.46173932686605, 346.67909292224095, 118.88869945096909, 1472.183252235694, 803.3411578640593, 3.0, 0.0, 0.0, 1.0, 10.0, 12.0, 899.0, 1276.0, 1635.0, 458.0, 10225.0, 5644.0, 30230.745084681752, 2.3816290547958063, 63453.74805114094, 2.8295620348987143, 66576.13062558962, 2.889532877094006, 6366849.000000001, 7890449.999999999, 12812798.0, 4244876.0, 6324464.0, 6659068.0]
[321.68, 135.48, 271.16, 472.24, 481.68, 196.16, 370.393912763486, 1140.7527632834274, 457.5501917376755, 1827.1422602478642, 1999.1552648709464, 1344.8265248874357, 3.0, -7644.0, -2234.0, 0.0, 0.0, -8512.0, 2257.0, 798.0, 1257.0, 13053.0, 13057.0, 2012.0, 101307.86736646132, 2.9719171784576295, 80797.87301464082, 2.2830347883605997, 92538.53378558629, 2.6229435364614537, 11896292.0, 64682268.0, 13934644.0, -13341844.0, 22153203.0, -630826.0]
[324.56, 198.88, 290.64, 224.64, 127.52, 449.6, 262.46384862821526, 192.76311358551894, 228.53327895918514, 269.62057694138275, 79.05571272391208, 1160.8776588321052, 32.0, 6.0, 6.0, 2.0, 5.0, 1.0, 1471.0, 718.0, 981.0, 1414.0, 294.0, 6704.0, 46394.188277491565, 2.6959227320836847, 30139.413835205487, 2.8316042087651145, 48603.99251448382, 2.8066082388951608, 8642435.999999998, 3798386.0, 6782726.000000001, 4059590.0, 3943162.0, 5375580.0]
[319.08, 228.88, 288.64, 116.36, 476.18, 480.82, 206.9948081770287, 196.51656626433947, 233.81780452798222, 102.84201476050535, 1595.9005606841038, 618.4538552070059, 12.0, 5.0, 13.0, 0.0, 15.0, 7.0, 847.0, 884.0, 1137.0, 364.0, 9632.0, 2592.0, 54151.43084927, 2.7501481525131384, 41664.65979945508, 2.862325192090829, 61153.89596691585, 2.8452093982110864, 7190098.000000001, 4511622.0, 6844520.0, 3480982.0, 4199220.0, 4101714.0]
[295.04, 252.1, 288.38, 124.62, 490.02, 417.14, 199.39428276658285, 212.48522157494878, 214.20988086739715, 75.84029675736309, 1553.103732425323, 678.4301810888463, 4.0, 5.0, 2.0, 7.0, 0.0, 1.0, 758.0, 944.0, 1049.0, 277.0, 8510.0, 3701.0, 44833.784750983825, 2.4175829777349462, 25982.48656450065, 2.8810014780377893, 47543.127014023696, 2.682684195672353, 6300576.0, 5390068.999999999, 6406559.0, 3515449.0, 4471125.0, 4179134.0]
[223.3, 236.8, 265.26, 143.96, 163.72, 295.86, 181.50631067906852, 182.33765493765478, 213.94265968397482, 64.74879559198182, 342.49945866186926, 305.55523299096564, 3.0, 4.0, 7.0, 10.0, 0.0, 3.0, 992.0, 736.0, 881.0, 249.0, 2492.0, 1395.0, 27539.754190035907, 2.39712558081204, 35940.057052552314, 2.4486775932467313, 22885.33133651414, 2.715149609476308, 4107426.9999999995, 4432815.999999999, 5760944.999999998, 3006355.0, 3577001.0, 3096351.0]
[217.84, 271.24, 258.32, 115.02, 107.7, 316.62, 182.40394285033133, 184.25886404618868, 218.9850838271308, 83.14248649892839, 62.57966351550866, 533.705754367421, 9.0, 6.0, 4.0, 6.0, 5.0, 4.0, 895.0, 847.0, 1018.0, 382.0, 246.0, 3467.0, 26375.094057932154, 2.6638092020410578, 31239.590471883945, 2.847971183788809, 37295.428277370105, 2.923199342936937, 4003002.0, 5342172.0, 5686230.000000001, 3312373.0, 3286267.0, 3677081.0]
[208.52, 290.62, 315.3, 103.28, 134.72, 300.12, 205.8432373612185, 274.57587999959327, 372.0296372876873, 95.61701667355567, 318.5759794678148, 438.3117258066362, 6.0, 1.0, 14.0, 1.0, 4.0, 4.0, 1023.0, 1188.0, 1946.0, 381.0, 2271.0, 1901.0, 54002.3484082163, 2.9565193857893766, 61031.64110342044, 2.744804474785191, 149249.83359960918, 2.9374526648934203, 4250229.999999999, 7917202.999999999, 11752600.999999998, 2878695.0, 6145400.0, 3864967.0]
[181.4, 290.82, 285.42, 114.68, 316.84, 308.16, 154.84989440073366, 212.74912791494924, 211.37104333182367, 82.45529153450867, 1289.9412320105193, 612.2112933906905, 12.0, 20.0, 7.0, 0.0, 4.0, 6.0, 596.0, 950.0, 869.0, 310.0, 8997.0, 3926.0, 19720.23762779789, 2.786623711185209, 38097.170083842335, 2.820834368249309, 35227.47141540408, 2.935181524764937, 2820244.0000000005, 6446661.000000001, 6262437.0, 2305726.0, 4255116.0, 3223886.0]
[158.08, 246.72, 264.48, 317.58, 103.24, 219.3, 100.93882568472968, 264.5114125079271, 239.70596273649215, 558.3448970677825, 80.03839894777036, 233.1349132049982, 2.0, 1.0, 6.0, 7.0, 7.0, 1.0, 409.0, 1285.0, 985.0, 3598.0, 280.0, 791.0, 12390.414038719622, 2.5614543281167172, 47405.33514843326, 2.649861986377715, 50927.62784273544, 2.9209331902066182, 1748708.0000000002, 6471886.0, 6312972.000000001, 2009164.0, 3631073.0, 1928923.0]
[301.04, 253.5, 298.9, 156.46, 217.74, 399.7, 214.69199199916943, 244.9494950026246, 334.56625895725506, 150.26347065153558, 900.4763095615747, 1116.391659201507, 3.0, 2.0, 1.0, 3.0, 4.0, 0.0, 1188.0, 996.0, 1576.0, 697.0, 6434.0, 7987.0, 80149.13150717573, 2.8755444058502335, 78288.09331400943, 2.894184793701504, 177969.4032854272, 2.7001677417269634, 6789794.000000001, 6153125.0, 9951855.0, 4606712.0, 5075923.0, 5100840.0]
[301.88, 170.64, 234.82, 144.16, 269.28, 272.3, 201.19283470017982, 150.20907334207783, 234.50170270475346, 144.4512996105735, 1308.0978718922295, 265.196211534488, 8.0, 1.0, 4.0, 1.0, 9.0, 1.0, 1043.0, 651.0, 1126.0, 513.0, 9326.0, 1307.0, 56264.470250930026, 2.9263226673302674, 27091.363633454068, 2.9308883168022923, 78674.20267156017, 2.955190839518998, 6540026.000000001, 2561475.9999999995, 5451583.0, 2687918.0, 2379394.0, 3100308.0]
[374.7, 668.5, 91.36, 192.46, 181.64, 191.88, 279.2225540565761, 2114.8123596022724, 1402.4997036632524, 604.3014590991716, 972.137362428053, 1397.937674007022, 24.0, 9.0, -9447.0, -1343.0, -4043.0, -8538.0, 1361.0, 12158.0, 1252.0, 4058.0, 4956.0, 3345.0, 58890.59528284625, 2.7452698596532126, 2290862.386789346, 2.8787428891986058, 1217432.9921848935, 3.1127971801360492, 10840300.999999998, 241493746.99999997, 96800598.00000003, 33740412.0, -90187831.0, -8669534.0]
[206.13725490196077, 227.90196078431373, 246.68627450980392, 94.3921568627451, 412.5098039215686, 238.9607843137255, 183.85342200871247, 127.10975649445022, 177.92475827675904, 55.67946782481763, 1754.4039714107928, 196.97400445584833, 2.0, 19.0, 6.0, 0.0, 3.0, 0.0, 648.0, 459.0, 658.0, 185.0, 9573.0, 758.0, 31654.53404422269, 2.6834050886566225, 13358.66962772695, 2.877420813238268, 28991.133497884835, 2.927277165731808, 3934369.4999999995, 3525883.9799999995, 4780149.420000001, 2183688.0, 2917169.0, 2964844.0]
[232.02, 297.16, 352.7, 141.58, 113.92, 396.74, 162.74501026866213, 251.24322389075573, 239.80291652836542, 87.04258633987558, 65.21513534104656, 485.8109067763477, 15.0, 6.0, 12.0, 7.0, 0.0, 9.0, 635.0, 1129.0, 1045.0, 344.0, 225.0, 2386.0, 32184.83341687349, 2.7481522603187094, 109313.28201175982, 2.739207798098791, 68096.17894023922, 2.6791357234057904, 3989475.0, 7508238.000000001, 9037630.999999998, 4100548.0, 5606040.0, 5183123.0]
[172.0, 322.54, 301.24, 107.0, 504.78, 346.18, 136.11819593759728, 237.57973613169995, 224.46722046041484, 83.34584940022448, 1756.1132905902612, 315.44213803640685, 0.0, 11.0, 1.0, 0.0, 2.0, 0.0, 641.0, 1139.0, 867.0, 376.0, 8573.0, 988.0, 31609.827808227245, 2.9665573287064366, 44884.41587446816, 2.600016643349325, 52147.07016574029, 2.9313418761237866, 2387079.9999999995, 7967365.000000001, 7006167.999999999, 2761199.0, 5396460.0, 2857397.0]
[207.7, 283.62, 267.68, 116.28, 204.06, 362.44, 192.69466700943633, 234.19361343006042, 243.43799780541698, 102.06361361665476, 367.0455907844225, 729.6351663114706, 8.0, 4.0, 2.0, 5.0, 1.0, 2.0, 955.0, 1004.0, 973.0, 430.0, 2262.0, 3575.0, 33062.31295891338, 2.667663929441333, 41902.29494851085, 2.6594028688980407, 66483.97149804966, 2.7574185665240765, 3976395.000000001, 6709501.0, 6486470.000000001, 2677963.0, 3360948.0, 3905122.0]
[145.1, 302.92, 262.14, 75.08, 365.56, 320.14, 137.308568039809, 257.4355350255235, 268.55015189277526, 62.70040197768485, 1469.3532265897795, 275.18083182533195, 1.0, 13.0, 6.0, 1.0, 3.0, 8.0, 535.0, 1372.0, 1435.0, 268.0, 8301.0, 937.0, 25702.11170498716, 2.743534310811949, 36555.96641661006, 2.873819107678938, 125731.80536533239, 2.9344066591188382, 1976528.9999999998, 7835406.000000001, 6969708.999999999, 1894140.0, 4351097.0, 2560426.0]
[226.18, 277.38, 280.44, 174.6, 121.18, 316.54, 167.04303368306267, 256.88239904434, 242.06730047485487, 128.43993275664158, 173.5767418351965, 387.4319010602814, 13.0, 6.0, 4.0, 6.0, 1.0, 1.0, 730.0, 1236.0, 1218.0, 453.0, 1220.0, 1733.0, 35162.94634518229, 2.9197175955514547, 54452.36771734617, 2.855214954645362, 48817.714315627, 2.8064635843764716, 3925135.0, 7080423.0, 6803562.0, 3171148.0, 4487631.0, 3746640.0]
[213.64, 253.94, 253.76, 596.62, 266.02, 348.0, 154.15652792548494, 163.81477967758687, 181.7621859598359, 866.1251474356394, 1083.4657824004655, 545.947182912974, 18.0, 36.0, 7.0, 19.0, 2.0, 4.0, 645.0, 814.0, 797.0, 4323.0, 7762.0, 2896.0, 22313.541893559577, 2.8721182743750218, 23639.445492711588, 2.919179481452779, 34856.39835254847, 2.851568902861949, 3446550.0, 4539205.000000001, 4838544.0, 2929155.0, 3196264.0, 3207772.0]
[248.84, 222.32, 231.16, 251.02, 90.66, 360.3, 186.90064587521206, 166.64007896771818, 189.84637828238593, 269.13462908259976, 62.19869740745118, 383.44029415760866, 1.0, 2.0, 6.0, 7.0, 2.0, 6.0, 671.0, 579.0, 910.0, 1151.0, 212.0, 1517.0, 42975.97631125535, 2.967779106090936, 30289.562044499267, 2.7274842329109887, 46232.44208257429, 2.90034757035565, 4807728.000000001, 3831986.0, 4437788.0, 2796833.0, 2626598.0, 3015931.0]
[264.94, 231.06, 232.26, 163.72, 244.44, 3.06, 178.77684299661612, 166.6703222728348, 171.18945347068504, 189.97605004799087, 995.7750782835511, 1733.0068055732686, 12.0, 25.0, 0.0, 0.0, 3.0, -11871.0, 777.0, 768.0, 779.0, 737.0, 7127.0, 992.0, 28587.64752071265, 2.580386011940941, 33905.12685092023, 2.584910579000696, 29905.366538968596, 2.5520599343672385, 5075757.000000001, 4030607.0, 4133221.0000000005, 2994860.0, 3043020.0, 3146930.0]
[280.34, 204.88, 227.92, 140.16, 95.62, 314.2, 202.54841799592774, 164.09412928348814, 201.9186378879637, 151.01687431055714, 49.44627676290992, 352.88415165574656, 11.0, 6.0, 1.0, 0.0, 0.0, 7.0, 836.0, 679.0, 1080.0, 537.0, 183.0, 1592.0, 46562.540770644984, 2.569491099193674, 15379.964450895519, 2.4948222827670192, 24902.14985295416, 2.6879810121130374, 5939793.000000001, 3418208.000000001, 4595162.0, 2399467.0, 2243329.0, 3961005.0]
[289.04, 204.72, 263.84, 135.38, 162.82, 385.7, 236.30004793283734, 183.55336653776453, 270.60893992502713, 143.25243738354519, 469.3255556038443, 521.7213757146154, 9.0, 1.0, 1.0, 3.0, 0.0, 0.0, 1052.0, 721.0, 1738.0, 574.0, 3381.0, 1904.0, 60061.01246198148, 2.5517834396543653, 20619.33634885123, 2.2585457686971875, 26176.02192018707, 2.653114326167824, 6913253.999999999, 3746414.0, 7068807.999999999, 3045344.0, 3511317.0, 3365000.0]
[287.15686274509807, 191.01960784313727, 292.2549019607843, 124.47058823529412, 138.35294117647058, 385.01960784313724, 225.62591806341925, 176.6041324766868, 209.07269961783675, 109.57469652089873, 114.62405044830892, 956.7858379009606, 11.0, 8.0, 12.0, 2.0, 2.0, 2.0, 968.0, 646.0, 940.0, 406.0, 655.0, 5130.0, 43920.111547917164, 2.6365814853578238, 16988.074743245765, 2.713126743774314, 28058.79500500228, 2.727647743243992, 6885780.299999999, 3488771.2800000003, 6672461.58, 2629931.0, 3181748.0, 4223207.0]
[293.02, 263.92, 208.16, 138.16, 196.88, 321.54, 183.66490004953064, 184.9608717584145, 149.69620392444077, 77.33240205866662, 492.65501610960905, 300.7831417605497, 3.0, 10.0, 3.0, 9.0, 1.0, 2.0, 673.0, 702.0, 613.0, 277.0, 2856.0, 1247.0, 29019.14040896618, 2.5281504137848207, 34999.92869311569, 2.7399498366737483, 24133.3662172576, 2.8380711425696643, 5945943.000000001, 5159004.000000001, 3264567.999999999, 3811547.0, 2877886.0, 3028676.0]
[249.98, 183.54, 221.1, 126.18, 113.3, 363.18, 170.5663423505855, 147.28733683462653, 168.66622637139704, 63.167638963672665, 54.54982743757662, 495.6217571116597, 1.0, 7.0, 4.0, 12.0, 10.0, 2.0, 785.0, 566.0, 853.0, 237.0, 221.0, 1961.0, 16482.888203446964, 2.6355026953304668, 15884.473339962418, 2.8203319272801273, 21144.9877098919, 2.9013746370268203, 4550051.0, 2747330.9999999995, 3838227.0000000005, 2278502.0, 2327177.0, 2486565.0]
[266.06, 274.44, 252.46, 135.68, 183.52, 360.0, 207.49678236993833, 275.2392028318462, 207.70320367371932, 60.59279946444772, 475.93466538411104, 443.3945587102728, 0.0, 10.0, 1.0, 11.0, 12.0, 2.0, 1049.0, 1610.0, 814.0, 306.0, 3460.0, 1995.0, 36378.27533583431, 2.844176096995361, 38008.16309777976, 2.7614176365496985, 38223.51755078618, 2.8280247611216582, 5649087.000000001, 7477939.999999999, 5300693.000000001, 3779036.0, 4345930.0, 3420558.0]
[221.74, 318.24, 341.56, 112.74, 348.72, 266.88, 207.79373701547684, 317.2616611452651, 278.4671716994406, 75.02919431794533, 1281.7436790464426, 361.2254448966965, 0.0, 2.0, 13.0, 4.0, 0.0, 0.0, 907.0, 1727.0, 1226.0, 271.0, 8388.0, 2058.0, 46463.752910930256, 2.8371934645622323, 97664.41278301313, 2.8594930785765715, 54124.29475226433, 2.8160166472177965, 4574165.000000001, 9995928.0, 9632816.0, 4572428.0, 6323756.0, 4992072.0]
[163.32, 297.38, 253.26, 100.96, 297.22, 309.78, 140.14037277541632, 257.3176302882157, 216.14014822209546, 113.30254964078276, 1507.7547612261087, 467.04347086055003, 13.0, 12.0, 8.0, 0.0, 4.0, 0.0, 525.0, 1388.0, 759.0, 394.0, 10735.0, 2757.0, 28545.265289908155, 2.8584638101879767, 50647.632010196015, 2.634943217353068, 55571.16496790507, 2.430501104124009, 2295998.0, 7666149.0, 5496143.0, 2652813.0, 3823959.0, 2581771.0]
[183.4, 283.92, 259.58, 203.26, 450.66, 276.74, 133.85234020961994, 199.49506054956217, 209.5724598280207, 233.91153133139017, 1780.0155308884478, 321.8331301675907, 1.0, 39.0, 9.0, 0.0, 2.0, 2.0, 546.0, 899.0, 1064.0, 830.0, 9209.0, 1505.0, 16400.92137782256, 2.9548640455022057, 29427.141739860424, 2.7582228612254553, 58420.77891071096, 3.041293806623918, 2559684.0, 5980643.999999999, 5521199.0, 2476504.0, 3979435.0, 2704973.0]
[80.76, 281.38, 143.88, 641.88, 129.14, 239.24, 1277.6056298037051, 502.08771857401285, 1195.972503949853, 918.3063301090586, 101.56047961883678, 1612.4134852285686, -8685.0, -2535.0, -7934.0, 26.0, 10.0, -9914.0, 793.0, 1200.0, 1379.0, 5540.0, 615.0, 4202.0, 32726.92531257549, 2.656669618799522, 38793.894541170244, 2.7171598647333277, 96446.92489972844, 2.58168297730791, 80307640.0, 16311247.000000002, 71122234.0, 27608552.0, 26475587.0, 73607539.0]
[197.02, 479.52, 553.88, 278.12, -58.36, 515.92, 654.614530288861, 1315.708364187078, 981.1159127675558, 819.9278624317122, 1097.0335280348788, 1199.6220976386091, -4038.0, 2.0, 8.0, 1.0, -7647.0, 2.0, 1310.0, 9457.0, 6753.0, 5873.0, 255.0, 8555.0, 955615.4774902344, 3.1543035884596327, 3872351.0057993936, 3.225082426731387, 2043548.335988157, 3.1456635669265878, 22938332.999999996, 96320308.0, 62505986.0, -32834327.0, 71784706.0, -18794283.0]
[266.46, 192.06, 252.4, 169.34, 447.42, -42.66, 193.2515765439824, 143.2985195816262, 215.27078344281102, 157.86013054703372, 1716.4160940037532, 1749.6902654178423, 15.0, 2.0, 10.0, 7.0, 1.0, -12068.0, 958.0, 571.0, 841.0, 663.0, 9038.0, 955.0, 35252.25450179192, 2.830504018641837, 19718.672522948837, 2.980256946504583, 58578.12653282832, 2.7081426107203184, 5380009.0, 2850541.0, 5456022.000000001, 2992415.0, 2855545.0, 3328498.0]
[289.75471698113205, 216.0943396226415, 331.1320754716981, 137.62264150943398, 95.33962264150944, 327.8490566037736, 258.93278795711694, 145.2343284476906, 214.23648307920863, 114.05889612474746, 63.23276396233523, 240.18017245284324, 4.0, 8.0, 5.0, 5.0, 1.0, 5.0, 1196.0, 623.0, 880.0, 466.0, 237.0, 1219.0, 67760.71635755566, 2.8031685453747133, 12352.047483298615, 2.9653391100067714, 53803.20704532375, 2.414149352543992, 8412334.900000002, 3786070.8999999994, 8689907.56, 3125480.0, 3671869.0, 5636505.0]
[197.6, 285.5, 294.06, 30.12, 447.0, 334.46, 641.2684814538467, 441.58347952313056, 369.5913026850174, 851.731672798998, 1664.1988328027517, 489.6126836592369, -4023.0, 6.0, 4.0, -5841.0, 1.0, -410.0, 713.0, 3156.0, 2287.0, 327.0, 8832.0, 2766.0, 171342.23777732614, 2.9945438150003847, 80271.69416406086, 2.9947329608983497, 60891.76132785823, 2.9274768838796374, 22102326.0, 13630315.0, 11016853.0, -9123410.0, 9981130.0, -5704271.0]
[219.32, 321.36, 294.04, 119.7, 96.76, 315.68, 160.26998140255557, 315.8472092513035, 217.10224808243922, 63.764314119278666, 69.44460720162333, 348.30519340816903, 4.0, 17.0, 3.0, 4.0, 1.0, 3.0, 617.0, 1683.0, 947.0, 212.0, 236.0, 1804.0, 24855.172932549205, 2.4123119013264187, 157803.18293548256, 2.7565741980334497, 27134.57296834323, 2.7988609432367495, 3663700.0, 10051826.0, 6632512.0, 4565621.0, 4874152.0, 3217560.0]
[185.76470588235293, 265.88235294117646, 227.90196078431373, 106.45098039215686, 135.6078431372549, 172.23529411764707, 154.2980995651332, 244.8616464094631, 202.97894027725744, 62.47665603263036, 229.28864589694558, 1860.459218453716, 6.0, 12.0, 0.0, 0.0, 6.0, -11879.0, 596.0, 1243.0, 1126.0, 236.0, 1675.0, 4315.0, 19152.310822418538, 2.842207073282238, 65257.27071603027, 2.7502545869682375, 32182.60173018814, 2.814166233418403, 3009336.5999999996, 6735290.5200000005, 4803105.54, 2403150.0, 4113690.0, 2457994.0]
[146.92, 67.04, 289.32, -127.56, 229.74, 516.8, 648.9348207891554, 1922.0009870667898, 1023.9207247693763, 1868.8056664018093, 526.5306863550019, 1108.0727339274572, -4049.0, -13049.0, -5843.0, -13045.0, 4.0, 0.0, 1269.0, 1290.0, 2184.0, 713.0, 3185.0, 7651.0, 109804.3104273263, 2.7825249060090353, 201541.20771175556, 2.314445625075503, 375269.85551467474, 2.8774920646777655, 21713977.999999996, 181235020.0, 55557572.0, 56332211.0, 85006049.0, 29898057.0]
[212.2941176470588, 273.921568627451, 221.5686274509804, 233.19607843137254, 111.01960784313725, 256.01960784313724, 200.1802481882413, 180.34565069745983, 188.32878217648633, 190.38613600867507, 66.25028005860155, 349.2424653558658, 2.0, 3.0, 0.0, 1.0, 3.0, 6.0, 944.0, 670.0, 1115.0, 835.0, 236.0, 1584.0, 38824.859028291416, 2.452836018237681, 29847.672271488125, 2.650039006381518, 29456.87967473596, 2.820700914517409, 4388157.3, 5561970.240000001, 4362654.24, 3204289.0, 2692848.0, 3239380.0]
[267.84, 242.42, 316.2, 264.4, 174.16, 322.5, 188.66029940458745, 192.82487454915656, 258.7088032865507, 767.3182560857321, 678.3812473341918, 338.34762042150965, 9.0, 13.0, 6.0, 1.0, 4.0, 7.0, 936.0, 952.0, 1049.0, 5351.0, 4863.0, 1372.0, 35587.502908792245, 2.8309286408726, 34273.70508718007, 2.8542990544014737, 90079.91556896458, 2.864403831058471, 5330956.0, 4760263.000000001, 8278704.000000002, 3807127.0, 3733022.0, 4219711.0]
[289.98, 235.94, 314.46, 198.38, 439.4, 287.16, 227.4067191583559, 195.32196444823703, 248.97989509851053, 244.05075500888776, 1616.011088060566, 342.20094108817506, 13.0, 6.0, 7.0, 7.0, 1.0, 3.0, 1017.0, 967.0, 1211.0, 1292.0, 8276.0, 2179.0, 29579.89425500855, 2.895495325369052, 27046.39350586322, 2.987128692184378, 55998.13579976061, 2.670875599983432, 6738396.999999999, 4652767.000000001, 7981812.999999998, 4369733.0, 4217602.0, 4537453.0]
[241.94, 207.72, 298.32, 134.52, 106.3, 498.9, 196.15429266425, 180.40080546451253, 205.84028284283016, 149.52499483909924, 74.85966462491736, 1168.6607938236007, 24.0, 10.0, 3.0, 0.0, 5.0, 3.0, 960.0, 764.0, 910.0, 618.0, 237.0, 8125.0, 35608.04726354563, 2.8242019818963096, 31047.96416967055, 2.647642339655608, 41683.52803587816, 2.7543807054945493, 4812097.0, 3752057.9999999995, 6525882.000000001, 2839316.0, 3833888.0, 3645899.0]
[247.02, 150.86, 224.46, 121.26, 294.98, 215.04, 185.3488151170817, 127.55151180313507, 173.677064856425, 93.38395833048301, 1371.6780798328293, 242.7175195277718, 1.0, 3.0, 3.0, 1.0, 4.0, 0.0, 695.0, 536.0, 748.0, 307.0, 9790.0, 1217.0, 28563.728338420682, 2.545324779386215, 7481.549115833137, 2.688383903263147, 15791.374702954294, 2.8905500776642037, 4734298.999999999, 1935137.0000000002, 3997137.0, 1852669.0, 2172105.0, 2654157.0]
[279.08, 195.86, 261.44, 154.18, 210.16, 323.32, 217.26038548718637, 167.7892275980767, 203.25927546172275, 66.42740091134633, 685.5374879223883, 309.0558657642099, 7.0, 2.0, 2.0, 16.0, 0.0, 0.0, 864.0, 591.0, 934.0, 287.0, 4937.0, 1381.0, 54035.96475253248, 2.7405894489334477, 24843.252153173205, 2.6994484249468984, 46519.448258806166, 2.9167481758129807, 6207184.0, 3297565.0, 5441946.000000001, 2699504.0, 3185283.0, 3265627.0]
[258.78, 215.14, 309.28, 112.38, 242.5, 238.38, 178.69964425578146, 143.718121221184, 255.6612905979395, 86.62089345921957, 1069.9263611890992, 252.28481556222386, 7.0, 0.0, 2.0, 1.0, 0.0, 5.0, 701.0, 636.0, 962.0, 301.0, 7639.0, 1067.0, 25824.48577757037, 2.7226837358120233, 14107.316470146861, 2.6081591200782634, 51666.06398610599, 2.266662301041836, 4913099.0, 3326351.0, 7985477.999999999, 2720016.0, 3321939.0, 4184679.0]
