[346.8888888888889, 274.14814814814815, 476.81481481481484, 125.61111111111111, 97.5, 209.07407407407408, 341.6756525893044, 303.9157286006198, 564.5556968720799, 269.863236967666, 126.48823496636223, 347.80648771992435, 7.0, 3.0, 10.0, 1.0, 0.0, 1.0, 1432.0, 1372.0, 2575.0, 1660.0, 429.0, 1863.0, 70287.71580932543, 2.822719023259671, 139771.4364829144, 2.948419035383715, 441473.63108391454, 2.7948187175561583, 13700082.96, 9670127.76, 31502902.319999997, 6046631.0, 11138024.0, 13009469.0]
[445.28, 639.98, 913.78, 294.38, 160.66, 350.6, 363.233103319258, 622.864301728191, 798.7150979887022, 218.90412494598485, 130.33342015064005, 393.01742184991116, 2.0, 22.0, 9.0, 13.0, 2.0, 6.0, 1478.0, 3011.0, 3510.0, 943.0, 610.0, 1834.0, 114682.09304908168, 2.6871356526458046, 502865.75255255366, 2.9861456544114815, 877737.8250946407, 2.856213273914288, 16378690.000000002, 39488756.99999999, 73009039.0, 15790893.0, 34343312.0, 22586490.0]
[614.78, 459.42, 713.42, 262.18, 176.22, 370.42, 530.7977165722997, 399.75921783605935, 563.0635622219226, 170.44439993554425, 135.23498671813098, 423.45517990426697, 0.0, 2.0, 66.0, 0.0, 1.0, 1.0, 2346.0, 2065.0, 2064.0, 621.0, 441.0, 2300.0, 248006.6115006716, 2.703543809058346, 124113.96961156894, 2.937892328287129, 369837.30437830946, 2.6573367562803973, 32703287.0, 18383901.0, 40983393.0, 13555623.0, 18265432.0, 23270892.0]
[617.8627450980392, 472.6862745098039, 793.7254901960785, 215.52941176470588, 177.11764705882354, 408.72549019607845, 509.4955552154638, 474.48639559827546, 803.3452079506386, 162.33549863676478, 132.3650478123018, 470.72863003779037, 3.0, 1.0, 17.0, 2.0, 1.0, 1.0, 2224.0, 2182.0, 3444.0, 520.0, 448.0, 2708.0, 236319.6520054809, 2.7660053405161626, 193073.53928701702, 2.703042602077501, 578687.4123037847, 2.697690511519408, 33097734.180000007, 23104953.299999997, 65686147.68, 18787912.0, 24363327.0, 24492661.0]
[596.5490196078431, 592.3333333333334, 704.4705882352941, 209.37254901960785, 190.05882352941177, 419.8235294117647, 527.4776322736535, 508.0340802216586, 571.3550683398608, 188.0449904447671, 138.60395546516065, 456.3923183351075, 4.0, 36.0, 5.0, 3.0, 7.0, 1.0, 2229.0, 2473.0, 2808.0, 715.0, 465.0, 1959.0, 206359.41632320322, 2.948527700033186, 160954.67743316208, 2.848256363960179, 260147.39258377874, 2.932673781197954, 32702260.799999993, 31414703.580000002, 42465201.0, 18159439.0, 22123462.0, 21098455.0]
[391.0980392156863, 514.4901960784314, 600.9411764705883, 170.54901960784315, 156.07843137254903, 370.2352941176471, 356.98203063470635, 513.1086579877218, 656.2638619264268, 344.22076135674854, 127.25138005338174, 414.38096424596023, 4.0, 0.0, 0.0, 2.0, 2.0, 0.0, 1685.0, 2044.0, 2857.0, 2057.0, 462.0, 2056.0, 196759.21817804396, 3.036671306333493, 210850.21981196414, 2.6097598774550868, 380134.2628149944, 2.6620405295946408, 14456102.999999998, 27197007.66, 40750793.160000004, 13529213.0, 19497023.0, 13714351.0]
[473.14, 607.34, 702.02, 269.82, 178.66, 420.74, 367.0332804795661, 559.7517529208454, 587.8968912095704, 233.9873265362717, 134.78669618841377, 442.43758051623644, 3.0, 2.0, 55.0, 4.0, 2.0, 2.0, 1999.0, 1894.0, 2667.0, 1014.0, 426.0, 1746.0, 134109.6604974527, 2.907682306841544, 263066.7245405808, 2.7986449150151933, 341715.6835344394, 2.8175175493127185, 17794031.000000004, 33795872.99999999, 41577119.0, 15545790.0, 21050141.0, 16728552.0]
[518.94, 395.58, 555.02, 225.4, 153.6, 360.14, 468.7588218489594, 262.65023611375693, 433.3976582817235, 141.54035986031602, 108.07404868885037, 415.14556139125125, 2.0, 9.0, 42.0, 0.0, 5.0, 2.0, 2360.0, 1056.0, 1876.0, 528.0, 405.0, 2015.0, 367676.4855554577, 2.760504744451727, 103025.77753102774, 2.773508369228387, 259262.6225345605, 2.7952920338416325, 24231942.999999996, 11204449.0, 24606203.0, 10354177.0, 11791743.0, 16565759.0]
[610.44, 451.42, 658.72, 222.08, 169.96, 400.8, 551.5673089719247, 313.501560065122, 549.1741495469468, 169.83339254837313, 137.02270927529807, 429.51120771293085, 13.0, 11.0, 10.0, 3.0, 7.0, 0.0, 2235.0, 1467.0, 1879.0, 620.0, 441.0, 1724.0, 219085.7379915387, 2.769855668397522, 94823.42153567693, 2.7577263764968754, 294919.39673635754, 2.8394669862462516, 33538948.000000004, 15004879.000000004, 36473622.00000001, 16215198.0, 16718753.0, 20304204.0]
[654.2692307692307, 660.1538461538462, 741.2692307692307, 196.57692307692307, 340.9423076923077, 368.0576923076923, 561.5424526191357, 528.6090287528532, 662.7669307719622, 228.1149818561018, 775.0707852167639, 552.0907290264191, 5.0, 16.0, 4.0, 13.0, 0.0, 5.0, 2304.0, 2325.0, 2766.0, 1228.0, 5359.0, 3524.0, 445119.93712551385, 2.7871071133933203, 215110.24263154843, 2.954718490274072, 470680.91831640626, 3.02682883236515, 39875028.96, 38389066.56, 53014232.95999999, 25507142.0, 30843144.0, 24594310.0]
[571.82, 717.4, 637.64, 225.68, 149.66, 392.42, 441.2514526772641, 614.3930471013898, 640.8036332032854, 467.30200172514407, 131.2987884054331, 407.4658413127837, 27.0, 27.0, 0.0, 2.0, 4.0, 0.0, 2440.0, 3013.0, 2673.0, 2599.0, 417.0, 1949.0, 122362.04687584707, 2.9444226408961316, 281811.8092883614, 2.973034500741302, 339716.23400671943, 2.8701097456363, 25889345.0, 44229599.99999999, 40450074.00000001, 22998582.0, 21442311.0, 19280066.0]
[518.2745098039215, 648.7058823529412, 686.3137254901961, 261.6470588235294, 212.13725490196077, 398.7450980392157, 389.15452347011836, 572.7472145412022, 544.772410835794, 273.6206734535541, 150.8791595427073, 519.3836286652576, 10.0, 24.0, 27.0, 5.0, 9.0, 0.0, 1780.0, 2143.0, 2749.0, 919.0, 521.0, 2837.0, 112803.16798144353, 2.93244506860572, 321721.6716695183, 2.778741800977215, 223004.49274973499, 2.9392164098464058, 21696515.88, 38621029.08, 39638426.04, 18748249.0, 23792645.0, 22274734.0]
[488.34, 548.24, 617.44, 258.52, 185.12, 385.76, 417.2983863679634, 502.32957552684434, 454.38647400104475, 149.7511186970582, 118.30359423180373, 448.04339075585074, 35.0, 9.0, 7.0, 4.0, 7.0, 1.0, 1835.0, 2222.0, 2077.0, 594.0, 413.0, 2304.0, 156690.75994506074, 2.785896032596429, 218262.71593505825, 2.6416993635166457, 271013.8177694469, 2.458303531691893, 20456557.000000004, 27392770.0, 29178494.0, 19035789.0, 16794649.0, 13676341.0]
[625.16, 468.28, 654.02, 266.84, 189.02, 464.76, 493.3374620161856, 457.19272228035567, 508.03942840721186, 149.797054547212, 135.26866539126752, 469.0045280665622, 19.0, 0.0, 62.0, 9.0, 3.0, 1.0, 2011.0, 2727.0, 1913.0, 512.0, 453.0, 1910.0, 230706.18499460767, 2.748250674565454, 131627.324808832, 2.943745912093128, 236615.7829043629, 2.878302576579154, 31466962.0, 21206541.999999996, 34034207.0, 17950854.0, 15759873.0, 21399125.0]
[555.42, 501.12, 608.06, 221.0, 192.22, 375.62, 514.7254504954608, 422.3084103701793, 499.25583029307995, 162.13801125546578, 132.77989920410795, 410.97429732432715, 16.0, 14.0, 23.0, 9.0, 13.0, 0.0, 2305.0, 1949.0, 1842.0, 675.0, 456.0, 1546.0, 364462.5703421298, 2.8444024313971665, 116694.03021089277, 2.8903115963064163, 226925.53940580614, 2.7066274114431805, 28406740.999999996, 21294937.999999996, 30700411.000000004, 13767424.0, 16643879.0, 17309209.0]
[445.56, 575.42, 524.68, 178.82, 178.18, 359.04, 369.12744107571035, 550.9946142186502, 468.42002954787563, 185.58574562609013, 118.12889708505118, 362.4673361779215, 22.0, 7.0, 15.0, 19.0, 17.0, 0.0, 1759.0, 2417.0, 1689.0, 972.0, 448.0, 1551.0, 219604.18209278875, 2.919663429288741, 449753.09074715973, 3.0127914857249003, 342658.95771536557, 2.643382110541227, 16602683.999999998, 31431567.0, 24515903.999999996, 16975872.0, 15646564.0, 12831515.0]
[519.156862745098, 689.9215686274509, 728.3137254901961, 256.96078431372547, 192.52941176470588, 471.7647058823529, 547.6563657093386, 583.8392875830559, 708.9355539171688, 461.41720647519475, 128.86634206668188, 436.60479100602157, 13.0, 16.0, 2.0, 2.0, 6.0, 2.0, 3080.0, 2567.0, 3014.0, 2623.0, 447.0, 1635.0, 123102.87518195676, 2.672646862867952, 229828.75946166072, 2.8342052590149844, 392971.217862537, 3.0274407039947104, 29316932.82, 42145375.92, 53225605.32000001, 26073869.0, 30000838.0, 29406828.0]
[404.46, 439.3, 407.3, 381.88, 50.56, 160.96, 265.8320944675033, 340.79739926668867, 528.2881190550228, 1204.1072675790706, 857.5683029856657, 670.7043194147722, 1.0, 35.0, -2227.0, 5.0, -5838.0, -4048.0, 1058.0, 1643.0, 1547.0, 8614.0, 403.0, 1410.0, 78407.00839793685, 2.661943564779417, 167342.07244025616, 2.933602232012695, 482073.9914663036, 2.9679662081006812, 11642062.999999998, 15340225.0, 21969993.000000004, 9345365.0, 8463730.0, 11679363.0]
[711.76, 541.38, 558.44, 251.36, 185.58, 372.74, 566.4828675111662, 410.43913217977865, 478.53207343512764, 139.0679998109866, 125.47153348184486, 321.8290717579309, 18.0, 37.0, 6.0, 0.0, 5.0, 6.0, 2511.0, 1898.0, 1949.0, 553.0, 487.0, 1316.0, 331885.08734662185, 2.7103180363584776, 172644.65315503674, 2.8875960153048585, 299192.8309101634, 2.5032150263402966, 41054353.99999999, 22909168.999999993, 26813416.0, 22423819.0, 15440134.0, 22488021.0]
[652.22, 501.34, 584.98, 251.04, 192.9, 361.16, 577.9310138197238, 397.531906561843, 558.0160735743613, 168.04299255529455, 131.6569831968278, 367.01767515686623, 7.0, 54.0, 18.0, 1.0, 3.0, 0.0, 2485.0, 1724.0, 2328.0, 628.0, 515.0, 1493.0, 256218.8971410994, 2.7133075414026466, 111401.43793682272, 2.919163995456561, 198691.75574087544, 2.8723473771608, 37635754.99999999, 20310639.0, 32367795.000000004, 16590958.0, 17323484.0, 22001560.0]
[508.3333333333333, 475.6666666666667, 525.1176470588235, 200.7450980392157, 172.0, 323.05882352941177, 477.1333426482231, 356.97297750203256, 581.4388238519621, 161.91168495661515, 114.20945670127321, 305.803231622212, 7.0, 1.0, 20.0, 1.0, 5.0, 6.0, 2347.0, 1493.0, 2948.0, 699.0, 414.0, 1249.0, 390538.9963331153, 2.8453455741774145, 172764.12099416702, 2.851337618092389, 656206.5754811146, 2.608216915241099, 25052580.06, 18268896.659999993, 31586065.62, 13240508.0, 15938972.0, 14385884.0]
[695.34, 780.84, 818.78, 249.96, 174.96, 506.56, 540.3452263816804, 699.4576137761228, 773.8649170209994, 260.128771878821, 110.602240077695, 439.7933726333821, 6.0, 8.0, 3.0, 15.0, 3.0, 9.0, 1894.0, 2766.0, 3371.0, 1108.0, 423.0, 1643.0, 257744.03037726713, 2.9135852613881346, 480192.79667359305, 2.9543123649219645, 390216.4776736774, 2.7280148631163477, 38481561.00000001, 54458361.99999999, 62864512.99999999, 30570337.0, 33176846.0, 38243484.0]
[604.58, 594.38, 604.7, 217.98, 181.64, 346.56, 396.82397732444525, 529.7169012880408, 562.341542306881, 273.0677190435982, 123.70665763352085, 344.89076413217197, 40.0, 5.0, 42.0, 2.0, 4.0, 0.0, 1614.0, 2438.0, 2268.0, 1039.0, 447.0, 1236.0, 147796.82323113675, 2.9265367245943277, 249719.74870860006, 2.6716523273011292, 308676.4900966907, 2.7795535435296346, 25991843.0, 31413778.999999993, 33778277.0, 16853958.0, 16238428.0, 23044479.0]
[516.82, 534.22, 513.16, 220.74, 141.72, 300.34, 384.80260988125923, 451.1141441147774, 566.7314218303022, 162.31297683481623, 94.4785992396464, 268.162957614833, 9.0, 9.0, 21.0, 12.0, 2.0, 1.0, 1625.0, 1887.0, 3257.0, 663.0, 410.0, 943.0, 154932.0430343711, 2.7493788694696, 286820.25849941483, 2.3949307462962084, 536330.7494821175, 2.93019171984661, 20610725.0, 24241244.999999996, 28904700.0, 17818227.0, 19227019.0, 18950641.0]
[551.16, 554.32, 660.38, 274.02, 183.8, 353.12, 476.2057675640064, 469.5651240395582, 616.598400376565, 153.78231235040244, 117.770790876488, 317.8636365307794, 15.0, 18.0, 27.0, 6.0, 5.0, 1.0, 2015.0, 2010.0, 2519.0, 602.0, 458.0, 1287.0, 169760.99069007678, 2.774042151424728, 145752.8580895796, 2.3399991215836553, 252543.55612846214, 2.6819874742260716, 26300692.0, 26167612.0, 40434573.0, 16237131.0, 21700328.0, 18208195.0]
[532.92, 199.84, 738.76, 251.68, 199.76, 313.48, 526.9693806695653, 1824.1382014417616, 1640.213507256831, 161.48070460331684, 136.90180601363855, 341.15501533730367, -855.0, -12195.0, 11.0, 3.0, 0.0, 4.0, 1993.0, 1667.0, 11720.0, 530.0, 461.0, 1263.0, 413431.46124934306, 3.0526147551130154, 6886764.813538223, 3.2090280074038637, 5488584.484467875, 3.1810744092837213, 27807326.000000004, 165043329.99999997, 159113033.99999997, 24211014.0, -129510222.0, 5780813.0]
[553.98, 512.12, 548.4, 224.04, 168.0, 376.34, 508.9081345270039, 407.6650605983459, 542.6888460927398, 155.71283878751075, 110.80834714008854, 343.5957882662209, 16.0, 21.0, 1.0, 13.0, 0.0, 6.0, 2372.0, 1949.0, 2488.0, 714.0, 455.0, 1417.0, 291027.8928271392, 2.7286218759381407, 169609.97231698816, 2.802686102923788, 318839.32113271265, 2.669893001686256, 28035078.999999996, 21256694.0, 29468176.0, 15723468.0, 17146294.0, 16116217.0]
[564.843137254902, 566.7450980392157, 683.3529411764706, 197.41176470588235, 192.0, 367.9019607843137, 506.51575977649577, 511.64260350902185, 639.7848958370122, 211.78707953702823, 130.21689598512168, 365.94815233319383, 2.0, 29.0, 11.0, 2.0, 3.0, 8.0, 2394.0, 2321.0, 2519.0, 974.0, 533.0, 1296.0, 159118.05304485784, 2.708004101100485, 249262.6318590676, 2.940241759939879, 259298.06691921476, 2.574194408415907, 29681333.939999998, 30059510.16, 45167404.379999995, 17809146.0, 22608271.0, 21629124.0]
[407.28, 565.36, 526.94, 186.34, 168.66, 339.26, 316.32126784298896, 519.0060657897271, 472.05509925716706, 250.79185694556367, 110.40567310179866, 354.14938678933964, 20.0, 18.0, 27.0, 0.0, 6.0, 4.0, 1170.0, 2364.0, 1769.0, 1270.0, 397.0, 1399.0, 131372.99180197145, 2.8686741433148035, 371043.75527902343, 3.017466492802744, 348096.63471806137, 2.6985178099283487, 13196747.999999996, 29180594.000000004, 24802252.999999996, 11333714.0, 15483708.0, 13248043.0]
[422.86, 603.56, 629.66, 190.92, 184.04, 384.18, 309.0265829659187, 570.6468281248741, 534.6446697173207, 234.06364388293008, 110.21869910615467, 368.1291194288066, 8.0, 44.0, 17.0, 3.0, 12.0, 1.0, 1460.0, 2111.0, 1976.0, 1015.0, 457.0, 1280.0, 92122.68532837584, 2.86232150733489, 275193.05288948206, 2.779736658046175, 262111.6809471782, 2.8149206283471018, 13619903.0, 34170486.0, 33829987.0, 13535412.0, 20014948.0, 17660803.0]
[497.0, 662.86, 720.14, 259.54, 192.64, 427.84, 370.65468830055784, 621.0823340864605, 724.6151972472236, 244.61867117150786, 116.55335294032794, 417.9840520344073, 1.0, 11.0, 8.0, 0.0, 6.0, 4.0, 1379.0, 3002.0, 2803.0, 907.0, 433.0, 1959.0, 109509.78068402762, 2.972285182871366, 300474.34532078385, 2.7679075067111425, 415815.455227816, 2.8046395683485894, 19082310.0, 40870589.00000001, 51658372.99999999, 17921000.0, 27664696.0, 25493245.0]
[499.3529411764706, 424.72549019607845, 525.7647058823529, 267.72549019607845, 183.2549019607843, 329.6862745098039, 472.95842622917337, 466.0892652027666, 573.5681855973287, 168.40511612553493, 135.59274953141926, 368.2721542661665, 1.0, 7.0, 23.0, 8.0, 9.0, 1.0, 2177.0, 1866.0, 2578.0, 594.0, 450.0, 1694.0, 169274.0272614299, 2.8486181219476903, 337031.36169138335, 2.62234915103733, 488641.74021977687, 2.6244822131382173, 24379535.099999994, 20463177.78, 31157815.56, 14185599.0, 12364782.0, 16145526.0]
[667.0784313725491, 391.5686274509804, 609.3529411764706, 277.01960784313724, 191.7058823529412, 502.3921568627451, 509.27112005835374, 335.6191445613292, 573.9415588203875, 132.55134706159396, 122.60004798003091, 513.0835050332985, 7.0, 1.0, 3.0, 13.0, 3.0, 0.0, 2180.0, 1518.0, 2119.0, 493.0, 425.0, 2317.0, 272722.55313665693, 2.7190124243742626, 92841.64267512497, 2.956679752474613, 276744.3396488991, 2.8058377773529677, 36375779.57999999, 13720668.72, 36115453.13999999, 13925311.0, 16576096.0, 21929966.0]
[549.76, 476.18, 654.64, 238.0, 183.34, 403.98, 477.2537321990884, 463.93708625200463, 537.6919594575561, 157.79501039678806, 138.14065739126116, 434.3983166991101, 3.0, 15.0, 5.0, 0.0, 2.0, 0.0, 1757.0, 2453.0, 2005.0, 531.0, 467.0, 1589.0, 163935.6507666781, 2.664674993209631, 166749.20322057, 2.786369228686219, 197743.11144023438, 2.8227858660378535, 26272588.0, 21884012.999999996, 35594196.0, 16697073.0, 20367280.0, 22397527.0]
[503.45098039215685, 468.921568627451, 538.5294117647059, 206.31372549019608, 197.47058823529412, 379.5882352941176, 437.89698851330274, 403.48491139755174, 471.6200315059222, 164.7221284704734, 119.29599372002005, 416.83609135825026, 2.0, 4.0, 3.0, 9.0, 7.0, 4.0, 1893.0, 2048.0, 1872.0, 617.0, 433.0, 1632.0, 287247.2293113625, 2.8109424491295187, 172311.9104004004, 2.9617526462321897, 265878.7601236368, 3.017793801163203, 22964581.919999994, 19741348.26, 26430222.659999996, 12780645.0, 16219844.0, 13803515.0]
[543.74, 500.16, 670.3, 223.98, 180.26, 508.48, 466.6802344480531, 427.3888617917803, 571.9888770860882, 196.17698069626323, 111.7812751286536, 417.65830385077976, 25.0, 0.0, 1.0, 15.0, 0.0, 2.0, 1670.0, 1817.0, 2099.0, 876.0, 417.0, 1877.0, 105074.26207679893, 2.4422600147597024, 148469.89863227136, 2.9166052606029127, 270525.6545828086, 2.578807336791995, 25454391.0, 21458401.999999996, 38496497.0, 15608664.0, 19151652.0, 20422864.0]
[458.72, 578.2, 459.56, 182.3, 192.76, 333.48, 295.94835732620925, 489.98042443196704, 485.06431974091265, 239.22163321054052, 130.75956436708324, 371.97258182916255, 33.0, 11.0, 21.0, 1.0, 9.0, 5.0, 1114.0, 1936.0, 2059.0, 1067.0, 486.0, 1386.0, 85562.94123786429, 2.7022366091615524, 268086.62719736126, 2.6384525839848245, 270702.40041588753, 2.9218853850074393, 14812888.0, 28479721.999999996, 22088852.000000004, 16075558.0, 15896067.0, 12390240.0]
[530.9, 538.6, 539.92, 188.02, 177.18, 340.78, 457.3888735339471, 462.66384852795005, 490.4490587040345, 208.09264910670174, 117.24780838646227, 335.1694843885793, 7.0, 1.0, 9.0, 5.0, 13.0, 1.0, 2103.0, 1722.0, 1778.0, 1110.0, 474.0, 1458.0, 307272.26281838893, 2.8476462622794245, 266228.406597997, 2.8465733007159693, 339381.4087694173, 2.8113419226898078, 24343765.0, 24993332.000000004, 26362154.0, 17648129.0, 14346828.0, 17754789.0]
[564.9411764705883, 511.1372549019608, 573.5882352941177, 253.5686274509804, 196.88235294117646, 379.1372549019608, 364.8789065848946, 393.62378076573793, 413.63390462923076, 200.61627599992588, 114.14510888493182, 332.9070152224397, 23.0, 6.0, 10.0, 16.0, 3.0, 6.0, 1571.0, 1466.0, 1963.0, 760.0, 416.0, 1294.0, 82766.78544673555, 2.963211357554434, 130713.75825364207, 2.7624135175428908, 112091.95420982515, 2.667601757345507, 23392594.320000004, 21492736.2, 25840503.54, 14886469.0, 14124996.0, 18561017.0]
[486.26, 433.2, 503.14, 290.84, 190.64, 313.42, 416.5306079352858, 400.11034192368203, 452.09575516336656, 163.4605812807879, 128.12792714426357, 347.8449155961927, 21.0, 16.0, 3.0, 4.0, 4.0, 2.0, 1714.0, 2063.0, 2138.0, 591.0, 458.0, 1244.0, 194052.60688504745, 2.713317488153299, 273167.4053185915, 2.8678259748742168, 224106.11887327867, 2.4515316676079717, 20323829.0, 17227437.999999996, 22672630.999999996, 11647680.0, 11666742.0, 15148267.0]
[503.62, 461.46, 520.82, 268.84, 182.42, 329.3, 410.30023303002133, 374.9074013564372, 437.4568755422455, 133.84599130252315, 105.4278145540002, 322.1253558755647, 30.0, 2.0, 39.0, 13.0, 23.0, 7.0, 1865.0, 1755.0, 2354.0, 490.0, 405.0, 1133.0, 230953.61608854157, 2.591059354075708, 156642.88521269627, 2.8076356341733826, 160061.11927123935, 2.712776094895947, 20930623.000000004, 17534489.000000004, 22939731.0, 12717219.0, 14364636.0, 14820428.0]
[667.18, 445.72, 452.54, 319.76, 229.3, 481.74, 885.898982816383, 367.24440174391344, 365.1109537817629, 325.5244158371573, 119.73035180294569, 770.356763626637, 2.0, 15.0, 2.0, 6.0, 0.0, 6.0, 5854.0, 1782.0, 1461.0, 2355.0, 615.0, 5175.0, 297300.13898802263, 2.7700421890347817, 121504.16989603192, 2.771502249205476, 127191.47194418422, 2.6883868148161114, 60712491.0, 16541869.999999996, 16771617.0, 20854145.0, 10132440.0, 14785025.0]
[596.88, 475.62, 539.78, 244.74, 192.76, 332.28, 531.6770018401344, 355.2959611366276, 436.29059263808307, 154.22178702063056, 127.33702028355256, 352.14317820906837, 10.0, 10.0, 13.0, 9.0, 8.0, 0.0, 2550.0, 1566.0, 1948.0, 499.0, 413.0, 1239.0, 274233.0007482458, 2.7765478499281295, 75432.12927376741, 2.805594019670537, 230210.65321486976, 2.85637679767573, 31664628.0, 17496244.999999996, 23895247.0, 16864408.0, 14529849.0, 17313759.0]
[611.0, 554.64, 565.22, 229.9, 193.06, 363.48, 566.5972906711771, 354.3439330045639, 498.08507961051413, 146.36859398833633, 102.51180320294033, 339.2025606372351, 5.0, 5.0, 2.0, 3.0, 9.0, 14.0, 2652.0, 1354.0, 1835.0, 717.0, 415.0, 1577.0, 308175.2878147859, 2.694088839091315, 126240.05238272855, 2.7497268560165504, 230108.71317660992, 2.7435018714697983, 34396642.0, 21533698.0, 28130031.0, 19168274.0, 19108967.0, 17793740.0]
[462.3137254901961, 513.6078431372549, 429.47058823529414, 215.50980392156862, 178.9607843137255, 370.27450980392155, 428.72301035498805, 495.1143737938285, 421.0000642727351, 209.49838878130015, 115.2820820048482, 359.89571147383083, 0.0, 19.0, 2.0, 0.0, 0.0, 0.0, 1808.0, 2099.0, 1734.0, 880.0, 399.0, 1358.0, 123406.71664299161, 2.8688341892771985, 162619.3301642471, 2.8640352826322104, 83824.50698778882, 2.891771265985506, 20492416.08, 26224563.119999997, 18634121.940000005, 14390739.0, 15221437.0, 11380669.0]
[445.94117647058823, 594.8627450980392, 454.1372549019608, 169.66666666666666, 197.94117647058823, 326.7450980392157, 347.3826369733931, 520.2805404628485, 438.078578321645, 198.84060618160132, 128.719448688177, 379.9582526087441, 4.0, 7.0, 19.0, 3.0, 6.0, 0.0, 1848.0, 2313.0, 1962.0, 1048.0, 457.0, 1313.0, 174921.23517510056, 3.0735181521005464, 349445.1757740613, 2.7779359816712477, 305619.0638730304, 2.828685150708944, 16499290.499999998, 32213168.76, 20516193.3, 14121950.0, 16590107.0, 11070306.0]
[390.5, 532.38, 501.84, 181.54, 185.94, 364.54, 318.0154822312516, 471.7411902857804, 439.32756409247594, 216.73572829223923, 104.25565320158805, 350.33338116597406, 14.0, 16.0, 17.0, 5.0, 3.0, 0.0, 1161.0, 2041.0, 1510.0, 876.0, 430.0, 1276.0, 85475.24639799654, 2.795064543488876, 198151.6403498486, 2.8283599685955076, 182953.80798358316, 2.7968437744286248, 12580071.0, 25075871.0, 22049596.0, 12141265.0, 14651895.0, 11396448.0]
[469.5, 558.5, 513.52, 234.7, 178.06, 377.5, 351.55289612732565, 489.1507947453423, 443.6206432325268, 197.5115858136232, 125.63023326494336, 346.49635566596646, 15.0, 10.0, 8.0, 7.0, 0.0, 0.0, 1555.0, 2182.0, 1766.0, 845.0, 464.0, 1290.0, 96430.57822302938, 2.923575473862945, 163559.6067255832, 2.876014394398275, 176849.54363624076, 2.703693652499072, 17077395.0, 27320268.999999996, 22828304.0, 16521436.0, 16672199.0, 14567515.0]
[414.76, 432.82, 468.42, 270.52, 207.12, 278.72, 319.4867414450616, 402.22020012395586, 444.0872358683871, 171.69185021011168, 123.49942410838214, 347.37382322395064, 6.0, 5.0, 0.0, 8.0, 0.0, 1.0, 1483.0, 1752.0, 1763.0, 633.0, 477.0, 1502.0, 154923.42743316529, 2.8236846782847222, 272295.65562181367, 2.9723182255096234, 333655.92119243264, 2.482216251619084, 13602810.000000004, 17293931.0, 20634325.000000004, 9504910.0, 9242177.0, 11145543.0]
[557.9019607843137, 497.19607843137254, 502.15686274509807, 263.2352941176471, 191.76470588235293, 392.98039215686276, 476.25288471155574, 388.8162043746553, 443.86972739978654, 136.24589362403464, 96.97578836705462, 378.2045208717674, 3.0, 17.0, 6.0, 12.0, 7.0, 0.0, 1947.0, 1708.0, 1825.0, 492.0, 384.0, 1621.0, 269533.8532771378, 2.987618195638328, 96939.00009201281, 2.6725667497885017, 261221.42478018953, 2.7854463897724835, 27759121.499999996, 20569629.06, 23165479.080000002, 16051522.0, 14186933.0, 16971529.0]
[584.9607843137255, 540.9607843137255, 636.4509803921569, 274.7647058823529, 201.92156862745097, 394.921568627451, 588.0245219643247, 393.69348284086766, 630.6111738218882, 158.83747520472545, 134.31810646927016, 410.6259048397826, 23.0, 15.0, 14.0, 8.0, 0.0, 6.0, 2800.0, 1402.0, 2960.0, 499.0, 523.0, 1384.0, 470217.89086838573, 2.899095014518782, 128129.45594545374, 2.609908421101626, 382680.22181841865, 2.741662021205738, 35434572.54, 23127780.9, 41352926.7, 20819665.0, 22646293.0, 23130140.0]
[527.16, 440.14, 492.62, 220.9, 204.26, 313.22, 448.2227653153494, 377.2934228671042, 404.2994389391737, 144.71086584592587, 122.06318370551594, 423.9956820149787, 10.0, 29.0, 29.0, 18.0, 17.0, 1.0, 1933.0, 2179.0, 1688.0, 605.0, 455.0, 2064.0, 294644.09851690463, 2.7611224188471346, 96089.79344664293, 2.876774572533193, 267412.3737038067, 2.925007968367849, 23739162.0, 16661327.0, 20143167.0, 13706696.0, 12724098.0, 15036012.0]
[610.32, 500.38, 554.98, 251.4, 201.62, 502.82, 546.1814544860433, 399.8813543427855, 507.47628837740405, 188.38399776054467, 119.96630309195588, 513.5156413173322, 7.0, 6.0, 4.0, 13.0, 1.0, 4.0, 2221.0, 1636.0, 2438.0, 776.0, 509.0, 2619.0, 213587.593025427, 2.7295033118327052, 164957.1073649404, 2.777481556890508, 161170.80128292227, 2.586061303745206, 33241920.000000004, 20354357.0, 28019217.0, 16564573.0, 14532962.0, 15242694.0]
[461.19607843137254, 538.3333333333334, 574.4509803921569, 215.7058823529412, 205.35294117647058, 399.11764705882354, 403.75205359764266, 477.42495396309846, 449.37553621555725, 269.55491419134967, 129.91917849638855, 433.82607791873573, 4.0, 26.0, 10.0, 5.0, 10.0, 6.0, 2016.0, 1755.0, 1853.0, 1265.0, 465.0, 1544.0, 139854.76650397351, 2.888754526193327, 240646.75704854887, 2.750935662277728, 157602.11079290128, 2.645155935137895, 19378550.580000002, 26700204.419999998, 27465141.179999996, 14838443.0, 16951745.0, 12267677.0]
[392.06, 563.22, 452.82, 205.52, 202.88, 375.1, 361.2901152079016, 455.5257240882478, 429.71773792306305, 366.92841096801186, 110.02108146781205, 430.7830672396586, 18.0, 7.0, 9.0, 1.0, 3.0, 0.0, 1708.0, 1804.0, 1627.0, 2001.0, 439.0, 1893.0, 239470.34834202036, 2.9362255621881648, 267437.6766339852, 2.699667699469144, 317280.42454411555, 2.9086624254984383, 14081548.999999998, 26028519.0, 19300507.0, 12741498.0, 13497249.0, 9250791.0]
[496.46, 545.48, 548.72, 283.82, 227.66, 414.66, 419.8041433520043, 432.03019735728134, 430.556120687216, 270.73450282593865, 127.90487696339186, 460.04518899600214, 6.0, 9.0, 8.0, 1.0, 9.0, 15.0, 1734.0, 1974.0, 1487.0, 1185.0, 472.0, 1873.0, 149962.46838264598, 2.8961324620263995, 137296.93437559178, 2.6506093755135667, 132475.0541838719, 2.8126945526007083, 20959167.0, 24023276.000000004, 24138232.0, 15735118.0, 16378793.0, 15810872.0]
[574.84, 596.22, 664.78, 280.56, 202.38, 397.44, 466.9254784748628, 487.7430441768054, 574.0665285345189, 189.45605919934823, 127.82384083462007, 452.5670165730109, 27.0, 26.0, 12.0, 13.0, 1.0, 0.0, 2076.0, 2070.0, 2750.0, 751.0, 451.0, 1948.0, 213351.79647122242, 2.8603697187376875, 280505.6222975636, 2.8099907146145444, 250037.83083886682, 2.7852043103653155, 27205001.999999993, 29430685.000000004, 38244688.99999999, 17873770.0, 22209976.0, 22031383.0]
[617.46, 438.56, 524.98, 257.08, 216.04, 330.12, 476.40512728781846, 369.97005725505153, 402.3307853201474, 140.1286347814546, 113.78640211432317, 369.7478258135909, 12.0, 7.0, 36.0, 19.0, 5.0, 0.0, 1794.0, 1638.0, 1631.0, 574.0, 464.0, 1317.0, 227826.58702510456, 2.645812092550337, 174103.67098657522, 2.8661535873343715, 195885.94285862683, 2.9051175091630435, 30183973.000000007, 16323757.999999998, 21711833.000000004, 16150487.0, 12578198.0, 19197378.0]
[625.2352941176471, 442.84313725490193, 498.921568627451, 263.6862745098039, 195.0, 431.80392156862746, 422.1844425478179, 401.8367515570979, 500.91978771604755, 118.96545552320276, 102.11248699351123, 408.0586242003883, 30.0, 5.0, 15.0, 21.0, 20.0, 1.0, 1997.0, 2203.0, 2317.0, 456.0, 368.0, 1481.0, 103647.88282440786, 2.9164385344141657, 130461.81422143511, 2.7442538479901057, 274311.8153685356, 2.850865332217171, 29425840.26, 18436756.020000003, 25745912.819999997, 18529689.0, 12501919.0, 17153707.0]
[619.62, 539.94, 624.06, 254.08, 206.38, 298.98, 545.8603727425286, 434.8276886026351, 506.02828871476333, 163.85407146206006, 133.3157813277198, 314.1558491434154, 6.0, 1.0, 33.0, 8.0, 2.0, 3.0, 2917.0, 2202.0, 1837.0, 546.0, 546.0, 1168.0, 259167.2633529775, 2.6826568529450068, 114615.83791085932, 2.8419207893614136, 258064.2872356153, 2.4467301015328755, 33796660.99999999, 23841441.0, 32019711.0, 17133776.0, 20338633.0, 21384200.0]
[530.5882352941177, 490.921568627451, 505.98039215686276, 231.05882352941177, 176.45098039215685, 346.15686274509807, 489.8422267004179, 376.49710985011586, 489.4956788449139, 137.2691388134574, 106.16031532083733, 302.79031507292433, 3.0, 34.0, 12.0, 24.0, 0.0, 0.0, 2043.0, 1776.0, 1654.0, 583.0, 420.0, 1166.0, 228200.27583003446, 2.7837941809107103, 192535.8772052773, 2.7395522351604864, 243733.1652565232, 2.8785542263462793, 26882087.76, 19766281.14, 25537867.499999996, 13241721.0, 16094233.0, 14128282.0]
[491.38, 670.3, 645.3, 211.82, 188.8, 370.26, 447.7799609957861, 543.2624520770183, 515.1615260859294, 216.03341483791488, 121.90963531925387, 334.1019525442459, 3.0, 18.0, 35.0, 5.0, 6.0, 8.0, 1972.0, 2436.0, 1927.0, 1042.0, 484.0, 1252.0, 104353.6793948265, 2.793865600367988, 194934.2036866394, 2.7159305287909827, 202397.21780630213, 2.6930525917524064, 21897553.0, 36926675.00000001, 33824783.0, 19565158.0, 24930914.0, 14755474.0]
[429.4, 601.94, 534.92, 193.58, 203.34, 331.82, 379.6308625977802, 538.5069082231737, 418.0981156208603, 252.73363327375938, 126.61763265027183, 335.0827305704229, 32.0, 3.0, 11.0, 0.0, 7.0, 0.0, 1953.0, 2468.0, 1757.0, 1165.0, 469.0, 1247.0, 117764.83921532608, 2.8523785409272278, 362065.8488907368, 2.8400583606398477, 209411.96961980502, 2.528237725066592, 16281078.000000002, 32326082.99999999, 22872465.999999996, 15257759.0, 17346198.0, 13770421.0]
[452.34, 628.98, 469.44, 217.3, 179.34, 358.94, 386.20205190801255, 521.6512436484744, 428.5588645777419, 209.77969493772093, 103.82316402304016, 320.45002857906957, 13.0, 7.0, 3.0, 3.0, 24.0, 4.0, 1996.0, 2301.0, 1645.0, 962.0, 425.0, 1044.0, 197835.90313503315, 3.0382131906204686, 218891.4767197205, 2.622188752269266, 210453.03547890118, 2.988337543841348, 17539023.0, 33114672.999999996, 20018168.0, 14487376.0, 15307228.0, 14718506.0]
[505.6666666666667, 576.4509803921569, 487.5098039215686, 201.37254901960785, 174.37254901960785, 353.72549019607845, 465.6959379967434, 472.2769235829966, 420.18783288186825, 204.5664645814962, 125.3537332167357, 326.81365200562675, 38.0, 16.0, 11.0, 2.0, 1.0, 10.0, 2371.0, 1780.0, 1706.0, 739.0, 460.0, 1104.0, 101845.69645984976, 2.923530449658493, 190906.7849737324, 2.8497669426307493, 134182.37920654617, 2.8252149877068824, 24361958.459999997, 28661344.14, 21367823.94, 14502790.0, 13483093.0, 16966067.0]
[526.74, 444.1, 436.68, 240.58, 192.16, 286.74, 412.40810033811147, 424.1136375442558, 383.425827113875, 180.91254962617958, 116.38822438507344, 310.6520338295711, 4.0, 29.0, 6.0, 5.0, 9.0, 0.0, 2021.0, 2118.0, 1564.0, 667.0, 408.0, 1175.0, 164396.81932781375, 2.7065162311874507, 301284.56547485973, 2.914751355458953, 182707.6385360789, 2.6872139791025393, 22206693.0, 18674987.0, 16738224.0, 13286048.0, 9690567.0, 13184569.0]
[611.5, 470.12, 574.66, 278.5, 196.34, 427.68, 407.885600708466, 377.33569961518566, 521.176557885901, 149.86882019054573, 117.19608720918482, 353.9881492309006, 12.0, 1.0, 4.0, 4.0, 12.0, 5.0, 1648.0, 1567.0, 2685.0, 571.0, 461.0, 1320.0, 189108.81444265143, 2.8419492626733556, 106424.01081487737, 2.900768413602402, 288403.94182895933, 2.652983362782455, 26848774.999999996, 18027369.999999996, 29821331.0, 17011040.0, 12593115.0, 19709726.0]
[463.88, 520.64, 534.22, 244.46, 198.14, 277.2, 468.2968986723299, 333.71378180001096, 374.3350725361067, 155.7149685437191, 121.88084010078643, 310.5107707882452, 1.0, 66.0, 77.0, 0.0, 0.0, 6.0, 1920.0, 1426.0, 1353.0, 514.0, 433.0, 1128.0, 349305.29534253076, 2.7015743284691656, 142982.21798039923, 2.91035004849405, 131318.0909391722, 2.586994853174356, 21505030.0, 19010180.0, 21135760.999999996, 13967585.0, 14406622.0, 12568768.0]
[565.62, 489.5, 501.26, 259.44, 193.52, 311.96, 456.0209398163865, 359.5085222230767, 378.38608994150997, 131.90691832516146, 92.82796024949397, 283.905413970274, 33.0, 28.0, 10.0, 9.0, 21.0, 12.0, 1931.0, 1421.0, 1384.0, 474.0, 377.0, 1033.0, 236247.52189156425, 2.6537911543472643, 125546.23841185002, 2.692755016824569, 152493.11595094114, 2.6746989063382176, 26186099.0, 18313585.0, 19578705.000000004, 14139480.0, 13300709.0, 14349874.0]
[526.0, 504.58, 483.52, 231.84, 173.32, 312.64, 472.0145708577658, 325.28763347197184, 425.28810114978745, 149.2329175264941, 115.12804583929803, 316.45625548036344, 5.0, 14.0, 5.0, 3.0, 2.0, 5.0, 1892.0, 1182.0, 1493.0, 518.0, 459.0, 1077.0, 221433.90702488786, 2.7302438702478917, 77548.58367846171, 3.003954558767209, 114894.1993989012, 2.7598736535558483, 24750890.0, 17914838.999999996, 20552208.0, 14986956.0, 14160318.0, 14386813.0]
[535.0, 445.9230769230769, 402.4423076923077, 218.15384615384616, 196.15384615384616, 265.5, 501.8657737901249, 320.0560518405467, 387.1320093776362, 148.0311817463833, 117.1396660293432, 304.4835872456195, 7.0, 13.0, 2.0, 1.0, 15.0, 1.0, 2345.0, 1234.0, 1625.0, 515.0, 422.0, 1101.0, 312829.92310011736, 2.945077165718102, 122856.91422542652, 2.7756108561828894, 209371.11540804495, 2.7239280760528897, 28838193.279999997, 16186865.759999998, 16707954.64, 10607184.0, 12576005.0, 13032777.0]
[594.8, 579.38, 601.44, 251.1, 213.54, 343.46, 509.12049012919107, 520.6012963832479, 510.92809350699616, 163.44620908820775, 116.33944178259459, 326.1601090487521, 25.0, 12.0, 8.0, 4.0, 9.0, 1.0, 2219.0, 2199.0, 1956.0, 619.0, 501.0, 1247.0, 214887.55197107198, 2.839855534487285, 327255.90039799636, 2.837099161412764, 262020.71380224288, 2.7881200805614292, 30390332.000000004, 30064318.999999996, 30877832.0, 18578207.0, 22344395.0, 18405449.0]
[507.54, 481.34, 490.82, 230.38, 205.38, 334.78, 453.1900628447456, 374.5917293180262, 416.30271021290775, 159.01249982954428, 107.65077513773461, 330.8004694861313, 5.0, 42.0, 4.0, 7.0, 2.0, 18.0, 2084.0, 1457.0, 1586.0, 616.0, 422.0, 1257.0, 166950.50534225724, 2.623121081654212, 105876.3825098529, 2.8390948761244745, 162869.62238783078, 2.650372207966875, 22943523.0, 18460039.0, 20537303.0, 13645037.0, 14147173.0, 14445405.0]
[494.3921568627451, 555.5490196078431, 549.8039215686274, 190.58823529411765, 201.7450980392157, 330.3529411764706, 388.2623895476549, 400.2573828788416, 433.61448405734063, 172.79041367744776, 116.45253851028836, 368.4954178021438, 8.0, 2.0, 20.0, 0.0, 2.0, 1.0, 1661.0, 1621.0, 1804.0, 743.0, 435.0, 1359.0, 177183.95677440707, 2.8739401502936803, 198467.2749273274, 2.8056507890352753, 182808.90808254865, 2.7274910312644445, 20403047.760000005, 24225682.380000003, 25313929.56, 13184546.0, 15668923.0, 15260230.0]
[517.3725490196078, 640.3725490196078, 682.9411764705883, 210.31372549019608, 207.01960784313727, 431.7843137254902, 378.6441580578955, 458.170577876158, 552.8627826781146, 228.1254470852455, 126.2938621146853, 407.3630475988459, 2.0, 40.0, 8.0, 1.0, 0.0, 5.0, 1834.0, 2065.0, 2033.0, 1042.0, 430.0, 1473.0, 153439.56161426948, 2.7775319879131954, 169581.19027617318, 2.6786764669259044, 303004.40511234564, 2.78305697024737, 21236361.240000002, 32038139.82, 39851098.07999999, 18009734.0, 21964009.0, 22680361.0]
[408.54901960784315, 553.5490196078431, 561.6666666666666, 239.27450980392157, 220.33333333333334, 406.37254901960785, 369.6327536204275, 486.2233360802622, 528.9622544819873, 232.61548344264384, 122.15607502972034, 460.6253558276754, 5.0, 2.0, 6.0, 5.0, 17.0, 6.0, 2031.0, 1904.0, 1868.0, 1052.0, 476.0, 2066.0, 72785.34529920231, 2.774698125267304, 173739.718412783, 2.7754413045780053, 181950.0707057304, 2.69494997279739, 15650824.920000002, 27996856.980000004, 30680574.900000002, 13813716.0, 16922301.0, 15317428.0]
[457.45098039215685, 483.1372549019608, 546.9411764705883, 283.078431372549, 204.7843137254902, 402.3333333333333, 318.52844857095516, 362.3109724867765, 425.8327564556163, 231.7199899134518, 128.27303905739353, 552.5586906987046, 11.0, 8.0, 18.0, 16.0, 1.0, 2.0, 1948.0, 1753.0, 1841.0, 1098.0, 443.0, 2886.0, 165031.10339089425, 2.9030602776181427, 169413.9047089053, 2.92104684583572, 197305.83154254057, 2.9579490514681495, 16060257.0, 18837323.280000005, 24809515.080000006, 11843892.0, 13549342.0, 14460284.0]
[580.86, 564.74, 581.64, 300.08, 226.52, 532.76, 407.73270606101335, 531.7150844394093, 486.2904465104645, 219.92056450881887, 112.31810510640695, 586.7719565381357, 17.0, 8.0, 0.0, 5.0, 6.0, 5.0, 2191.0, 2672.0, 2333.0, 951.0, 437.0, 2619.0, 103811.57797057585, 2.689990943335649, 197814.55888675127, 2.897232886586787, 133875.79566146625, 2.91498323351408, 25015969.0, 29799888.999999996, 28502696.000000004, 17883398.0, 15523695.0, 18087775.0]
[518.9807692307693, 436.75, 537.4038461538462, 285.4230769230769, 213.48076923076923, 363.84615384615387, 399.5496234308204, 268.2465119558325, 439.6504520467562, 157.77476452132223, 126.7768597652809, 484.8914729845766, 2.0, 9.0, 6.0, 8.0, 0.0, 4.0, 2000.0, 1097.0, 1839.0, 542.0, 441.0, 2044.0, 181079.81705639052, 2.7483614169071076, 69384.03229352082, 2.867720784785539, 185875.46826793652, 2.8225576911076633, 23033263.759999998, 14132346.8, 25870695.76, 13662445.0, 12193623.0, 16249001.0]
[597.6538461538462, 426.0576923076923, 594.4423076923077, 281.15384615384613, 217.6153846153846, 352.90384615384613, 525.369744108026, 308.98286096649554, 485.08343383670143, 142.55516780274922, 119.57968117882554, 363.72432243392115, 5.0, 3.0, 31.0, 10.0, 0.0, 3.0, 1806.0, 1159.0, 1915.0, 525.0, 458.0, 1325.0, 245286.40310660098, 2.963264892197443, 100466.37911101294, 2.9917460139383523, 249051.55174969882, 2.829509715861528, 33956590.720000006, 14880630.96, 31590425.360000003, 14641000.0, 13763720.0, 20280682.0]
[543.14, 499.36, 571.34, 254.76, 204.92, 355.12, 470.147350327967, 389.7578400462921, 470.5170239172206, 156.60721176085795, 121.51490040488105, 377.33423932008253, 22.0, 52.0, 20.0, 7.0, 3.0, 1.0, 2021.0, 1747.0, 1786.0, 532.0, 415.0, 1591.0, 230540.0554670469, 2.679462422563805, 109005.31479515876, 2.6272051412537167, 174373.67981560246, 2.880742085692687, 25580940.999999993, 19911668.0, 27169396.999999996, 16990820.0, 15055708.0, 16923632.0]
[489.04, 474.82, 531.32, 230.88, 189.1, 325.9, 438.05753792237414, 357.40582832747566, 435.5748460719607, 150.82935891332323, 117.7632093201767, 350.5032096857317, 8.0, 5.0, 10.0, 8.0, 13.0, 7.0, 2078.0, 1458.0, 1767.0, 544.0, 471.0, 1378.0, 254902.60061728, 2.7591725035632146, 144203.8148980294, 2.8294390556112727, 326052.55635552394, 2.6689144825922666, 21360832.0, 17531909.0, 23411594.0, 12123722.0, 14353123.0, 13154135.0]
[533.4, 622.94, 731.62, 251.44, 207.72, 407.28, 503.3198358328997, 483.5922304029733, 535.0032954313917, 150.18806713652083, 137.44951429376474, 412.91230674469426, 30.0, 1.0, 18.0, 12.0, 1.0, 11.0, 2556.0, 1807.0, 2086.0, 608.0, 518.0, 1484.0, 132112.01478268037, 2.999447788590462, 242578.50938413898, 2.9229405856377824, 311562.7986738404, 2.817151678626833, 26638989.999999996, 30861923.0, 40788589.0, 18178733.0, 24456431.0, 21430881.0]
[460.2352941176471, 495.2156862745098, 504.5882352941176, 214.27450980392157, 193.19607843137254, 295.9019607843137, 343.10182676490047, 414.6068168144605, 433.92451769728746, 169.58220171130844, 114.16357030293739, 333.6738680149802, 17.0, 3.0, 5.0, 8.0, 1.0, 1.0, 1748.0, 1841.0, 1774.0, 563.0, 380.0, 1140.0, 173287.84087560052, 2.7224444281023232, 178037.78979273964, 2.8617804924977843, 192526.29537749567, 2.822219202009242, 17022357.72, 21524150.159999996, 22847589.959999997, 13080594.0, 16599283.0, 10651829.0]
[446.84, 498.4, 498.68, 211.42, 187.26, 342.2, 324.1668983088552, 333.36307350321545, 394.6514576955525, 110.8422467900637, 106.63054851941361, 276.6635767387488, 11.0, 38.0, 9.0, 48.0, 5.0, 28.0, 1352.0, 1384.0, 1869.0, 547.0, 430.0, 1130.0, 80525.25162068634, 2.8256705889578115, 111055.79296858002, 2.9458991135433408, 195085.9064744871, 2.813058727670369, 15132423.999999996, 17865544.0, 20065826.0, 11659650.0, 14703334.0, 11106351.0]
[365.54, 513.66, 534.86, 197.74, 189.38, 358.18, 326.39729203058346, 412.60425324506576, 400.7575484667272, 153.20611833042946, 111.3730429407294, 358.4468588399749, 9.0, 19.0, 0.0, 11.0, 4.0, 14.0, 1431.0, 1934.0, 1570.0, 592.0, 418.0, 1436.0, 92229.77487975772, 2.8323039426516003, 86995.78213098794, 2.7396088626003534, 126448.96917876397, 2.7483405696553396, 11901199.0, 21534201.0, 22173485.0, 11822362.0, 12705106.0, 8870467.0]
[414.7, 676.04, 600.68, 202.48, 230.88, 398.32, 334.0607454231237, 449.8083473967053, 564.2974479792713, 236.7660724454086, 132.57737671385163, 513.1253751396874, 3.0, 11.0, 29.0, 1.0, 12.0, 0.0, 1297.0, 1778.0, 2167.0, 1240.0, 475.0, 2253.0, 152864.31742379433, 2.763431407078494, 219923.23803355868, 2.7842374321082186, 323817.8406985638, 2.8214268415010713, 14067037.0, 32765553.999999993, 33643972.00000001, 16155689.0, 21087986.0, 14107351.0]
[484.2307692307692, 578.9423076923077, 630.9807692307693, 272.21153846153845, 238.0, 484.86538461538464, 418.6662115358124, 422.82747668252046, 558.1013152235879, 386.08956273446273, 105.67764525140761, 598.8408420209815, 29.0, 11.0, 17.0, 1.0, 5.0, 7.0, 2017.0, 1719.0, 2842.0, 2176.0, 461.0, 2757.0, 205639.90921405412, 2.822434221770814, 154765.870912365, 2.7885484849533237, 346595.96000204235, 2.8681308850772083, 21977573.28, 27608874.799999997, 38051978.64, 17935357.0, 20734490.0, 19672301.0]
[494.7692307692308, 466.5192307692308, 690.0384615384615, 278.3076923076923, 218.1346153846154, 370.8269230769231, 339.9598370387253, 412.78330688928725, 531.2647123328782, 251.344115215363, 116.01538587046417, 422.70648608530036, 1.0, 5.0, 13.0, 15.0, 15.0, 2.0, 1373.0, 2133.0, 2288.0, 943.0, 444.0, 1665.0, 90153.92054574881, 3.0081929669616803, 104841.31896884539, 2.98782861714364, 285389.4284820975, 2.840440015232727, 19368575.2, 20807470.32, 40720484.48, 10889361.0, 18138440.0, 21320375.0]
[458.1, 522.72, 548.04, 223.44, 190.94, 327.5, 382.67129017804643, 409.4254829910431, 485.87417368395, 217.7105511490719, 110.14284046692481, 339.9445482992298, 6.0, 1.0, 1.0, 3.0, 2.0, 0.0, 1666.0, 1952.0, 1749.0, 830.0, 429.0, 1354.0, 155413.87856455948, 2.918267761273093, 230736.59811745246, 3.029491101362321, 299900.61149238603, 2.620516020189471, 17668208.999999996, 21875642.0, 26585004.0, 12622155.0, 15860499.0, 15640428.0]
[486.7, 518.68, 517.72, 280.04, 171.96, 372.02, 346.0884191612759, 401.4475053999424, 484.6594444998025, 144.7355026048748, 101.3540893529779, 280.14110802979854, 1.0, 16.0, 4.0, 3.0, 2.0, 7.0, 1607.0, 1941.0, 2080.0, 630.0, 481.0, 1043.0, 106797.84281126494, 2.899186002630266, 103594.05648425243, 2.8873912007501694, 211498.8118118759, 2.938795115890282, 17712927.0, 21348292.000000004, 24911544.0, 14847701.0, 14445673.0, 16610057.0]
[557.12, 513.46, 593.48, 276.74, 206.66, 313.82, 436.18038956938216, 384.1097425029913, 476.40996922347273, 147.276057602236, 128.10528355016973, 330.8355957701218, 13.0, 4.0, 2.0, 18.0, 4.0, 1.0, 1835.0, 1910.0, 1737.0, 557.0, 495.0, 1207.0, 216823.91240078723, 2.7341894536208886, 140973.18986004932, 2.997538930520065, 185739.66416637402, 2.9335447368196075, 24841548.0, 20411533.0, 28732281.999999996, 15758693.0, 15386593.0, 19594106.0]
[442.22, 392.2, 455.72, 254.68, 182.06, 308.36, 465.5834737406475, 309.23110702356644, 399.0296925169906, 124.39312928069981, 93.10437636308609, 276.5045491746668, 9.0, 1.0, 11.0, 4.0, 23.0, 1.0, 2000.0, 1282.0, 1873.0, 496.0, 488.0, 930.0, 216981.73675909333, 2.8354574002662054, 131037.80409236625, 2.83465594155406, 262266.6174277926, 2.7661863789938463, 20399556.999999996, 12376612.000000002, 18186046.0, 8853678.0, 11429064.0, 13051989.0]
[573.5294117647059, 481.8627450980392, 490.0980392156863, 250.27450980392157, 196.7843137254902, 331.11764705882354, 417.29621867163746, 338.72218820784934, 390.08620867197857, 148.63755628122692, 115.73146741063817, 325.6482548430944, 32.0, 6.0, 24.0, 1.0, 11.0, 12.0, 1598.0, 1221.0, 1731.0, 517.0, 468.0, 1181.0, 160065.9720074569, 2.674788085055266, 102260.64138669167, 2.8236157569192897, 89695.66767727607, 2.6585413995370404, 25992192.84, 17929981.259999998, 20255530.26, 14279129.0, 14101116.0, 15239591.0]
[478.4, 529.94, 499.4, 234.22, 184.9, 320.78, 418.8949505446882, 400.2179207402295, 429.46692158383263, 124.42000790607166, 98.59652889531193, 328.76046053040386, 9.0, 4.0, 9.0, 23.0, 0.0, 0.0, 2054.0, 1873.0, 2281.0, 526.0, 410.0, 1251.0, 232734.23476218944, 2.8986330832917733, 258322.75204455634, 2.813072316725258, 326725.15332143795, 2.98643545347781, 20041503.999999996, 21890364.999999996, 21507667.999999996, 13823607.0, 17356105.0, 12317141.0]
[562.0769230769231, 454.5769230769231, 640.9038461538462, 228.03846153846155, 213.75, 388.28846153846155, 450.7486080869332, 416.2584202129611, 445.54501806458563, 163.37734039471164, 131.72191072371325, 455.65197144305176, 2.0, 8.0, 18.0, 7.0, 3.0, 4.0, 1697.0, 1705.0, 1748.0, 591.0, 460.0, 1812.0, 218985.27941689157, 2.7780453937277922, 133952.35776286805, 2.8059190181276548, 135412.97661982925, 2.8172571924796634, 27861884.960000005, 20365398.560000002, 32742768.240000002, 13442098.0, 17047688.0, 20073030.0]
[458.98, 514.3, 513.6, 168.38, 181.12, 303.4, 398.5399624035877, 466.85133979607224, 541.9760142294123, 190.74942319435618, 116.14358460499642, 378.36026455736385, 3.0, 4.0, 8.0, 0.0, 5.0, 6.0, 1752.0, 1839.0, 2245.0, 863.0, 460.0, 1586.0, 235596.3132928376, 2.861570205346988, 294664.4885444623, 2.724789317169431, 440898.1161197295, 2.7227165042412973, 18316003.0, 23904782.999999996, 27582409.999999996, 12307035.0, 15966619.0, 13230276.0]
[361.12, 550.9, 545.42, 214.24, 195.72, 445.48, 353.8599192462741, 469.73658488952447, 494.6249079775873, 267.3017525920388, 126.52482857090918, 502.4748644337895, 2.0, 0.0, 22.0, 9.0, 1.0, 1.0, 2033.0, 1883.0, 1704.0, 1292.0, 582.0, 2067.0, 62743.838847136154, 2.855270511256598, 142479.92144276306, 2.684405682960754, 186086.47155298537, 2.3788698830671637, 12656008.0, 25986511.000000004, 26862185.000000004, 9953121.0, 19190252.0, 12690799.0]
[361.86, 439.0, 467.84, 202.72, 192.1, 332.92, 263.4229167350944, 366.03852813827217, 459.6292809627857, 318.4247606001539, 126.8700524319338, 466.86788936748366, 14.0, 9.0, 12.0, 0.0, 1.0, 0.0, 1176.0, 1387.0, 1938.0, 1855.0, 544.0, 2271.0, 103143.44201547606, 2.604276512058879, 205370.6908198359, 2.8704539499609076, 319900.2451633171, 2.4762220281277276, 9947323.0, 16201275.999999998, 21295408.000000004, 9227330.0, 12253630.0, 10163596.0]
[435.16, 636.5, 593.86, 236.16, 197.42, 434.12, 264.30149450958464, 513.8548691319488, 523.4376562686334, 255.9028323247649, 120.22293746984205, 466.1996874424399, 9.0, 2.0, 1.0, 4.0, 8.0, 4.0, 991.0, 2042.0, 2006.0, 1390.0, 504.0, 2058.0, 73313.04457530618, 2.7596808117601705, 200259.99885082548, 2.6978073469051824, 165174.5073210243, 2.821467627583424, 12891120.000000002, 33194907.000000004, 31058847.0, 13738326.0, 18971322.0, 15810750.0]
[730.24, 553.62, 656.64, 272.9, 176.96, 362.46, 611.1273476960762, 496.28052838807093, 803.4246535161534, 285.0982107904544, 132.80305504231228, 407.52890018966247, 36.0, 11.0, 2.0, 8.0, 5.0, 0.0, 2651.0, 1939.0, 4683.0, 1411.0, 608.0, 1762.0, 549354.6816213609, 2.428077713522976, 299052.5178163982, 2.6442744939038287, 1028192.2016900203, 2.963356535331641, 44962878.0, 27393179.0, 53187871.99999999, 27415531.0, 22423966.0, 37770987.0]
