[239.48387096774192, 304.73118279569894, 561.752688172043, 434.7956989247312, 15.86021505376344, 27.27956989247312, 211.879662980789, 278.2003164668966, 461.2708497918497, 478.1865553530652, 16.258503726712064, 25.011460673666942, 15.0, 2.0, 8.0, 10.0, 0.0, 0.0, 1134.0, 1446.0, 2026.0, 1960.0, 86.0, 98.0, 61174.28033247337, 3.4737220284335746, 94818.78518984061, 3.300126851484898, 154363.01789274497, 3.25301340478803, 8801464.2, 14653507.799999999, 45497979.87, 9295861.0, 18079312.0, 15547814.0]
[236.65591397849462, 297.64516129032256, 567.0537634408602, 421.7741935483871, 23.50537634408602, 24.440860215053764, 205.3878883131419, 251.20555610206912, 613.6235987892883, 461.9567815526041, 22.632999981709077, 21.14158397956573, 1.0, 8.0, 7.0, 2.0, 0.0, 0.0, 1116.0, 1220.0, 2697.0, 2656.0, 92.0, 90.0, 21280.596811864943, 3.187134872598555, 46258.01510255948, 3.14866582607319, 294912.44548648485, 3.4193364677879585, 8453239.65, 13061575.65, 60027099.24, 8747386.0, 16656071.0, 13866984.0]
[168.96774193548387, 241.68817204301075, 392.97849462365593, 371.2043010752688, -120.24731182795699, -100.91397849462365, 141.829693617327, 229.1677275677768, 641.4708976843533, 1452.0844429806816, 2335.9705442972127, 1168.6862808104884, 0.0, 0.0, -4044.0, -12148.0, -12981.0, -11249.0, 608.0, 999.0, 2510.0, 3249.0, 13051.0, 84.0, 20886.6824995096, 3.51620097592395, 58392.94246509818, 3.1999731965055997, 447562.616950738, 3.445851916021924, 4190394.0, 9545582.31, 48563481.20999999, 4647002.0, 10023368.0, 8038841.0]
[209.8709677419355, 256.7204301075269, 485.9247311827957, 500.5698924731183, -79.78494623655914, -195.2688172043011, 1070.4923920470312, 962.4442656431479, 1004.1717573134927, 673.5111018395132, 806.239106424045, 1483.9990634869375, -4050.0, -4945.0, -3134.0, -2245.0, -7650.0, -12149.0, 9460.0, 7669.0, 8567.0, 4077.0, 64.0, 56.0, 324684.1192465112, 3.684819268574675, 267970.4092980262, 3.6447061792268314, 372468.36294624076, 3.600383891045918, 101857344.17999999, 84954295.65, 106697624.97, -73939315.0, -56402421.0, 100970695.0]
[205.7659574468085, 275.1063829787234, 402.02127659574467, 630.5744680851063, 14.148936170212766, 19.9468085106383, 151.81046654751614, 234.19743844430334, 409.3507048270942, 1019.8685819763261, 12.961446095154754, 16.69741272938447, 1.0, 8.0, 10.0, 2.0, 0.0, 0.0, 628.0, 927.0, 1751.0, 7424.0, 70.0, 63.0, 23317.550627343455, 3.372073295517688, 45770.648154257506, 3.503688384805261, 166051.32923962257, 3.591275461778987, 5755847.4799999995, 11482246.640000002, 28929635.520000007, 6206501.0, 9641376.0, 8630823.0]
[184.63440860215053, 248.29032258064515, 534.1505376344086, 706.5698924731183, -124.24731182795699, 18.623655913978496, 159.2419395916735, 193.43286559498134, 469.6915487904191, 1133.0638954876274, 1378.8167868322116, 14.722737501310407, 4.0, 0.0, 13.0, 10.0, -13277.0, 0.0, 752.0, 741.0, 2449.0, 8687.0, 90.0, 69.0, 21430.353422877775, 3.523337269018048, 38379.387353134654, 3.381874365967349, 196983.42622015375, 3.3508678495291004, 5118062.489999999, 8533279.170000002, 43552454.28, 4615507.0, 12128563.0, 12361818.0]
[188.81720430107526, 253.46236559139786, 391.2043010752688, 430.86021505376345, -522.9462365591398, 16.838709677419356, 140.59724672891457, 200.3105501541015, 401.5613158859831, 1649.9568215127554, 2546.4200931025375, 14.847990877542296, 8.0, 0.0, 5.0, -13474.0, -12572.0, 0.0, 648.0, 1009.0, 1554.0, 3803.0, 72.0, 68.0, 15138.515748634343, 3.423169572672847, 35035.67402571805, 3.440269062102524, 137224.96153700413, 3.3045836251160243, 4774850.64, 8989428.36, 27033176.76, 5482677.0, 9836892.0, 7971797.0]
[33.60215053763441, 67.89247311827957, 176.41935483870967, 344.68817204301075, -126.40860215053763, 13.623655913978494, 1110.859715439636, 1414.4192959776938, 1437.9173974172618, 503.00306807117346, 1343.6283310868046, 12.799383458737228, -10515.0, -13335.0, -13207.0, 0.0, -12944.0, 0.0, 481.0, 780.0, 1784.0, 2834.0, 52.0, 54.0, 100097.77486239072, 3.6595251966779987, 161025.580529481, 3.692327191479643, 286378.50818115054, 3.454143585891299, 105679492.58999999, 171568457.16, 179596303.65, 143354189.0, 182505717.0, 143493807.0]
[186.6021505376344, 300.5483870967742, 391.40860215053766, 827.3440860215054, -682.3548387096774, 19.344086021505376, 148.37885849237023, 219.7867798833695, 376.49268820659023, 1543.3747501654743, 2952.6073799461046, 15.831651444836094, 2.0, 27.0, 0.0, 8.0, -13404.0, 0.0, 612.0, 985.0, 1785.0, 12653.0, 72.0, 65.0, 17353.477564195997, 3.1314740982874785, 42981.2406059126, 3.095098774823299, 117802.38891052658, 3.346523248606208, 4895326.56, 11945664.929999998, 25378179.449999996, 6761385.0, 10984517.0, 7408815.0]
[151.04255319148936, 268.71276595744683, 425.6063829787234, 825.8191489361702, -530.2553191489362, 16.148936170212767, 119.41316320280312, 238.4006126110889, 330.67689515761083, 1446.4064849237145, 2638.370207811259, 13.765280812440563, 3.0, 4.0, 3.0, 3.0, -13231.0, 0.0, 477.0, 1433.0, 1327.0, 10972.0, 105.0, 61.0, 11841.282293089378, 3.513460317190476, 46209.50751461053, 3.286178725503613, 104950.83521275426, 3.472304755902307, 3262397.8400000003, 11348673.579999996, 25564733.499999996, 4248363.0, 10602937.0, 7332710.0]
[183.56989247311827, 322.2258064516129, 429.5483870967742, 599.8817204301075, -121.54838709677419, 18.247311827956988, 126.92863433488422, 259.14785644627904, 393.6886464588877, 915.9051100635296, 1398.1662331668658, 16.891376700127775, 4.0, 3.0, 1.0, 2.0, -13458.0, 0.0, 541.0, 1306.0, 1922.0, 5035.0, 103.0, 73.0, 19143.85966507626, 3.3668479434882763, 113616.43355307488, 3.3353066516824272, 156766.31483603906, 3.401105070039291, 4292978.580000001, 14726216.129999997, 29219435.639999997, 6769083.0, 12870173.0, 7426778.0]
[122.9247311827957, 262.9569892473118, 297.40860215053766, 461.2903225806452, -408.63440860215053, 16.655913978494624, 99.33816164989817, 234.03102330481255, 344.96950831099423, 731.65697267654, 3071.6938741017934, 14.516478360557008, 1.0, 0.0, 1.0, 4.0, -13413.0, 0.0, 406.0, 1051.0, 2478.0, 5278.0, 13386.0, 69.0, 7384.313412861615, 3.29260763429513, 76156.78737256138, 3.3672867405373195, 81190.73195811229, 3.3467060028825117, 2151218.34, 10666635.930000002, 17832181.770000003, 3217763.0, 6870057.0, 4154045.0]
[170.51063829787233, 166.5744680851064, 131.82978723404256, 367.77659574468083, -479.3936170212766, -49.56382978723404, 149.94412899841583, 571.1615685649972, 1403.3727471667235, 698.3806177066244, 2412.7716905037764, 604.848164693886, -444.0, -4948.0, -13020.0, -3150.0, -13200.0, -5850.0, 617.0, 1237.0, 1779.0, 3349.0, 45.0, 64.0, 17509.410186343634, 3.3964255404788473, 101209.06417688668, 3.476189277900003, 577533.2040294759, 3.59751826755818, 4534452.839999999, 30970366.120000005, 173705378.64, 6525534.0, 70562293.0, 11406510.0]
[149.58064516129033, 226.61290322580646, 329.6666666666667, 622.5806451612904, -271.2795698924731, 12.483870967741936, 113.2142373306549, 192.11794567163255, 301.5820002893918, 953.3667267679708, 2774.4805795334937, 10.221049149783996, 1.0, 2.0, 1.0, 0.0, -13478.0, 0.0, 518.0, 1155.0, 1455.0, 4909.0, 13263.0, 40.0, 8684.116642777064, 3.4588601489021356, 24517.87591338543, 3.330103482013927, 85893.9262719244, 3.3692582899509507, 3031821.39, 7599516.3900000015, 17181570.51, 3373315.0, 7472746.0, 5868964.0]
[171.51612903225808, 283.36559139784947, 326.7096774193548, 622.5591397849462, 22.591397849462364, 18.881720430107528, 129.048492141455, 204.793999622645, 286.6592273462009, 1086.7291217062646, 1934.3813427180366, 17.184326442104656, 2.0, 8.0, 1.0, 1.0, -12920.0, 0.0, 537.0, 1019.0, 1553.0, 8898.0, 13316.0, 72.0, 16632.877812629456, 3.4246400907472387, 53088.87036046648, 3.1474543302206555, 58275.19138431478, 3.1155972069999254, 3969218.609999999, 10533242.31, 16262640.299999999, 5332285.0, 8969586.0, 6083234.0]
[137.50537634408602, 239.03225806451613, 311.2258064516129, 799.1075268817204, -405.505376344086, 15.161290322580646, 105.19181482208275, 182.08893262054454, 276.01591514574795, 1495.9444992492317, 2321.602471418582, 12.923933243826493, 0.0, 3.0, 3.0, 4.0, -13312.0, 0.0, 531.0, 783.0, 1220.0, 11526.0, 70.0, 48.0, 8048.441877122451, 3.4393469492940123, 28907.361011721467, 3.13738843790468, 62965.67285298783, 3.167835317623352, 2582078.04, 7778588.819999999, 14895921.599999998, 3092403.0, 7537780.0, 4364425.0]
[302.9139784946237, 253.8709677419355, 421.73118279569894, 748.258064516129, -606.3118279569892, 74.06451612903226, 825.6981322271157, 1913.6009092000986, 1160.063539674565, 1827.2163784150982, 3250.538082474877, 1461.067111561984, -1343.0, -9442.0, -4042.0, -6740.0, -13290.0, -6750.0, 6755.0, 11267.0, 9453.0, 10379.0, 9450.0, 12151.0, 152345.86416853446, 3.5809375967788046, 420675.44902072276, 3.377819340667916, 161556.25007368266, 3.5343724782271653, 66268927.23, 318883784.6999999, 130525017.33, -84571630.0, -62441098.0, 65484143.0]
[165.83870967741936, 233.68817204301075, 323.26881720430106, 490.0, -240.8709677419355, 70.46236559139786, 147.31076957608897, 239.66706882740047, 401.0309307106239, 799.3351721219981, 1916.4313315084103, 511.81748953117597, 0.0, 0.0, -2236.0, -449.0, -13092.0, 0.0, 661.0, 1478.0, 1213.0, 4674.0, 2254.0, 4951.0, 21157.713544042545, 3.4449111831970263, 47970.84393340753, 3.235584377829784, 262278.9548510395, 3.5266106378416406, 4235380.890000001, 9637825.290000001, 22798697.04, 4294906.0, 7665312.0, 5997079.0]
[134.0212765957447, 223.54255319148936, 263.75531914893617, 481.13829787234044, -536.3191489361702, 14.393617021276595, 102.40872975257322, 193.67985250544106, 238.38780576855092, 709.9787608676004, 2624.3639729732854, 15.27258988614062, 1.0, 1.0, 2.0, 0.0, -13154.0, 0.0, 554.0, 803.0, 1402.0, 3677.0, 70.0, 60.0, 10643.715330349385, 3.3493263981191004, 39002.09760882476, 3.324337434897582, 51238.388285636254, 3.266928088580815, 2503917.479999999, 7694750.700000001, 11114897.459999999, 2995800.0, 6290423.0, 3814182.0]
[163.0215053763441, 229.21505376344086, 303.247311827957, 661.8279569892474, -397.6236559139785, 15.021505376344086, 149.0387299018369, 190.05513213060536, 270.1193237101119, 998.6973648714686, 2279.066446529189, 12.671414675683334, 2.0, 7.0, 3.0, 2.0, -13060.0, 0.0, 780.0, 907.0, 1459.0, 4621.0, 72.0, 66.0, 28149.337250222354, 3.18430981933551, 41822.84325146851, 3.353092968394219, 58846.603826340346, 3.16867585169669, 4199064.39, 7634653.65, 14196366.299999995, 4196365.0, 6347318.0, 5373678.0]
[167.61290322580646, 222.95698924731184, 258.9569892473118, 574.3333333333334, -532.8494623655914, 11.731182795698924, 136.09084499909102, 178.39952195652066, 238.54987237101625, 875.7366505744865, 2588.596224186906, 10.694512799588878, 0.0, 2.0, 3.0, 10.0, -12922.0, 0.0, 669.0, 922.0, 1155.0, 4601.0, 59.0, 50.0, 10704.3200289773, 3.364715406317825, 34855.550327288955, 3.2164971009524876, 60849.699678766454, 3.2711402855975216, 4014490.0799999996, 7022468.130000002, 10668789.81, 3635451.0, 5715346.0, 4405886.0]
[37.354838709677416, 276.4731182795699, 230.46236559139786, 617.5591397849462, -264.3333333333333, 12.387096774193548, 1411.8268203101202, 239.91889895101284, 260.75690657991356, 1065.7510258882514, 1910.1507300718974, 11.3903394021888, -13370.0, 1.0, 1.0, 0.0, -13202.0, 0.0, 654.0, 1181.0, 1325.0, 5578.0, 181.0, 57.0, 55813.178589281604, 2.9204136106910172, 62295.24067298008, 3.207992358330009, 56992.17360408066, 3.157657000817703, 170663582.04000002, 11535995.28, 10411315.59, 4694076.0, 5827971.0, -636798.0]
