[233.36170212765958, 477.06382978723406, 672.1914893617021, 164.74468085106383, -105.65957446808511, 19.404255319148938, 189.88507282852206, 483.3781397513505, 630.4518481454519, 151.66544507390913, 1216.7176323382625, 16.278040587044437, 3.0, 2.0, 7.0, 9.0, -11775.0, 0.0, 751.0, 2724.0, 2536.0, 803.0, 107.0, 75.0, 26828.389871620282, 3.4844918046555735, 324130.4329848434, 3.097118025367042, 412172.73351543816, 3.361706729904407, 7963926.28, 40535913.28000001, 74671492.52, 12008038.0, 42774338.0, 18759033.0]
[189.7741935483871, 396.1182795698925, 630.5483870967741, 277.16129032258067, 20.9247311827957, 15.989247311827956, 189.27804077095834, 357.11184003426735, 635.8025314877908, 283.3749356196617, 19.306023254268165, 10.943028973869835, 1.0, 16.0, 2.0, 1.0, 0.0, 0.0, 1025.0, 2362.0, 2726.0, 1542.0, 100.0, 42.0, 44422.02775951115, 3.4302375037349395, 80874.51807488973, 3.3715206164781844, 404738.6979098214, 3.323307115569267, 6180159.689999999, 24482489.01, 68974858.95, 8979535.0, 33559788.0, 16309186.0]
[192.20430107526883, 356.8279569892473, 527.3655913978495, 208.01075268817203, 13.56989247311828, 13.946236559139784, 199.54238729935494, 308.078745709173, 567.6241251909852, 260.4989566291237, 16.03352320273558, 11.40210277269433, 2.0, 5.0, 1.0, 14.0, 0.0, 0.0, 1041.0, 2213.0, 2561.0, 1338.0, 104.0, 59.0, 40809.85633168218, 3.1062287218867417, 51038.926583366774, 3.2322612398157515, 327378.37795852567, 3.3079345041581862, 6601912.829999998, 19133156.909999996, 51621308.18999999, 9211502.0, 23490851.0, 15832110.0]
[235.5744680851064, 336.48936170212767, 635.6914893617021, 258.67021276595744, -106.52127659574468, -116.47872340425532, 431.1958487581637, 465.50485357600087, 956.7870070794427, 1155.1033597870592, 1161.7872931807276, 1254.4415261594265, 3.0, 5.0, 4.0, 1.0, -11250.0, -12149.0, 4056.0, 4085.0, 8567.0, 11262.0, 76.0, 56.0, 234025.6381387717, 3.771044069028202, 270510.03654990863, 3.6219311698491343, 1092652.560094157, 3.7104191216083597, 21157555.72, 28948025.68, 115734485.41999999, 22937974.0, 53281635.0, 47426885.0]
[134.7311827956989, 346.3225806451613, 728.7741935483871, 233.10752688172042, 122.55913978494624, -112.34408602150538, 215.28758015556298, 618.3903748282507, 928.596452917125, 1163.6157708734181, 1073.2798924058582, 895.5224063740146, -1345.0, -4046.0, 2.0, -7639.0, -450.0, -7650.0, 675.0, 2316.0, 5874.0, 7651.0, 10350.0, 46.0, 82505.88156407361, 3.649937552512418, 776227.7071666934, 3.5542672032202294, 1747668.7097089165, 3.5262336004163055, 5535607.38, 43092266.09999999, 119713511.57999998, 5566651.0, 1311521.0, 6752656.0]
[207.69148936170214, 391.06382978723406, 625.8617021276596, 202.2659574468085, 20.351063829787233, 17.404255319148938, 181.68601218465994, 389.79255052025945, 620.5184374421711, 176.3514438043226, 19.466932230554463, 14.310173198335834, 5.0, 2.0, 11.0, 3.0, 0.0, 0.0, 766.0, 2194.0, 2589.0, 847.0, 96.0, 60.0, 49259.91938188072, 3.3231239839027795, 256947.33282606548, 3.301627276816442, 409502.20660618716, 3.4414427770484655, 6697192.619999999, 26795416.280000005, 68271336.13999999, 8691596.0, 26709029.0, 16525496.0]
[243.8279569892473, 387.51612903225805, 618.8817204301075, 189.80645161290323, 20.247311827956988, 16.526881720430108, 233.09223886394594, 393.59774800807315, 624.560764779021, 197.0004556419646, 22.077263493181363, 14.026830964611035, 0.0, 10.0, 13.0, 0.0, 0.0, 0.0, 1120.0, 2132.0, 2681.0, 948.0, 103.0, 74.0, 47451.10385144407, 3.162574457910857, 146683.41794082016, 3.292592033875864, 306687.15989575867, 3.0709039479294313, 9790654.98, 26242980.869999994, 66501846.66000001, 10699664.0, 32262909.0, 21435563.0]
[186.77659574468086, 426.0425531914894, 566.5531914893617, 168.3404255319149, 20.74468085106383, 16.904255319148938, 179.92753345670394, 433.6401043552581, 586.7345687186752, 160.50676153589828, 22.647336556929936, 13.67209633731023, 1.0, 10.0, 4.0, 1.0, 0.0, 0.0, 785.0, 2641.0, 2845.0, 849.0, 90.0, 63.0, 25643.636164103642, 3.030354047312177, 141129.98686418295, 3.1234540349937197, 255613.47914627363, 3.2204499399507087, 5912610.34, 32477206.800000004, 58457002.0, 9485534.0, 32186984.0, 14860955.0]
[176.3763440860215, 355.1505376344086, 507.8494623655914, 145.18279569892474, 15.978494623655914, 15.688172043010752, 171.92635645243797, 306.39445825376936, 514.43444983696, 155.41011285967085, 16.168930549065827, 13.630192265242291, 3.0, 0.0, 11.0, 1.0, 0.0, 0.0, 870.0, 1611.0, 2699.0, 853.0, 75.0, 68.0, 28346.058393025898, 3.0157453920483097, 96604.01644346614, 3.1553486330668883, 252401.22154848746, 3.353534679321696, 5219624.069999999, 18941312.79, 44949567.24000001, 8731782.0, 20661121.0, 11894022.0]
[182.11827956989248, 529.9784946236559, 576.3118279569892, 216.67741935483872, 22.35483870967742, 19.892473118279568, 183.0650187099349, 577.1653176346599, 568.5876663409966, 241.06354751619742, 21.370258264441258, 17.587954354683255, 1.0, 3.0, 22.0, 0.0, 0.0, 0.0, 840.0, 2771.0, 2710.0, 1157.0, 85.0, 79.0, 58853.38477963193, 3.188939872338021, 399891.2048445881, 3.2494756603299235, 369156.8510999298, 3.348146062563149, 5735974.950000001, 52794799.86, 56387241.989999995, 11826509.0, 33765958.0, 13806576.0]
[143.6451612903226, 497.36559139784947, 508.7741935483871, 101.23655913978494, 49.526881720430104, -124.49462365591398, 473.2877983977635, 949.2627893007316, 717.934130577818, 566.1477261098345, 325.4434964447962, 1354.9661123923545, -4049.0, 2.0, -4045.0, -4949.0, 0.0, -13050.0, 974.0, 8551.0, 2398.0, 1401.0, 3150.0, 65.0, 449450.01877210266, 3.7544563741316397, 1671620.9720174733, 3.773029169340549, 790793.7042187, 3.519379485631181, 20950183.470000003, 98493352.83, 66488179.379999995, -26335281.0, -7746980.0, 29071944.0]
[183.96774193548387, 424.6559139784946, 568.0752688172043, 155.4516129032258, 17.010752688172044, 18.419354838709676, 163.1405403467462, 370.26319941312653, 535.3380532238918, 160.57617155845466, 18.61888628788563, 15.52370038013766, 0.0, 16.0, 1.0, 10.0, 0.0, 0.0, 808.0, 1812.0, 2672.0, 833.0, 80.0, 73.0, 23514.77889541384, 3.344515740557171, 78809.6228492366, 3.2857005500871908, 208954.6145464417, 3.219968906253581, 5204344.169999999, 27326804.730000004, 52431514.89, 9409783.0, 31664568.0, 13125910.0]
[169.09677419354838, 393.3010752688172, 558.3655913978495, 105.0, 19.741935483870968, 15.956989247311828, 142.10131600805178, 439.47200991511534, 546.3583945771476, 97.83226550536915, 22.528678933174337, 12.848544138890349, 2.0, 1.0, 0.0, 0.0, 0.0, 0.0, 629.0, 2161.0, 2620.0, 522.0, 105.0, 56.0, 18691.339453040393, 3.41165541123725, 86726.6628314325, 3.3956596058709696, 244644.11653226294, 3.232531644067679, 4200765.359999999, 29903455.29, 52505473.14, 8340177.0, 29832860.0, 11538346.0]
[171.63440860215053, 388.96774193548384, 550.5913978494624, 104.73118279569893, 20.268817204301076, 15.559139784946236, 181.30413943727845, 455.4309581525599, 481.8379268501865, 95.57254697064084, 21.33283842635382, 12.792204118466396, 1.0, 0.0, 7.0, 0.0, 0.0, 0.0, 993.0, 3302.0, 2471.0, 545.0, 108.0, 60.0, 19670.83764061015, 3.306495399707368, 199483.32825746533, 3.1941087623467705, 211096.68278551573, 3.3086550828781047, 5360313.54, 30832211.880000003, 46083796.169999994, 9195910.0, 26168344.0, 10168917.0]
[193.0752688172043, 391.0537634408602, 551.6451612903226, 104.94623655913979, 21.967741935483872, 14.602150537634408, 173.4952221218548, 310.1209569629874, 503.16074113204604, 86.96818078687294, 20.021972502458404, 11.575968158351985, 1.0, 0.0, 20.0, 2.0, 0.0, 0.0, 1038.0, 1488.0, 2609.0, 381.0, 87.0, 60.0, 19896.19655348456, 3.462254417192107, 98105.7092912358, 3.3091982607283894, 187277.47785651323, 3.1816409194229673, 5799586.020000001, 21455047.92, 47981265.86999999, 8795612.0, 23407436.0, 12544641.0]
[169.05376344086022, 349.81720430107526, 577.4193548387096, 113.68817204301075, 16.096774193548388, 17.838709677419356, 135.9683759261208, 275.7005285448782, 568.7170214534497, 99.42869178402742, 16.835563107102764, 13.51672902496613, 1.0, 0.0, 12.0, 3.0, 0.0, 0.0, 579.0, 1326.0, 2628.0, 423.0, 68.0, 54.0, 19506.603716537662, 3.5364429661047243, 83531.01786830844, 3.2872271106324478, 353057.647499536, 3.3001724244826027, 4053594.7199999997, 17087443.35, 56510345.160000004, 6616174.0, 25851892.0, 10782175.0]
[163.69892473118279, 388.6236559139785, 526.010752688172, 99.60215053763442, 17.763440860215052, 14.408602150537634, 133.70634476069569, 325.4190914597498, 496.9278115411965, 81.62588834125378, 15.788271547784232, 10.08036895367274, 7.0, 7.0, 4.0, 6.0, 0.0, 0.0, 753.0, 1442.0, 2457.0, 435.0, 66.0, 44.0, 11151.015300754467, 3.446373036490495, 105419.0689679507, 3.340065794174797, 241884.44070015426, 3.523511700870016, 3847290.959999999, 22123039.020000003, 45058636.70999999, 7033974.0, 26283164.0, 9237020.0]
[171.84375, 331.9166666666667, 572.40625, 81.22916666666667, 19.645833333333332, 14.604166666666666, 139.54688539585615, 325.88136900821235, 535.6194953042692, 87.1163141609105, 19.57494594556853, 13.332571250150922, 3.0, 7.0, 15.0, 1.0, 0.0, 0.0, 818.0, 2015.0, 2755.0, 498.0, 78.0, 60.0, 15874.400036504056, 3.4487782263080993, 175622.6747897325, 3.231235555124661, 192462.95648859954, 3.4755413791675895, 4497478.079999999, 19838463.359999996, 56360331.84, 6280461.0, 23290456.0, 11735136.0]
[171.09677419354838, 296.3225806451613, 525.8602150537635, 81.7741935483871, 18.559139784946236, 16.311827956989248, 141.25778658923466, 268.8945227703171, 525.4991952047337, 61.11289073300936, 16.310481003217983, 11.603015438860162, 3.0, 1.0, 2.0, 2.0, 0.0, 0.0, 650.0, 1174.0, 2630.0, 256.0, 71.0, 56.0, 23789.061905683207, 2.900879562306162, 98279.64300269746, 3.2515529822824685, 338461.182834042, 3.3678292459740646, 4239161.34, 13780786.500000002, 47544333.27, 5814329.0, 17372797.0, 10718497.0]
[170.24468085106383, 306.98936170212767, 566.1170212765958, 75.31914893617021, 17.138297872340427, 14.627659574468085, 139.40462390089795, 227.18570371313245, 582.2554931274186, 50.435781112938095, 16.053406206629457, 10.262138411953433, 2.0, 11.0, 7.0, 3.0, 0.0, 0.0, 626.0, 1074.0, 2664.0, 212.0, 69.0, 47.0, 16274.10958008334, 3.245206225279732, 40739.968001744775, 3.3320288471572623, 285244.2470683588, 3.309866689055679, 4259849.7, 12839303.020000001, 57955618.219999984, 5986380.0, 20345429.0, 12057925.0]
[210.17021276595744, 360.4148936170213, 544.2446808510638, 79.13829787234043, 19.26595744680851, 15.159574468085106, 205.51705778028236, 332.6314247361959, 604.0163190519606, 63.08223018262388, 18.608690033754748, 12.972512869122781, 1.0, 2.0, 16.0, 2.0, 0.0, 0.0, 986.0, 1740.0, 2804.0, 254.0, 86.0, 52.0, 36341.440893788276, 3.2335450484895745, 80868.23368003324, 3.0404776187885174, 373009.9387713094, 3.221109704453027, 7595376.72, 21150335.58, 58066370.9, 9529415.0, 23840459.0, 16257567.0]
[193.46236559139786, 352.3333333333333, 565.236559139785, 56.494623655913976, 14.870967741935484, 13.096774193548388, 181.78550183375967, 232.51051090468883, 542.2554627754071, 44.27130380219173, 13.624806186456867, 11.245351229004571, 0.0, 9.0, 3.0, 0.0, 0.0, 0.0, 1065.0, 1059.0, 2191.0, 219.0, 58.0, 54.0, 33534.861461394576, 3.251926165646889, 54364.88868654454, 3.5631127333569705, 320944.6679912342, 3.1144481110899465, 6064533.720000001, 15362233.830000002, 52791041.73, 7172923.0, 23475451.0, 12730058.0]
[206.58947368421053, 352.2105263157895, 631.9473684210526, 79.4, 22.589473684210525, 13.557894736842105, 166.4201613410583, 322.63106835981654, 594.9816261854818, 62.06472256631816, 19.18027285367237, 11.55165622229832, 1.0, 0.0, 12.0, 0.0, 0.0, 0.0, 730.0, 2025.0, 2685.0, 286.0, 67.0, 47.0, 27723.964762789605, 3.491584425613685, 112800.19728833968, 3.4632040742250503, 317195.8562181636, 3.418880137408319, 6325022.1, 20491025.0, 67654492.25000001, 8400539.0, 28207779.0, 15531952.0]
[154.5212765957447, 300.75531914893617, 497.3085106382979, 61.861702127659576, 18.4468085106383, 13.117021276595745, 128.04516413581513, 227.81603057863757, 475.88676765141827, 45.70983778345628, 16.76890172234575, 9.104951250191274, 1.0, 5.0, 0.0, 5.0, 0.0, 0.0, 576.0, 1117.0, 2271.0, 198.0, 72.0, 47.0, 18115.688543670185, 3.3901340266368005, 57728.36485205695, 3.329844363632822, 257233.52958811942, 3.20903548756904, 3543056.459999999, 12529604.979999997, 41650671.5, 5170503.0, 17483002.0, 8397513.0]
[183.94623655913978, 313.4301075268817, 537.989247311828, 67.9247311827957, 20.397849462365592, 16.580645161290324, 164.96912527944482, 254.92003852228976, 510.0976780847672, 56.836576664484475, 18.61050415464706, 13.90833545868867, 1.0, 15.0, 13.0, 1.0, 0.0, 0.0, 816.0, 1165.0, 2596.0, 296.0, 79.0, 56.0, 30345.008756012354, 3.331118870034981, 69563.42413281462, 3.3418818142342674, 325407.6694658555, 3.3410221208727724, 5254993.830000001, 14056692.389999999, 47295692.19, 6113979.0, 20641583.0, 12671085.0]
[174.6451612903226, 331.35483870967744, 512.7096774193549, 65.17204301075269, 18.93548387096774, 16.236559139784948, 137.21861684135334, 259.3007589469472, 487.52488410615604, 52.93671850835592, 18.99473980481055, 11.691131764924815, 3.0, 3.0, 12.0, 2.0, 0.0, 1.0, 559.0, 1161.0, 2198.0, 292.0, 76.0, 60.0, 13802.385110219906, 3.3304643267590173, 39823.5203377471, 3.4273656631596205, 213467.64798862595, 3.364727592149153, 4249030.5, 15249046.319999998, 43071675.9, 5855724.0, 20336112.0, 8888914.0]
[150.49462365591398, 328.21505376344084, 529.483870967742, 60.38709677419355, 18.086021505376344, 14.043010752688172, 143.18554575884744, 251.79960326756589, 508.0472550107748, 44.195964860583416, 15.595885685137613, 10.178743813430435, 1.0, 2.0, 6.0, 2.0, 0.0, 0.0, 835.0, 1374.0, 2407.0, 181.0, 69.0, 45.0, 14718.401627697873, 3.397098638167404, 52067.65440764741, 3.218727660346463, 294940.7079496941, 3.271547671637767, 3713039.8799999994, 14741909.879999999, 46331809.49999999, 5338352.0, 21907461.0, 9113260.0]
[166.2258064516129, 313.78494623655916, 555.4301075268817, 54.344086021505376, 17.333333333333332, 14.827956989247312, 138.3512487202063, 274.64711941999974, 552.5095985365216, 51.99048713647692, 15.875420797800807, 12.404087383770598, 2.0, 0.0, 25.0, 0.0, 0.0, 0.0, 819.0, 1221.0, 2452.0, 367.0, 63.0, 70.0, 13800.72066482828, 3.4235468108297153, 77839.45235397779, 3.5466017956448934, 263496.20574212604, 3.2850887598428535, 4027516.5900000003, 14969771.040000001, 52801022.48999999, 5389095.0, 22856872.0, 10205174.0]
[187.10752688172042, 409.96774193548384, 566.5913978494624, 58.59139784946237, 18.258064516129032, 15.580645161290322, 136.92773898520275, 347.12672950870683, 556.4355159436353, 48.10297752673759, 17.097484703011304, 11.704999471282385, 1.0, 4.0, 9.0, 1.0, 0.0, 0.0, 788.0, 1708.0, 2716.0, 252.0, 78.0, 51.0, 14424.608402804834, 3.506243432351433, 160594.0927484143, 3.1794779568736553, 260976.5583904635, 3.3087921745830595, 4632130.05, 24846401.73, 54256651.04999999, 8448827.0, 29453450.0, 11759036.0]
[210.78494623655914, 325.96774193548384, 520.4301075268817, 53.44086021505376, 15.43010752688172, 16.817204301075268, 178.87935267771755, 274.3915581955395, 510.37800138826054, 44.450622914790024, 15.380251206083253, 12.606887555548443, 1.0, 0.0, 14.0, 0.0, 0.0, 0.0, 709.0, 1274.0, 2706.0, 235.0, 63.0, 50.0, 31452.473266461424, 3.3551781122967475, 71971.05115790019, 3.3505602865532773, 276115.77556028374, 3.3047973309879684, 6580509.81, 15631866.870000003, 45712756.86, 8421688.0, 22137258.0, 13505209.0]
[257.9139784946237, 354.83870967741933, 702.8387096774194, 62.67741935483871, 22.56989247311828, 20.70967741935484, 260.0916500638046, 309.29331408461996, 622.8138337647549, 47.60095936426405, 20.562945699920466, 14.710673916198527, 2.0, 2.0, 26.0, 0.0, 0.0, 0.0, 1359.0, 1514.0, 2583.0, 224.0, 90.0, 65.0, 68947.46803541905, 3.042738817374468, 114600.30824523275, 2.980228842839898, 335205.91119253816, 3.501319010431484, 11541216.299999999, 19074871.020000003, 75912998.39999998, 11272304.0, 27587107.0, 21148207.0]
[212.94623655913978, 42.516129032258064, 711.8924731182796, -17.021505376344088, 17.247311827956988, 110.78494623655914, 625.2715995189853, 1631.633468090658, 1484.2023803051927, 832.459281919681, 68.03526194331278, 1082.6282015606278, -1345.0, -11243.0, 5.0, -7647.0, -450.0, -1350.0, 5856.0, 1134.0, 12150.0, 2253.0, 450.0, 10350.0, 13788.416314602437, 3.239745966419624, 88750.14679135212, 2.636760831210783, 270728.9714361555, 3.3716760300256015, 37372913.04, 227936549.51999995, 232308764.1, -40411559.0, -200321352.0, 36879538.0]
[191.13978494623655, 340.9032258064516, 620.8279569892474, 44.87096774193548, 23.623655913978496, 18.559139784946236, 153.44802203081878, 277.9228882933307, 586.2022321997742, 33.702414378243894, 22.07542110411025, 13.790720230262748, 0.0, 6.0, 28.0, 1.0, 0.0, 0.0, 846.0, 1183.0, 2597.0, 159.0, 97.0, 62.0, 21540.75810997404, 3.4140624740168515, 86730.43334037671, 3.3130781619060734, 359143.05215639016, 3.391594752206653, 5174482.8, 16660187.399999997, 62736856.04999998, 7178574.0, 27776502.0, 11599238.0]
[198.74193548387098, 329.8709677419355, 455.8279569892473, 55.43010752688172, 21.451612903225808, 21.129032258064516, 140.97825173206886, 263.51632346957723, 446.13142983673777, 38.59415304034221, 17.42406889099365, 14.56337410621741, 2.0, 1.0, 1.0, 2.0, 0.0, 0.0, 697.0, 1169.0, 2060.0, 155.0, 85.0, 66.0, 15414.810951383906, 3.5643789078578147, 65815.49719770659, 3.272294708452947, 209762.73544748133, 3.414722998160817, 5116706.549999999, 15352756.2, 35000101.74, 7029245.0, 17653371.0, 8092291.0]
[207.01075268817203, 388.80645161290323, 563.3870967741935, 54.13978494623656, 20.043010752688172, 22.0, 168.60595266605299, 359.20344417300674, 559.0302557001891, 47.09278339384216, 16.485773826633878, 17.04788651952519, 1.0, 6.0, 4.0, 0.0, 0.0, 0.0, 819.0, 1639.0, 2539.0, 224.0, 89.0, 90.0, 32294.073466060898, 3.30845455991635, 157658.182078089, 3.117797838738599, 311960.690495659, 3.2454100701197297, 6138691.919999998, 24114292.710000005, 54191128.82999999, 10125757.0, 28196932.0, 12880035.0]
[252.55913978494624, 398.247311827957, 477.93548387096774, 52.83870967741935, 19.666666666666668, 17.870967741935484, 246.4140410298149, 364.9196950346979, 505.6500509772504, 40.08341582754553, 21.143059984478274, 13.695624346016832, 0.0, 7.0, 8.0, 0.0, 0.0, 0.0, 1457.0, 1457.0, 2584.0, 177.0, 86.0, 77.0, 97393.78200145793, 3.345313683634201, 144786.9356718068, 2.965195932371799, 255944.84772414036, 3.3925116801515496, 10712054.34, 25111109.49, 41632396.739999995, 11980195.0, 25778436.0, 11958891.0]
[223.40860215053763, 395.1182795698925, 589.4731182795699, 55.25806451612903, 19.473118279569892, 22.053763440860216, 166.05023051966376, 392.92912983802665, 609.6097039232106, 42.55990745173373, 20.155154372500753, 16.869940846393707, 3.0, 4.0, 14.0, 0.0, 0.0, 0.0, 1015.0, 1747.0, 2641.0, 232.0, 111.0, 85.0, 22544.56590454823, 3.3352788426943802, 171363.51315774288, 2.8690682630385087, 416962.81249638094, 3.263081296792118, 6675955.709999998, 26712576.0, 61849569.089999996, 10149727.0, 32952616.0, 13720571.0]
[227.2659574468085, 332.0425531914894, 539.4787234042553, 44.91489361702128, 20.106382978723403, 19.28723404255319, 193.3166757116758, 289.27008308059465, 521.7454108432457, 35.867336077556544, 18.927404087358592, 13.486450660088469, 4.0, 3.0, 5.0, 1.0, 0.0, 0.0, 1080.0, 1296.0, 2760.0, 169.0, 85.0, 63.0, 43237.585390875225, 3.5039760024990336, 65697.80005400216, 3.4875894371282903, 267170.766261505, 3.3416652578461687, 7830779.980000001, 17056948.6, 49513376.70000001, 8440712.0, 22563332.0, 11984756.0]
[213.80645161290323, 345.06451612903226, 623.3440860215054, 42.67741935483871, 19.50537634408602, 18.612903225806452, 173.45180122797404, 309.54759437561574, 563.6006428897431, 32.82303051819434, 18.941341750321644, 15.577319255100207, 2.0, 3.0, 10.0, 3.0, 0.0, 0.0, 918.0, 1475.0, 2542.0, 132.0, 88.0, 63.0, 41803.52573133303, 3.2654800069321044, 103102.94501141686, 3.202765510409505, 360685.10679157387, 3.1980380521313183, 6527852.279999999, 18496657.47, 60784133.18999998, 8707671.0, 28390940.0, 14121062.0]
[204.76344086021504, 310.48387096774195, 583.4301075268817, 44.344086021505376, 18.989247311827956, 20.21505376344086, 170.005396196291, 317.296241119133, 559.5431443490589, 31.77553564822551, 18.075021572935537, 14.983214856723178, 0.0, 1.0, 12.0, 0.0, 0.0, 0.0, 729.0, 1561.0, 2473.0, 131.0, 82.0, 61.0, 43403.899683014686, 3.539739559334791, 144020.96949582375, 3.376811965210951, 371305.7603540091, 3.378759612967238, 6099199.470000002, 16951572.209999997, 56228245.469999984, 6474897.0, 25252055.0, 13757800.0]
[268.48936170212767, 329.86170212765956, 487.70212765957444, 42.276595744680854, 21.75531914893617, 19.71276595744681, 294.26663882322674, 300.46679100359216, 530.488896639496, 29.76409190250993, 19.008592380964213, 15.591990182738495, 6.0, 1.0, 2.0, 2.0, 0.0, 0.0, 1895.0, 1245.0, 1981.0, 134.0, 92.0, 83.0, 102109.497689576, 3.287701400749083, 88155.31614702322, 3.4141663605204826, 288262.0328414878, 3.230117700027681, 13939513.8, 17506643.66, 45618325.96, 12583632.0, 20342387.0, 15116546.0]
[253.21505376344086, 369.6774193548387, 584.7741935483871, 42.204301075268816, 27.698924731182796, 19.483870967741936, 207.96434944597166, 366.59829221388554, 509.6668376633354, 39.43887927782656, 25.428409713750483, 16.96390855753435, 8.0, 2.0, 19.0, 0.0, 0.0, 0.0, 940.0, 1785.0, 2228.0, 177.0, 108.0, 73.0, 34674.35624279133, 2.9061588083120475, 77287.79324534518, 3.38168286618925, 248939.30273437162, 3.2279801277817914, 9245953.049999999, 23318620.980000004, 51801284.58, 12703100.0, 27873236.0, 15222027.0]
[187.91397849462365, 313.1505376344086, 582.5483870967741, 34.60215053763441, 16.612903225806452, 18.35483870967742, 154.39345953101787, 291.9540965347181, 529.6211426089948, 25.2109102438789, 14.963021272794414, 12.476626112795287, 6.0, 0.0, 6.0, 1.0, 0.0, 0.0, 847.0, 1089.0, 2320.0, 118.0, 82.0, 65.0, 23284.1629741518, 3.3444484996255848, 79728.07971786358, 3.236974776485093, 277851.13498447783, 3.2327636065820524, 5093628.6, 15774385.65, 53350929.63, 7150417.0, 24670057.0, 10444541.0]
[221.76344086021504, 313.0, 523.763440860215, 38.81720430107527, 16.93548387096774, 14.333333333333334, 173.7105537236823, 267.6313574270789, 492.063653487721, 30.688811952495545, 13.868800182904213, 11.303455929140831, 3.0, 9.0, 4.0, 0.0, 0.0, 0.0, 768.0, 1171.0, 2120.0, 148.0, 70.0, 56.0, 30455.16165101703, 3.3261354120450943, 77596.90168727815, 3.3932548255557236, 262009.92705196614, 3.036931926836304, 6835297.260000001, 14601705.87, 44442996.24, 8418122.0, 21172105.0, 11046103.0]
[229.24468085106383, 369.5531914893617, 565.3829787234042, 40.54255319148936, 17.96808510638298, 18.574468085106382, 158.287317784472, 376.7918514123947, 576.0956108368127, 34.17276312573623, 17.786942249114215, 16.775230948333864, 19.0, 0.0, 14.0, 0.0, 0.0, 0.0, 749.0, 1753.0, 2888.0, 174.0, 83.0, 77.0, 21074.40041525365, 3.466431092459313, 127254.03456068262, 3.4814907021117643, 411424.39622999885, 3.4442307160001215, 6833891.180000001, 24478487.360000003, 57258460.63999999, 10503176.0, 32788634.0, 14068660.0]
[184.40860215053763, 367.6666666666667, 602.3440860215054, 43.82795698924731, 15.709677419354838, 20.655913978494624, 173.5134524642636, 366.3916689452201, 531.1194186241402, 33.50263573534956, 13.22101476500763, 14.53742892139782, 0.0, 1.0, 3.0, 0.0, 0.0, 0.0, 1057.0, 1706.0, 2392.0, 144.0, 61.0, 68.0, 23805.99036830646, 3.5252098040804762, 151376.0102363008, 3.1451367764120026, 321493.6739744871, 3.228138417072818, 5517172.919999999, 23177431.17, 55515598.559999995, 9546012.0, 29010159.0, 10647788.0]
[195.7741935483871, 107.73118279569893, 568.5698924731183, 64.01075268817205, 196.83870967741936, -240.3978494623656, 637.1099340164461, 1520.7696216617553, 1248.8629123591961, 1992.5285361255, 1731.7369973672362, 1537.2983228617618, -4036.0, -10325.0, -9449.0, -12150.0, -4950.0, -9449.0, 4058.0, 2164.0, 3183.0, 12150.0, 12151.0, 1350.0, 878034.7047833694, 3.490482928634817, 4809539.717480329, 3.6141311525303497, 3240839.953320837, 3.688742624292794, 38044528.35, 198881858.73, 161404158.86999997, 25935388.0, 62866259.0, -34076756.0]
[253.56989247311827, 299.4516129032258, 576.236559139785, 36.11827956989247, 14.75268817204301, 18.64516129032258, 169.43238986645346, 256.3428629669829, 559.4649889548878, 27.214865448055658, 14.120333714786057, 15.917344355526094, 7.0, 3.0, 3.0, 1.0, 0.0, 0.0, 686.0, 1015.0, 2515.0, 131.0, 61.0, 79.0, 25164.138198548386, 3.165606462828284, 55517.31552239985, 3.2985933460804593, 298955.6708381351, 3.3379018297376772, 8017306.799999998, 13377957.929999998, 55499252.88000001, 8065857.0, 23036633.0, 13671448.0]
[219.51612903225808, 255.58064516129033, 529.1075268817204, 29.989247311827956, 18.247311827956988, 13.096774193548388, 194.7907245416512, 278.5026080035816, 536.2420661694556, 25.645787273197232, 14.65743312985102, 10.31363019222308, 8.0, 0.0, 1.0, 0.0, 0.0, 0.0, 944.0, 1354.0, 2840.0, 134.0, 64.0, 60.0, 48491.297204464085, 3.4839495312777804, 101672.56857061392, 3.2392377657388582, 338824.4117231626, 3.385337509614497, 7414161.810000001, 12286004.01, 48816541.64999999, 7686120.0, 19752279.0, 12533677.0]
[237.41935483870967, 288.86021505376345, 556.1720430107526, 34.60215053763441, 15.10752688172043, 17.591397849462364, 208.29782829759, 307.0120586570222, 530.8805364604357, 28.381002443055888, 11.965041802640869, 14.172260535177577, 5.0, 1.0, 4.0, 2.0, 0.0, 0.0, 1028.0, 1407.0, 2349.0, 134.0, 53.0, 81.0, 49340.87902411608, 3.2455917931472897, 111108.35070175912, 3.4823083289472323, 354477.54737348465, 3.24326237848878, 8587540.02, 15281322.9, 50867451.12000001, 8451341.0, 24281573.0, 15333681.0]
[346.03225806451616, 461.39784946236557, 596.752688172043, 176.31182795698925, 38.10752688172043, -19.13978494623656, 352.6844399254069, 690.7635683695466, 649.5434124781668, 1256.1835833924379, 139.57329867707438, 422.70638363942226, 2.0, 13.0, 1.0, 0.0, 0.0, -4047.0, 2262.0, 5909.0, 4058.0, 12154.0, 1350.0, 91.0, 82123.89968379651, 3.369889264759286, 94231.37302905646, 3.2544298615883576, 228533.6218869348, 3.433846427631122, 20998660.65, 59238003.54, 66898612.559999995, 30398605.0, 50384316.0, 27148656.0]
[215.38709677419354, 271.26881720430106, 549.0967741935484, 42.18279569892473, 21.27956989247312, 20.817204301075268, 226.4848124410987, 276.01489168178506, 500.49184644611967, 39.93280939293096, 20.316712755864348, 19.39124984006914, 4.0, 2.0, 20.0, 1.0, 0.0, 0.0, 1436.0, 1720.0, 2486.0, 187.0, 89.0, 101.0, 81254.9579332149, 3.439449964190376, 112642.64569492791, 3.4640494637390136, 287919.4545021513, 3.1717205332878797, 8401241.489999998, 12882841.739999998, 47509466.64, 7422618.0, 18344068.0, 11721727.0]
[210.1290322580645, 257.59139784946234, 519.1505376344086, 31.182795698924732, 22.150537634408604, 18.247311827956988, 187.0150090353394, 223.3080946642777, 547.5539668903117, 26.695116894521274, 17.897015926003792, 12.46704866749919, 1.0, 9.0, 3.0, 0.0, 0.0, 0.0, 943.0, 1112.0, 2719.0, 118.0, 82.0, 66.0, 39996.43525479967, 3.342006182534678, 62561.71372257247, 3.355225786777672, 329450.1787985975, 3.430644666501498, 6811325.579999999, 10005477.540000003, 48962750.67, 4788193.0, 17355370.0, 11007629.0]
[272.13978494623655, 272.3440860215054, 434.19354838709677, 33.053763440860216, 20.688172043010752, 19.752688172043012, 196.59252669449867, 219.82866325270408, 447.2373229074275, 31.229990321246827, 16.400542471558182, 15.34718209085848, 0.0, 2.0, 2.0, 0.0, 0.0, 0.0, 800.0, 892.0, 2681.0, 117.0, 68.0, 66.0, 48382.137484090934, 3.3695630630751667, 62922.64337826601, 3.4326671451262376, 261160.6153145212, 3.3658577652745376, 9712230.870000001, 10549732.140000002, 33419259.84, 7371652.0, 14815408.0, 10896917.0]
[237.64893617021278, 278.2659574468085, 536.563829787234, 30.382978723404257, 20.74468085106383, 16.52127659574468, 172.81824049031377, 226.21610067585246, 552.0527978199857, 23.389689109160866, 15.429294975644085, 12.578979498929957, 10.0, 2.0, 0.0, 0.0, 0.0, 0.0, 784.0, 1007.0, 2479.0, 109.0, 77.0, 52.0, 37784.18634081723, 3.504726446809066, 58613.815822230856, 3.451128097957586, 330176.18276902195, 3.3632802439665097, 7601207.539999998, 11315493.459999997, 52081229.22000002, 8003755.0, 20008395.0, 13521958.0]
[250.56989247311827, 322.2043010752688, 581.6559139784946, -92.19354838709677, 30.688172043010752, 146.5268817204301, 344.43054445453754, 625.3746800247692, 574.7660298013077, 1169.8314469639422, 138.936486779315, 1258.2877391898903, -2245.0, 2.0, 18.0, -11250.0, 0.0, 0.0, 978.0, 5856.0, 2684.0, 107.0, 1350.0, 12150.0, 54726.17593578604, 3.361265811924481, 123222.8212312155, 3.5442670927876323, 368057.84863830573, 3.305628093919825, 15580486.229999999, 42440971.29, 57526866.77999999, -3884459.0, 23111901.0, 15886362.0]
[501.7204301075269, 345.97849462365593, 1005.3440860215054, -271.258064516129, -420.31182795698925, 124.31182795698925, 1354.4065952803624, 2470.8449486768804, 2117.5020635204955, 2125.5405036552047, 2100.781779835548, 2343.5599081335113, -4035.0, -13025.0, -2248.0, -10350.0, -13050.0, -11250.0, 9457.0, 9494.0, 13056.0, 7650.0, 1350.0, 12151.0, 108957.87053049277, 2.8645306220777593, 138403.61149994982, 3.5410498123837493, 510872.9657735942, 3.40242283610477, 178724293.8, 532703146.25999993, 471052100.55, -93205435.0, -6785866.0, 93963810.0]
[243.87234042553192, 253.90425531914894, 581.0744680851063, 28.585106382978722, 14.957446808510639, 17.829787234042552, 235.4329452303561, 239.728209417039, 486.73954173834034, 19.076196716624537, 12.966387392534179, 12.392018154148197, 1.0, 3.0, 17.0, 0.0, 0.0, 0.0, 1277.0, 1108.0, 2267.0, 91.0, 62.0, 57.0, 73360.4987604236, 3.4167386454993056, 40487.27445829016, 3.321340287200933, 297258.70954596304, 3.161799692872643, 10100672.24, 10720330.58, 50545679.06000001, 7305504.0, 19377358.0, 14829695.0]
[303.98924731182797, 231.752688172043, 523.8064516129032, 30.376344086021504, 20.408602150537636, 15.978494623655914, 266.1000749400927, 219.24329625931944, 543.1510370867012, 24.872681879530358, 17.572357590421596, 12.582750869676328, 5.0, 0.0, 14.0, 1.0, 0.0, 0.0, 1647.0, 1030.0, 2306.0, 157.0, 82.0, 65.0, 68180.71367157248, 3.344479038020719, 41537.077470570744, 3.429241493514368, 254392.4571496535, 3.220363525458643, 14050933.829999996, 8757983.910000002, 48971854.440000005, 8229835.0, 16524675.0, 16683895.0]
[231.30851063829786, 248.08510638297872, 576.4787234042553, 26.617021276595743, 17.56382978723404, 16.95744680851064, 213.3938267690382, 223.90587786252155, 492.50126856937004, 23.572859545690097, 14.879124808519158, 13.72456779476331, 2.0, 0.0, 1.0, 0.0, 0.0, 0.0, 992.0, 1253.0, 2280.0, 118.0, 78.0, 68.0, 58714.67355465275, 3.3535423669784272, 45081.90581629621, 3.4473152502059348, 223474.71408811607, 3.1933113568104927, 8708418.500000002, 9820924.48, 50568853.82, 6639712.0, 19005325.0, 13823984.0]
[249.93617021276594, 231.62765957446808, 566.3085106382979, 20.53191489361702, 14.372340425531915, 11.851063829787234, 236.19974272338737, 256.20808008724157, 477.1446665635235, 13.686742763585132, 11.865721880856304, 8.56845608708547, 5.0, 1.0, 9.0, 1.0, 0.0, 0.0, 1793.0, 1534.0, 2332.0, 63.0, 65.0, 45.0, 40497.831918218944, 3.417460509988422, 51014.972076570884, 3.4148107169059028, 237156.39063752975, 3.3117883161459907, 10396870.0, 10479109.659999998, 48240174.900000006, 8771733.0, 17116843.0, 15009797.0]
[290.8191489361702, 226.11702127659575, 563.3617021276596, 25.53191489361702, 16.45744680851064, 14.98936170212766, 240.10839679199182, 216.94976656483675, 542.2294251377766, 18.65170413826834, 12.668362840834355, 10.72480260825552, 8.0, 0.0, 8.0, 0.0, 0.0, 0.0, 1234.0, 1107.0, 2262.0, 98.0, 59.0, 55.0, 90797.77176139715, 3.211066513213357, 71307.41362729008, 3.192172689433725, 345615.5429721524, 3.287245669477879, 12513057.22, 8632364.98, 53745973.92000001, 9163772.0, 15416267.0, 18035773.0]
[337.78494623655916, 356.55913978494624, 691.0430107526881, 33.623655913978496, 25.677419354838708, 19.301075268817204, 336.52901707897104, 346.19454389885897, 604.3390553175768, 29.95972440609248, 25.28926619283822, 14.56379142154817, 7.0, 6.0, 1.0, 0.0, 0.0, 0.0, 1892.0, 1584.0, 2520.0, 159.0, 129.0, 62.0, 118522.20556494518, 3.209753361320353, 110855.26279632807, 3.1789273394181663, 348794.45899222605, 3.200131514504731, 19558216.2, 21250278.660000008, 72551183.25000003, 16094113.0, 31344984.0, 24260561.0]
[333.52127659574467, 311.6063829787234, 582.9574468085107, 30.904255319148938, 21.872340425531913, 14.96808510638298, 251.65241982276638, 296.5211997384055, 571.3056714340984, 23.348260578041625, 18.659503642485767, 12.339683451839587, 2.0, 3.0, 5.0, 0.0, 0.0, 0.0, 1288.0, 1534.0, 2730.0, 106.0, 83.0, 57.0, 47742.81285614221, 3.322856085151801, 71807.65748929654, 3.1471603368909635, 304156.6844609631, 3.351267444562999, 15365067.980000002, 16266014.740000006, 58561236.72000001, 12144772.0, 28470897.0, 20092296.0]
[284.82978723404256, 237.46808510638297, 625.4787234042553, 26.93617021276596, 16.26595744680851, 17.03191489361702, 279.0103338856968, 259.31712233909514, 566.8507555894507, 22.90316619452771, 15.999445912391655, 14.620983689057647, 2.0, 0.0, 12.0, 0.0, 0.0, 0.0, 1295.0, 1146.0, 2625.0, 123.0, 86.0, 76.0, 117532.63154031015, 3.2358993635099695, 66632.8727498977, 3.1383014198164876, 269783.09022791433, 3.3091683081122043, 13973835.080000002, 10861307.08, 62658295.339999996, 8264903.0, 22741416.0, 18886747.0]
[313.8191489361702, 197.56382978723406, 571.063829787234, 30.425531914893618, 21.382978723404257, 16.872340425531913, 237.3634735044687, 183.52536717870433, 505.09394012902936, 25.816344477620035, 18.319216294794284, 12.723049984776543, 0.0, 7.0, 16.0, 0.0, 0.0, 0.0, 1049.0, 1098.0, 2433.0, 122.0, 96.0, 58.0, 58576.89174727315, 3.4367990974875235, 25360.84075256868, 3.4117256215575926, 237993.03117157758, 3.2461342079877626, 13627276.820000004, 6393262.42, 51118004.64, 7405319.0, 14184618.0, 18859509.0]
[270.1170212765957, 183.04255319148936, 608.1170212765958, 32.861702127659576, 19.0531914893617, 18.79787234042553, 237.4067720308028, 158.41831889384844, 526.5368872981792, 27.101006236062382, 17.955959876353507, 13.961991252162541, 2.0, 3.0, 13.0, 1.0, 0.0, 0.0, 1245.0, 803.0, 2608.0, 124.0, 82.0, 71.0, 50975.92633091652, 3.474551882061178, 27907.465526240747, 3.421613381009986, 261675.3001857748, 3.3879802928881833, 11374192.700000001, 5154388.480000001, 56912502.099999994, 5708951.0, 12543048.0, 15468363.0]
[207.9247311827957, 189.19354838709677, 639.8172043010753, 30.602150537634408, 20.827956989247312, 18.247311827956988, 180.27438245262954, 175.80338932186348, 594.7361480419289, 25.10202650096906, 17.488271632547974, 14.070981482082113, 0.0, 0.0, 5.0, 0.0, 0.0, 0.0, 942.0, 863.0, 2733.0, 105.0, 64.0, 63.0, 30809.319747478476, 3.271539783513698, 27487.960641357942, 3.285214705328007, 362812.4658149544, 3.486571992779137, 6519797.549999999, 5740228.77, 65669590.59, 3847630.0, 17337510.0, 12714768.0]
[251.58064516129033, 223.63440860215053, 679.1290322580645, 31.236559139784948, 21.0752688172043, 18.322580645161292, 198.65002667902974, 229.5849177436379, 670.0552577117031, 25.115125292671213, 18.403825546986376, 15.65328225778208, 3.0, 5.0, 5.0, 1.0, 0.0, 0.0, 859.0, 1049.0, 2996.0, 112.0, 107.0, 79.0, 37188.92186498289, 3.4062773714447014, 58145.29247304424, 3.068129101774391, 370120.67736079445, 3.3209713854121277, 8850550.529999997, 8835370.139999999, 78304812.39, 5652877.0, 22657668.0, 15488502.0]
[353.9578947368421, 260.4842105263158, 618.5473684210526, 31.810526315789474, 26.326315789473686, 19.021052631578947, 391.9077430459247, 247.63957436280958, 552.3714015819015, 30.633834283542345, 23.095289243011553, 14.766248855520411, 3.0, 1.0, 11.0, 0.0, 0.0, 0.0, 1984.0, 1202.0, 2517.0, 127.0, 107.0, 65.0, 119322.98814303859, 3.299403083202042, 50292.07615980809, 3.279718151166306, 242564.7812664894, 3.429809494816438, 25022815.7, 11599999.700000003, 61776421.39999999, 13036652.0, 19572053.0, 20924330.0]
[137.31182795698925, 348.3763440860215, 429.55913978494624, 265.44086021505376, -183.38709677419354, -175.55913978494624, 1473.4224945203528, 2202.1856530056407, 1542.092814710535, 1572.2834921274991, 1522.7263238096991, 1394.8757655632899, -13395.0, -13005.0, -12129.0, 0.0, -13050.0, -12149.0, 3153.0, 13064.0, 2255.0, 11251.0, 707.0, 62.0, 553962.8124772157, 3.692926467229305, 1431820.0497002737, 3.619906916816263, 997634.9199263704, 3.4409786549024766, 187379251.37999997, 425430580.41, 219425205.33, 207396971.0, -172583589.0, 14425314.0]
[305.1505376344086, 256.8817204301075, 488.741935483871, 31.698924731182796, 22.892473118279568, 20.817204301075268, 345.1310068288675, 281.6260953764902, 494.1630144524526, 25.53717875630019, 18.483519313391284, 17.36559957562223, 6.0, 6.0, 13.0, 0.0, 0.0, 0.0, 1909.0, 1895.0, 2437.0, 108.0, 76.0, 93.0, 141821.66111884097, 3.402046339660111, 109909.45550144168, 3.433478505268953, 225694.71166351507, 3.4091464705415233, 18245191.05, 12493363.319999997, 41553254.669999994, 12608055.0, 16807732.0, 14387164.0]
[321.8817204301075, 196.58064516129033, 533.010752688172, 29.301075268817204, 23.172043010752688, 19.473118279569892, 270.6376467860255, 199.2614255401052, 468.366947712165, 26.1246114787988, 17.439101278146026, 17.032316724295832, 10.0, 2.0, 1.0, 0.0, 0.0, 0.0, 1244.0, 1007.0, 2025.0, 141.0, 75.0, 78.0, 89321.32902928862, 3.267674123016806, 51137.96062260075, 3.1528746450847294, 188433.98087689572, 3.170634678461159, 15227861.85, 6739484.9399999995, 43340940.66, 7711863.0, 13218159.0, 19217170.0]
[372.0736842105263, 220.55789473684212, 638.4526315789474, 39.01052631578948, 27.926315789473684, 20.63157894736842, 351.19377696787717, 191.8870299182304, 560.66561446463, 30.639112375636035, 23.234806110781278, 15.401058703301235, 2.0, 3.0, 5.0, 0.0, 0.0, 0.0, 1675.0, 846.0, 2580.0, 127.0, 93.0, 69.0, 91459.78330189566, 2.6733497519775726, 37720.30627762904, 3.125065084782582, 260633.8227707567, 3.2509898366668013, 23508104.350000005, 7678364.550000001, 64858955.74999999, 10521350.0, 16220344.0, 26655184.0]
[348.9569892473118, 252.69892473118279, 566.4193548387096, 28.881720430107528, 23.35483870967742, 21.483870967741936, 321.2776435062418, 240.46778618867725, 501.2321843864345, 23.38424286564036, 20.61059518648343, 16.473702959582614, 1.0, 9.0, 14.0, 0.0, 0.0, 0.0, 1348.0, 984.0, 2476.0, 121.0, 92.0, 78.0, 69748.98587067236, 3.252212497537868, 37255.22247418247, 3.3297736588417135, 245223.04980091416, 3.325619544550306, 19363417.470000003, 10470456.150000002, 49244218.89, 10966994.0, 16426050.0, 20501754.0]
[238.34408602150538, 176.32258064516128, 566.2150537634409, 29.849462365591396, 24.688172043010752, 17.881720430107528, 189.28742204381282, 169.04412604343761, 487.0350368938823, 27.83216243866357, 22.63701206211885, 12.328695285500824, 12.0, 7.0, 4.0, 1.0, 0.0, 0.0, 903.0, 702.0, 2263.0, 112.0, 87.0, 56.0, 28361.7656577923, 3.502853755314159, 33597.10028324145, 3.5137980776478868, 249783.93701135795, 3.4307997136057216, 7978907.100000001, 5133899.46, 48023749.2, 4398731.0, 12923504.0, 14585338.0]
