[232.96774193548387, 227.32258064516128, 290.44086021505376, 44.924731182795696, 62.903225806451616, 153.70967741935485, 178.28320482316786, 189.524012548274, 234.20668419366498, 37.021214998717966, 57.126683119744264, 88.64886529659064, 5.0, 6.0, 1.0, 0.0, 0.0, 0.0, 986.0, 770.0, 1160.0, 188.0, 241.0, 298.0, 20264.826787905, 3.405203351427638, 28755.360743294128, 3.2835625526439527, 47674.23292785626, 3.3579214978893575, 7413671.699999999, 7542678.509999999, 11989144.29, 5511008.0, 7447148.0, 5881460.0]
[287.9139784946237, 229.56989247311827, 240.20430107526883, 62.46236559139785, 60.29032258064516, 156.56989247311827, 215.41010714216623, 184.04113421646798, 183.4872083647075, 43.03475823194876, 54.9593882958256, 88.26632104891452, 4.0, 6.0, 2.0, 1.0, 0.0, 5.0, 1003.0, 872.0, 713.0, 164.0, 223.0, 313.0, 35920.15722618687, 3.238824257458475, 37675.31686496568, 3.353669004962475, 34171.65127574811, 3.3674123633912245, 11139655.319999998, 7456239.659999998, 7870905.269999999, 6068978.0, 6028491.0, 6771175.0]
[126.2258064516129, 80.53763440860214, 83.04301075268818, 54.354838709677416, 51.27956989247312, 153.19354838709677, 1409.800241238578, 1420.7874772933048, 1257.1816643828377, 39.00045851494411, 37.26181329790298, 93.10679446375312, -13155.0, -13365.0, -11808.0, 0.0, 0.0, 0.0, 1017.0, 840.0, 759.0, 134.0, 155.0, 299.0, 3362952.9399339235, 3.8174660029144145, 3428933.2682577535, 3.8222943357481967, 2684759.465528043, 3.817726950768675, 171431682.99, 173275587.48, 135824518.17, 182983599.0, 162607249.0, 160803152.0]
[277.03225806451616, 234.55913978494624, 234.8279569892473, 44.666666666666664, 50.82795698924731, 141.34408602150538, 201.92349237816177, 187.61949597207965, 185.78626240082363, 33.75465614688147, 44.954233648841715, 93.32650662938528, 0.0, 5.0, 2.0, 0.0, 0.0, 0.0, 906.0, 831.0, 771.0, 133.0, 197.0, 387.0, 40809.08036901594, 3.1362767082256666, 45091.94717370385, 3.3004568428768053, 29165.87590229744, 3.475133222973528, 10126383.120000003, 7770309.959999998, 7722653.969999999, 6542151.0, 6133677.0, 6705280.0]
[240.48387096774192, 249.53763440860214, 201.65591397849462, 38.38709677419355, 49.913978494623656, 151.03225806451613, 190.0925182586001, 178.33843980402673, 158.6290103562435, 28.196142296291292, 37.239137871791755, 84.89884666765442, 6.0, 2.0, 3.0, 0.0, 0.0, 7.0, 914.0, 764.0, 729.0, 110.0, 148.0, 289.0, 22837.35057989134, 3.4633760626600067, 34350.87601360076, 3.429709401566628, 21507.528964452413, 3.4729612591637724, 8093657.010000002, 8106849.99, 5670085.38, 6211020.0, 5058790.0, 4991204.0]
[220.91397849462365, 227.0, 183.04301075268816, 34.88172043010753, 37.13978494623656, 139.66666666666666, 170.84830901645512, 174.669874956706, 141.1681786087304, 29.103208198456922, 33.65799581915039, 87.97323374227221, 4.0, 0.0, 0.0, 0.0, 0.0, 0.0, 923.0, 868.0, 623.0, 110.0, 154.0, 300.0, 32600.84946511525, 3.16332521689202, 25887.01539584246, 3.190727506994764, 18156.60172505666, 3.414519467917788, 6718393.47, 7067141.609999999, 4602903.869999999, 5032519.0, 4831857.0, 3829920.0]
[180.3978494623656, 235.63440860215053, 190.40860215053763, 34.82795698924731, 43.87096774193548, 133.6236559139785, 132.28626237337053, 164.31847291862678, 133.5936600747027, 26.58073168420492, 32.53667689882471, 74.17604118911316, 2.0, 4.0, 3.0, 0.0, 0.0, 3.0, 650.0, 670.0, 589.0, 115.0, 135.0, 235.0, 12802.689502940439, 3.3954878169850593, 26353.21597977272, 3.463706511350709, 12268.434439890145, 3.394121024976532, 4311947.79, 7112401.92, 4662744.72, 3747532.0, 4511484.0, 3397946.0]
[66.43010752688173, 128.83870967741936, 119.27956989247312, 40.096774193548384, 44.69892473118279, 147.67741935483872, 1208.4010851376893, 1163.852563222703, 1001.6881225731694, 34.72377475101644, 37.06685644423219, 84.87499264139336, -11385.0, -10845.0, -9288.0, 0.0, 0.0, 2.0, 630.0, 812.0, 720.0, 216.0, 197.0, 310.0, 2783558.874614022, 3.8307379589766444, 2573638.7985945214, 3.8265655622370103, 1893003.389826225, 3.8226316090321033, 125319227.93999997, 117331219.85999995, 87079661.84999998, 128199789.0, 106267480.0, 110093238.0]
[194.67741935483872, 255.1720430107527, 210.0, 30.021505376344088, 39.13978494623656, 131.5268817204301, 153.4841842362241, 218.1265400421983, 166.9682344170526, 25.500203961086978, 32.22900104950356, 86.08408318739372, 3.0, 11.0, 0.0, 0.0, 0.0, 3.0, 680.0, 945.0, 935.0, 103.0, 152.0, 327.0, 24756.771554124152, 3.1501040489199377, 41831.5266017829, 3.488800988752724, 23932.121958300137, 3.467967967080756, 5293480.949999999, 9702478.890000002, 6199484.16, 5223662.0, 5650764.0, 3762383.0]
[180.1290322580645, 246.7741935483871, 186.59139784946237, 27.580645161290324, 39.03225806451613, 117.56989247311827, 135.37437830010614, 179.67973495326393, 156.7450322740405, 21.184655326872164, 28.991922268146418, 69.98810424534928, 2.0, 11.0, 0.0, 0.0, 1.0, 2.0, 677.0, 732.0, 822.0, 84.0, 124.0, 249.0, 15446.484176708307, 3.3664964513834477, 30881.677645273554, 3.333615577757865, 27746.97422317232, 3.3531860449407858, 4374286.62, 8029313.100000001, 5113390.17, 3960932.0, 4988061.0, 3228152.0]
[142.2258064516129, 242.63440860215053, 162.13978494623655, 23.978494623655912, 34.655913978494624, 128.09677419354838, 114.76517887978896, 145.85399078964556, 116.62934519589318, 17.519540950051013, 28.32977179716555, 71.68607052191082, 0.0, 0.0, 1.0, 1.0, 0.0, 3.0, 511.0, 584.0, 534.0, 71.0, 111.0, 232.0, 11236.342930955338, 3.4690627113000296, 17408.020383038896, 3.1306762407031896, 10178.241963102513, 3.5192589280345845, 2876450.01, 6911943.209999997, 3437584.11, 3178070.0, 3576654.0, 1873354.0]
[167.9255319148936, 241.89361702127658, 145.4787234042553, 19.425531914893618, 31.30851063829787, 120.76595744680851, 129.47696597254648, 154.0114831694923, 122.2072740143102, 15.587070297740766, 24.14963504955649, 68.1824600678312, 1.0, 6.0, 5.0, 0.0, 0.0, 3.0, 560.0, 677.0, 674.0, 59.0, 118.0, 244.0, 20518.563051476576, 3.3088396149488886, 22316.311716517917, 3.3297243082613015, 11720.96496343856, 3.5385814169213816, 3957196.02, 7243728.360000002, 3175640.5399999996, 3858778.0, 3495898.0, 2238844.0]
[39.516129032258064, 364.4301075268817, 1.2365591397849462, 211.67741935483872, -143.27956989247312, 103.05376344086021, 1207.2787997312405, 1001.7598253969543, 1214.7962380388117, 1250.2944449842546, 1418.0835380862147, 493.3881610992065, -10237.0, 5.0, -8546.0, 0.0, -13049.0, -4045.0, 4053.0, 8555.0, 735.0, 9452.0, 166.0, 2256.0, 1087658.178625914, 3.7241834695057157, 393343.24693819584, 3.5496322333542896, 573032.10953426, 3.4891915445773276, 124840647.15, 97348082.93999998, 126263582.48999998, 18375986.0, -107118216.0, -10038535.0]
[164.1505376344086, 232.9247311827957, 183.29032258064515, 26.225806451612904, 44.505376344086024, 125.2258064516129, 114.55888425462396, 160.6575643058146, 142.62779019449323, 19.482505548321875, 36.633206501845095, 74.47630627490489, 1.0, 0.0, 1.0, 0.0, 0.0, 4.0, 618.0, 724.0, 657.0, 74.0, 145.0, 272.0, 12205.971674731116, 3.424679542259631, 19541.30931696317, 3.2570294767664567, 13390.354733946146, 3.4800073938077145, 3453374.5800000005, 6900799.020000001, 4646181.42, 3293283.0, 4562732.0, 2667034.0]
[185.2340425531915, 258.71276595744683, 184.04255319148936, 21.925531914893618, 47.180851063829785, 134.77659574468086, 123.80077870166228, 186.74199453644593, 131.83468916233466, 17.34299112355979, 31.757130353672704, 76.80629934057467, 3.0, 3.0, 4.0, 0.0, 0.0, 2.0, 486.0, 876.0, 534.0, 83.0, 120.0, 275.0, 18559.84233893634, 3.558450566958874, 32985.99827101261, 3.350738449716892, 18408.628506108274, 3.3033082393160265, 4371631.68, 8962697.9, 4512293.279999999, 4529745.0, 4454613.0, 3142674.0]
[168.06451612903226, 247.19354838709677, 165.90322580645162, 28.602150537634408, 46.81720430107527, 124.50537634408602, 140.35357575498023, 178.95015446769312, 124.00587858752372, 21.407099485180062, 37.4937520118379, 62.86123842931902, 1.0, 0.0, 5.0, 0.0, 3.0, 10.0, 856.0, 803.0, 488.0, 92.0, 186.0, 249.0, 23691.60362338095, 3.338449853661845, 24535.18808545212, 3.043049351884831, 16159.863309237266, 3.3578037643457783, 4128426.2400000007, 8024842.589999998, 3696235.71, 3926006.0, 3902077.0, 2667040.0]
[173.7311827956989, 228.43010752688173, 176.05376344086022, 22.344086021505376, 43.60215053763441, 120.56989247311827, 108.5148897602202, 162.59969502681852, 123.52163739264803, 21.01629524277888, 37.31916974032952, 65.6206816963422, 7.0, 8.0, 3.0, 0.0, 0.0, 1.0, 532.0, 608.0, 618.0, 83.0, 166.0, 243.0, 10535.071565581693, 3.322342341721063, 24926.21220749258, 3.3132395666355876, 13691.874766048495, 3.5215598639657766, 3617996.6699999995, 6775167.179999998, 3986191.110000001, 3380139.0, 3886729.0, 2783691.0]
[211.70967741935485, 264.3440860215054, 189.33333333333334, 31.946236559139784, 53.46236559139785, 128.0215053763441, 170.14747954828465, 184.44437682941845, 166.64811490952593, 31.418066524864688, 49.18765290894633, 85.44614099391902, 2.0, 14.0, 3.0, 0.0, 0.0, 1.0, 875.0, 796.0, 1090.0, 126.0, 224.0, 277.0, 13408.904286080158, 3.2480156165651466, 35872.025626837356, 3.260728750874797, 14330.670029235174, 3.366912199651211, 6353543.3100000005, 8954458.5, 5476554.24, 6012558.0, 4992971.0, 3966374.0]
[201.56989247311827, 223.56989247311827, 184.96774193548387, 35.0, 40.526881720430104, 132.32258064516128, 157.39982306557803, 166.37218608011156, 131.93538039616402, 31.008063467427306, 34.52931690665493, 83.39288381827764, 2.0, 1.0, 6.0, 0.0, 0.0, 1.0, 784.0, 802.0, 610.0, 128.0, 129.0, 269.0, 26995.054195186698, 3.244157814646831, 31291.310321179826, 3.2856980296173077, 20109.31834192581, 3.4124281551999602, 5633848.860000001, 6691348.14, 4448426.22, 4398909.0, 3956946.0, 3646141.0]
[303.4516129032258, 136.98924731182797, 412.80645161290323, -72.41935483870968, 175.0215053763441, 190.86021505376345, 526.0930136832111, 665.3235972168414, 1413.2591554250432, 1078.5339820751515, 935.0536950228955, 788.8525181966339, 7.0, -4938.0, 0.0, -10349.0, 0.0, -444.0, 4958.0, 959.0, 12150.0, 452.0, 7650.0, 7657.0, 43408.46758870541, 3.395248403712964, 38917.36456064668, 3.1397185890293433, 60355.32506968226, 2.5978078802907403, 31645019.789999995, 39496679.63999999, 185627800.05, -20015712.0, -66766388.0, 44473377.0]
[218.34408602150538, 234.10752688172042, 236.06451612903226, 30.021505376344088, 40.73118279569893, 113.63440860215054, 175.15406228602538, 164.8002389169326, 161.98059508388874, 26.383451044424756, 32.31540882456589, 84.58116566817787, 3.0, 2.0, 2.0, 0.0, 0.0, 0.0, 793.0, 773.0, 1035.0, 100.0, 136.0, 292.0, 35410.82988548673, 3.3769891724229804, 25810.65386112638, 3.539256722971668, 22038.974689737744, 3.418716850801916, 6748226.94, 7063934.040000002, 7064679.8999999985, 4959392.0, 5663668.0, 5251173.0]
[226.91397849462365, 253.29032258064515, 168.40860215053763, 43.59139784946237, 51.27956989247312, 125.55913978494624, 243.76738091494104, 210.9708191569734, 147.81526635864427, 46.12040870495116, 57.33508782120396, 85.36869683468284, 6.0, 3.0, 2.0, 0.0, 0.0, 1.0, 1317.0, 1186.0, 720.0, 235.0, 323.0, 274.0, 43010.66265112829, 3.4574206023787015, 45332.83203745228, 3.512894774671105, 18888.384980290215, 3.319049184308044, 9537558.27, 9357014.580000002, 4322413.079999999, 5247184.0, 4158372.0, 3872700.0]
