[226.8494623655914, 295.0752688172043, 201.58064516129033, 51.483870967741936, 67.98924731182795, 152.8279569892473, 217.16112762870034, 253.08948565929333, 178.5359738796203, 34.49909037969911, 64.74960040562546, 88.24368725493035, 2.0, 6.0, 2.0, 0.0, 0.0, 4.0, 1232.0, 1280.0, 865.0, 132.0, 274.0, 332.0, 62514.68876010262, 3.0270832736577105, 80367.73338056856, 3.0157443649161024, 36279.39381157993, 3.2960952786018654, 8485754.31, 13011118.499999998, 6241733.129999999, 7520882.0, 6971002.0, 4993253.0]
[239.85106382978722, 255.60638297872342, 222.0, 45.808510638297875, 57.08510638297872, 150.03191489361703, 194.40700889212556, 222.29831831215208, 208.7284081937501, 26.691497819014696, 55.904422964357735, 85.72454663174653, 3.0, 5.0, 6.0, 0.0, 0.0, 5.0, 1172.0, 1028.0, 1055.0, 107.0, 296.0, 309.0, 40871.57747165689, 3.3817862045139186, 50346.90823469716, 3.0542577524279837, 45854.56955613309, 3.2968000179965937, 8387180.080000003, 10092961.420000002, 8163409.319999998, 6511838.0, 7222862.0, 5981715.0]
[352.9569892473118, 209.59139784946237, 533.1827956989247, -104.56989247311827, 224.9784946236559, 528.741935483871, 1676.462002538696, 2186.226176873504, 1765.745432845244, 2096.0118154218576, 2648.3810763595648, 2433.1068165012625, -4049.0, -10345.0, -4045.0, -12150.0, -10348.0, -11248.0, 9454.0, 9484.0, 12156.0, 4950.0, 13053.0, 13056.0, 6776487.876323861, 3.233155531140916, 11800553.030320808, 3.3790631674501705, 7873023.373903327, 3.4494489407353726, 251243312.07, 412740664.38, 291351553.1999999, 271885208.0, -164084587.0, -72357645.0]
[259.3440860215054, 289.35483870967744, 245.09677419354838, 52.11827956989247, 61.18279569892473, 173.48387096774192, 183.72578187777899, 217.08531908992802, 176.67453893210637, 32.05730245180041, 46.30873385474436, 93.90450895587516, 13.0, 6.0, 1.0, 0.0, 0.0, 0.0, 791.0, 816.0, 714.0, 118.0, 201.0, 325.0, 40104.2663123235, 3.306973771208258, 46342.19896169401, 3.182571822967992, 33833.29177386696, 3.4682311365096536, 8705353.350000001, 11273584.62, 7866325.020000001, 7645972.0, 7203216.0, 6084449.0]
[205.5483870967742, 261.89247311827955, 205.5268817204301, 44.39784946236559, 56.784946236559136, 152.1720430107527, 153.27940643670195, 229.22954426615556, 159.82365223269278, 29.670707185541357, 44.951386655200515, 85.31688038996967, 3.0, 2.0, 1.0, 0.0, 0.0, 1.0, 709.0, 872.0, 887.0, 130.0, 210.0, 319.0, 19792.241377175007, 3.3463306156539274, 60160.117216477396, 2.999113333712166, 35386.16728564914, 3.316084098682902, 5664410.520000001, 10427998.86, 5838960.3599999985, 4805627.0, 6160972.0, 3770909.0]
[252.40860215053763, 361.7096774193548, 180.30107526881721, 14.473118279569892, 92.45161290322581, 249.48387096774192, 445.74140086706984, 970.924935313758, 476.272660876972, 334.01232050297085, 324.51678177712006, 876.8171889790942, -3128.0, 10.0, -4049.0, -3149.0, 0.0, 5.0, 1727.0, 9456.0, 900.0, 150.0, 3150.0, 8558.0, 59212.879746278115, 3.389897469820426, 37139.04996950018, 3.033386638965579, 46978.92308587886, 3.435606818400842, 22509809.279999994, 91972827.09, 22219716.239999995, -21802339.0, -31404565.0, 19063264.0]
[285.9139784946237, 272.9032258064516, 279.9569892473118, 55.666666666666664, 58.11827956989247, 163.4731182795699, 242.483959842169, 250.78607133658278, 199.16821129597173, 38.69454891767094, 51.20692239683784, 102.55185235622213, 1.0, 1.0, 7.0, 0.0, 2.0, 7.0, 1049.0, 1302.0, 1024.0, 143.0, 277.0, 351.0, 79406.23091587845, 3.2904830822246094, 65556.5981726452, 3.293785721612976, 46134.39086768582, 3.533051934187739, 12101078.16, 11822625.0, 10172725.02, 8913674.0, 9231999.0, 8054666.0]
[172.51612903225808, 179.81720430107526, 211.88172043010752, 45.44086021505376, 56.68817204301075, 149.8494623655914, 1093.1204994727073, 1070.5576253831514, 998.5135893075219, 40.989251604269064, 61.621032987161634, 101.40683733021412, -9975.0, -9795.0, -9017.0, 0.0, 0.0, 4.0, 1094.0, 1048.0, 1365.0, 154.0, 367.0, 324.0, 1735898.1692962414, 3.7962869180599323, 1647371.6585584192, 3.810760251586807, 1432291.7969848595, 3.805014334833036, 104810806.55999999, 100856358.21000001, 89188704.69000001, 105631238.0, 98073112.0, 98806957.0]
[306.3225806451613, 239.9784946236559, 222.96774193548387, 63.54838709677419, 58.0, 157.3548387096774, 192.08032520900812, 178.10310756355756, 180.94735311764168, 43.834301668956115, 51.89202837330269, 78.90137558194851, 14.0, 3.0, 0.0, 1.0, 0.0, 10.0, 962.0, 868.0, 910.0, 174.0, 210.0, 283.0, 31090.744822920366, 3.243923976259433, 27096.5376198949, 3.2252221025095187, 33467.40671901188, 3.3198869505519175, 11272384.919999996, 7694955.78, 7101217.739999999, 7158888.0, 5535812.0, 6510379.0]
[270.78494623655916, 299.61290322580646, 153.8279569892473, -140.56989247311827, 243.2258064516129, 296.4301075268817, 859.4392743484906, 1359.028945465955, 1714.8624841790356, 1197.2630236415623, 1642.9002664232985, 1386.5006890812622, -4041.0, -4036.0, -13043.0, -8547.0, -4047.0, -3149.0, 6778.0, 12160.0, 9465.0, 123.0, 12151.0, 12156.0, 728615.1120001863, 3.57994212668785, 1931607.8258928475, 3.577098923321391, 3128736.1360721085, 3.681724763184695, 69539519.61000001, 165789894.71999997, 253657472.1, -9199210.0, -185898154.0, -28918047.0]
[285.1720430107527, 250.6451612903226, 226.50537634408602, 77.06451612903226, 53.666666666666664, 149.4516129032258, 218.83330084275852, 220.4915282391717, 212.7427321425491, 47.38138656082541, 47.27356401914778, 78.92229476833971, 5.0, 7.0, 3.0, 0.0, 0.0, 4.0, 990.0, 1215.0, 984.0, 169.0, 235.0, 286.0, 56680.563989712326, 3.3521216983039808, 54184.14482357319, 3.400048437804493, 47272.22951195015, 3.362134056344867, 11130932.85, 9593189.94, 8309742.509999999, 6654077.0, 7058302.0, 6847980.0]
[337.9462365591398, 220.0752688172043, 242.58064516129033, 68.80645161290323, 56.72043010752688, 153.752688172043, 256.5061388193017, 210.22272022574472, 203.88788066530083, 46.24397917673366, 48.427975563761706, 84.24403680534546, 6.0, 3.0, 2.0, 0.0, 1.0, 5.0, 1236.0, 1166.0, 1014.0, 171.0, 221.0, 336.0, 76817.42119919707, 3.078741732267126, 60664.383138593024, 3.0995077974963583, 45839.974595114574, 3.4468551085689563, 15507274.769999996, 7970184.630000001, 8646288.120000003, 7402835.0, 5752696.0, 7688183.0]
[286.5806451612903, 196.40860215053763, 226.76344086021504, 52.70967741935484, 42.645161290322584, 139.49462365591398, 245.16983122533148, 169.9138679857955, 161.24888930183445, 39.919097708381784, 39.51379647922942, 97.2114038371946, 3.0, 13.0, 5.0, 0.0, 0.0, 10.0, 1298.0, 967.0, 815.0, 131.0, 206.0, 339.0, 84572.64205317262, 3.424580820851994, 42988.896098423844, 3.5509293446883325, 39534.18041790866, 3.395922902828239, 12246152.580000002, 5806646.579999999, 6672122.250000002, 6034700.0, 4469769.0, 5487798.0]
[342.1505376344086, 239.8494623655914, 298.6559139784946, 50.88172043010753, 43.064516129032256, 133.8494623655914, 223.88981889568493, 187.61546857501077, 302.6342495712568, 51.485930847842475, 38.47551634018391, 91.65210050447138, 3.0, 6.0, 0.0, 1.0, 0.0, 1.0, 885.0, 854.0, 2256.0, 305.0, 184.0, 327.0, 43892.48400892145, 3.197420763484056, 35547.00286616908, 3.4723828729576645, 152971.49717367114, 3.5960169622538687, 14413960.259999998, 7987251.060000001, 15550731.81, 8628599.0, 9241085.0, 11433056.0]
[227.72043010752688, 216.05376344086022, 217.31182795698925, 44.516129032258064, 47.60215053763441, 109.86021505376344, 215.2167949236404, 165.54503955586264, 170.4471726457397, 37.46552412413595, 42.89297595911556, 87.60541369486762, 7.0, 0.0, 4.0, 0.0, 0.0, 1.0, 1263.0, 779.0, 834.0, 170.0, 187.0, 297.0, 76211.47047435128, 3.361401081091114, 25773.986789222155, 3.500754933710938, 26595.10869368082, 3.4076089097406843, 8448067.920000002, 6382071.990000002, 6570150.539999999, 5148210.0, 4516406.0, 4589558.0]
[255.43010752688173, 188.08602150537635, 215.9247311827957, 44.68817204301075, 37.70967741935484, 118.38709677419355, 212.59204645075215, 166.22899709855326, 183.5292440006757, 32.21428878707453, 32.88867277093955, 80.10143464194044, 3.0, 3.0, 0.0, 0.0, 0.0, 4.0, 1063.0, 1060.0, 1249.0, 123.0, 177.0, 262.0, 45632.61390248768, 3.0499787839136294, 24640.870138072227, 3.428639818733796, 26289.32136086479, 3.5335190892667803, 9509916.81, 5423901.3599999985, 6914381.670000001, 4324991.0, 4422532.0, 5670764.0]
[264.7741935483871, 202.20430107526883, 276.01075268817203, 41.376344086021504, 47.236559139784944, 122.35483870967742, 217.63547150504442, 171.13061113738883, 200.61614301856343, 33.79346282888562, 44.990433246235405, 90.50025764571664, 12.0, 2.0, 5.0, 0.0, 0.0, 1.0, 1055.0, 648.0, 847.0, 167.0, 227.0, 310.0, 42656.43351392949, 3.2040597896349907, 28854.05019481862, 3.4040611547457873, 34037.939880611644, 3.418046224622371, 10115980.140000002, 6041963.55, 10032494.969999999, 5510654.0, 6068030.0, 8189370.0]
[241.18279569892474, 239.05376344086022, 247.05376344086022, 53.81720430107527, 41.24731182795699, 108.53763440860214, 228.61606063235283, 202.6229828154506, 213.94505418099445, 40.72440413436532, 35.26904539886724, 86.35890215432148, 2.0, 3.0, 7.0, 0.0, 0.0, 3.0, 921.0, 926.0, 1142.0, 139.0, 158.0, 308.0, 45792.88028611769, 3.0318759707833833, 20870.532194594685, 3.3267453597633536, 56820.36528132337, 3.0056633175881404, 9502868.339999998, 8455375.860000001, 9195259.679999998, 5626760.0, 6038947.0, 6425675.0]
[246.1578947368421, 231.34736842105264, 274.82105263157894, 66.83157894736843, 52.68421052631579, 132.17894736842106, 204.6934561099698, 207.48313278899874, 226.6224237720685, 37.95956769241843, 40.35962358750909, 79.52424746610552, 3.0, 2.0, 24.0, 0.0, 0.0, 1.0, 801.0, 1226.0, 1337.0, 158.0, 156.0, 290.0, 40572.3982053066, 3.0311610927000325, 31070.882368000064, 3.3437056891306507, 55228.90852129286, 3.5047409421858164, 9210199.65, 8674622.9, 11402521.299999999, 5300079.0, 6532579.0, 7618572.0]
[229.75531914893617, 269.7340425531915, 218.79787234042553, 49.09574468085106, 45.819148936170215, 100.85106382978724, 192.74980641917188, 198.63925131246506, 190.90827498510893, 50.65613978410302, 41.56946841907226, 84.92754121555983, 2.0, 1.0, 6.0, 0.0, 0.0, 0.0, 867.0, 972.0, 916.0, 197.0, 183.0, 275.0, 36402.66170629103, 3.4423951344205803, 39734.06687840703, 3.3678950378568455, 32183.99677355198, 3.25683617195653, 7912174.580000001, 9878139.460000003, 7416121.539999999, 6040929.0, 5767816.0, 6156525.0]
[246.752688172043, 369.36559139784947, 216.79569892473117, 131.4731182795699, 192.65591397849462, 243.6236559139785, 506.97664503093785, 979.3033880058317, 208.591162384167, 696.0304308595726, 1254.8720140405765, 1251.0739031621779, -4046.0, 1.0, -443.0, 0.0, 0.0, 0.0, 1017.0, 9458.0, 1018.0, 6752.0, 12155.0, 12156.0, 166997.39417548839, 3.452434085031374, 505095.0168999648, 3.680576726984006, 48060.3992124705, 3.3946211239105266, 27257193.3, 93854957.37000002, 7787801.399999999, -29663395.0, 1500244.0, 9197841.0]
[266.0537634408602, 271.73118279569894, 267.7204301075269, 61.763440860215056, 59.193548387096776, 118.3010752688172, 234.02403098415743, 209.72918043457784, 224.8120647771783, 54.10665752041786, 46.71496782396226, 87.00122249843696, 2.0, 3.0, 6.0, 0.0, 0.0, 1.0, 1206.0, 951.0, 1320.0, 214.0, 228.0, 333.0, 54915.219643497396, 3.231417814042219, 32464.252836616975, 3.4234204453326753, 37077.24784193012, 3.338870420710771, 10808046.15, 10149704.73, 10523346.179999998, 7083286.0, 7165621.0, 7614900.0]
