[101.17204301075269, 156.0215053763441, 265.68817204301075, 18.086021505376344, -147.10752688172042, 56.10752688172043, 595.451265184575, 545.7588051928574, 831.9172196811754, 1469.232220789765, 1341.8118385419862, 1365.7091362490166, -4046.0, -4049.0, -5845.0, -10350.0, -10350.0, -9447.0, 698.0, 811.0, 4051.0, 9453.0, 1350.0, 6756.0, 139836.69715739373, 3.2813607504740734, 118485.8118053595, 3.255003867043862, 237053.9282833685, 3.619131684992098, 31221635.429999996, 27589675.739999995, 65320247.25, 25836099.0, 21266210.0, 11758612.0]
[255.0215053763441, 256.7741935483871, 203.58064516129033, 54.913978494623656, 56.83870967741935, 148.72043010752688, 216.04352311587104, 204.20802101907591, 191.05452912605668, 34.9417701680638, 43.604768965995454, 77.20136932658612, 2.0, 7.0, 1.0, 0.0, 3.0, 0.0, 1229.0, 1059.0, 1088.0, 138.0, 194.0, 311.0, 64632.441487081254, 3.3266793583241943, 47047.28999217447, 3.245308005252737, 50811.22512083811, 3.214179321970358, 9618457.110000001, 9270474.359999998, 6707681.73, 7149579.0, 6112198.0, 5314077.0]
[228.36559139784947, 263.3225806451613, 187.23655913978496, 57.806451612903224, 61.225806451612904, 162.55913978494624, 179.27273277390105, 207.3198097295851, 162.66552759049063, 35.83727051442763, 43.32664834975123, 89.17526250440896, 1.0, 1.0, 1.0, 1.0, 3.0, 0.0, 859.0, 1088.0, 861.0, 144.0, 200.0, 336.0, 37806.1678793958, 3.361995974986061, 53079.90807810646, 3.3707900327992357, 32587.95407724377, 3.4646438037426597, 7260314.7, 9674608.65, 5296049.609999999, 5677277.0, 5084516.0, 4008858.0]
[183.98936170212767, 289.21276595744683, 215.31914893617022, 50.62765957446808, 55.42553191489362, 175.9787234042553, 147.05397258609383, 222.54823675945028, 167.36562337421606, 36.58485027620486, 42.66561390545176, 95.93848597317918, 4.0, 0.0, 2.0, 0.0, 0.0, 12.0, 644.0, 1021.0, 834.0, 154.0, 171.0, 385.0, 16222.22693908284, 3.432453194860175, 46606.26518582762, 3.294302486965026, 26935.74586384093, 3.552482695569472, 4881616.46, 11720499.040000001, 6545319.640000001, 5553914.0, 6733094.0, 3960580.0]
[246.8279569892473, 279.86021505376345, 213.51612903225808, 51.88172043010753, 66.06451612903226, 147.01075268817203, 198.5819633462035, 225.72441794470305, 155.7800576693353, 36.61398208286651, 52.06826757324024, 76.39023022891934, 11.0, 1.0, 1.0, 0.0, 0.0, 2.0, 1379.0, 916.0, 753.0, 136.0, 222.0, 290.0, 28036.372290815896, 3.3716775345968704, 34422.447348743764, 3.178544587397253, 21724.39792823893, 3.47370911410985, 8643361.41, 11133458.73, 6019325.49, 6102548.0, 5686405.0, 5211402.0]
[332.59139784946234, 334.9569892473118, 200.1505376344086, 46.215053763440864, 72.18279569892474, 159.23655913978496, 337.7884672703479, 242.0724340922745, 171.29753838662276, 39.33795861902719, 92.05633273407614, 83.68424061412175, 2.0, 9.0, 0.0, 0.0, 0.0, 3.0, 2492.0, 1471.0, 791.0, 213.0, 555.0, 283.0, 229310.68062142842, 3.265982905630314, 76952.28355457727, 3.3885899421756345, 34023.44719543704, 3.4885208281028985, 19329753.33, 14717583.870000001, 5975383.92, 13707884.0, 7376819.0, 6349506.0]
[204.86021505376345, 304.81720430107526, 210.46236559139786, 16.591397849462364, 10.440860215053764, 233.25806451612902, 153.05679475832616, 211.7804927090763, 164.51612575511734, 238.50171982604505, 427.44993254653184, 594.9527913903504, 7.0, 3.0, 0.0, -2244.0, -4043.0, 8.0, 763.0, 827.0, 665.0, 127.0, 219.0, 5850.0, 16415.935565859636, 3.572301667656418, 46537.996817510175, 3.0311437628806988, 24164.788394554773, 3.464173370800716, 5634148.320000001, 11873540.639999999, 6146752.23, 5947358.0, 6288485.0, 4372879.0]
[234.40860215053763, 229.0, 213.06451612903226, 31.118279569892472, 48.655913978494624, 121.25806451612904, 228.51111839371518, 188.8607722751017, 193.27839835503408, 26.686932750255192, 37.46519968545184, 82.92517622974897, 0.0, 7.0, 4.0, 0.0, 0.0, 1.0, 1551.0, 938.0, 1068.0, 141.0, 189.0, 291.0, 69528.30566169496, 3.223948027281912, 44940.52711436819, 3.4321079306929096, 54102.72153090857, 3.280035621566966, 9220114.860000001, 7587409.65, 7122567.750000001, 5169800.0, 5944403.0, 5856671.0]
[184.59139784946237, 260.741935483871, 207.1290322580645, 33.483870967741936, 41.12903225806452, 143.41935483870967, 129.60032512700258, 204.26394387110614, 193.62987023691966, 27.582529482968415, 32.2049232687946, 90.89067998576584, 1.0, 1.0, 0.0, 0.0, 0.0, 1.0, 633.0, 1052.0, 1282.0, 106.0, 150.0, 326.0, 16131.633629112328, 3.4531181177611945, 32588.535098139055, 3.0358892443121004, 24994.77783378302, 3.271633682536138, 4384145.550000001, 9450024.809999995, 6918492.2700000005, 4573129.0, 6509840.0, 3803477.0]
[184.8494623655914, 314.5376344086022, 189.40860215053763, 39.505376344086024, 54.30107526881721, 150.46236559139786, 154.22970913237057, 263.6853180171801, 183.24586931456562, 28.338260991072296, 39.65223414568557, 90.39100560533194, 2.0, 8.0, 1.0, 0.0, 0.0, 1.0, 671.0, 1692.0, 1273.0, 103.0, 187.0, 349.0, 34885.66071052283, 3.311158548983753, 92612.21145067144, 3.4410123856038695, 33070.74574371688, 3.6892107676770625, 4990503.689999999, 14505777.299999997, 5975905.65, 5694444.0, 6276271.0, 4482139.0]
[182.59139784946237, 336.10752688172045, 210.3548387096774, 43.913978494623656, 59.96774193548387, 159.40860215053763, 157.09103124975573, 219.16270818759648, 180.43652654660022, 35.14709955068298, 38.687277881051834, 93.67325688601564, 0.0, 6.0, 2.0, 2.0, 2.0, 0.0, 910.0, 995.0, 1007.0, 133.0, 152.0, 336.0, 18400.23175588072, 3.4988963296204356, 52171.1908964034, 2.984932296560739, 31090.742902828035, 3.1981542235755875, 4994958.39, 13880268.6, 6612715.71, 6446604.0, 8065096.0, 4494326.0]
[204.05376344086022, 261.3225806451613, 191.96774193548387, 42.12903225806452, 57.26881720430107, 133.1720430107527, 161.4999909537888, 194.95200977421857, 144.39253952280816, 32.25449945236883, 47.63428154106676, 94.89039714734437, 4.0, 5.0, 1.0, 1.0, 0.0, 0.0, 763.0, 879.0, 782.0, 119.0, 205.0, 339.0, 28837.610538117395, 3.37293524017251, 41673.11328634901, 3.3047345035550615, 17748.325515570556, 3.519401527834117, 5832862.350000001, 9158175.930000003, 4971154.11, 5364869.0, 4306339.0, 4049039.0]
[248.74193548387098, 274.741935483871, 264.01075268817203, 42.70967741935484, 53.12903225806452, 134.18279569892474, 247.36080421406814, 193.99708106420204, 226.3406193551645, 38.6046236938917, 56.42101555087809, 85.98811169556335, 3.0, 9.0, 8.0, 0.0, 0.0, 3.0, 1683.0, 1138.0, 1246.0, 152.0, 317.0, 313.0, 31862.906841345175, 3.3939779551908065, 44708.16515801209, 3.4810683837659577, 35924.753499850594, 3.405419149714146, 10586548.049999999, 9748575.27, 10411743.389999999, 7077571.0, 7306553.0, 7800354.0]
[243.3404255319149, 225.88297872340425, 224.74468085106383, 53.170212765957444, 44.62765957446808, 112.96808510638297, 210.65058226971428, 165.83311058825342, 187.4265984595359, 44.023854310377466, 44.90874475816299, 82.15085155582696, 12.0, 10.0, 0.0, 0.0, 1.0, 0.0, 1001.0, 791.0, 918.0, 180.0, 224.0, 318.0, 38326.10667401844, 3.1997826474714834, 29687.637913803992, 3.3897547749111885, 39795.40690113778, 3.274635611876824, 9111344.799999997, 6912507.140000001, 7534032.320000002, 5105624.0, 4694974.0, 5990313.0]
[277.9468085106383, 310.36170212765956, 223.6595744680851, 50.351063829787236, 54.265957446808514, 120.45744680851064, 233.66267235497943, 252.45081927359692, 165.64897159072342, 42.43114788317721, 48.995320279476616, 86.23033232433907, 6.0, 6.0, 4.0, 0.0, 0.0, 0.0, 1478.0, 1325.0, 709.0, 219.0, 225.0, 293.0, 58443.62187615831, 3.345373132062255, 50807.52794334112, 3.29690080701423, 26608.346698482794, 3.0944718239663467, 11599179.82, 14082623.160000002, 6818853.999999998, 8639869.0, 6977797.0, 6637150.0]
[266.0744680851064, 249.64893617021278, 192.0212765957447, 42.319148936170215, 49.808510638297875, 126.1063829787234, 249.14810723967358, 178.5658342163857, 165.24572635948323, 34.098911396226235, 39.37257289894427, 85.74825219512302, 8.0, 5.0, 4.0, 0.0, 0.0, 2.0, 1271.0, 831.0, 745.0, 140.0, 159.0, 307.0, 82524.89795242548, 3.383079955489242, 30936.593772484288, 3.4210009899504907, 35607.11974548155, 3.2147290126717056, 11682078.42, 8294453.78, 5645128.639999999, 6824278.0, 5208789.0, 6576989.0]
[227.98924731182797, 240.83870967741936, 204.90322580645162, 49.46236559139785, 48.39784946236559, 108.36559139784946, 189.62735164479463, 183.94353400613133, 171.96492719485926, 40.706147153498584, 38.62926908585673, 81.22911570343274, 6.0, 12.0, 2.0, 0.0, 2.0, 1.0, 882.0, 875.0, 861.0, 168.0, 170.0, 290.0, 44535.104777328386, 3.256950402430213, 26865.0185942894, 3.2899109936375392, 33908.40033593101, 3.4549112332886343, 7572284.13, 7911645.78, 6161486.220000001, 4369562.0, 4631115.0, 5473305.0]
[104.73118279569893, 94.3010752688172, 93.50537634408602, 70.20430107526882, 24.548387096774192, -59.87096774193548, 744.2738383935473, 1722.256051918064, 1826.4660676197716, 1474.0978122164415, 1753.5828634673308, 1952.2612264277502, -4049.0, -12150.0, -12145.0, -10350.0, -13050.0, -12150.0, 950.0, 8553.0, 7660.0, 7650.0, 10353.0, 8557.0, 332112.3244517565, 3.160786483272338, 1890206.4376124197, 3.755414958032324, 1910134.4429233389, 3.4120842069156057, 48344085.84, 254554284.11999995, 286182507.18, 6660905.0, 89369596.0, 40529668.0]
[232.4516129032258, 203.7311827956989, 229.29032258064515, 59.193548387096776, 40.903225806451616, 106.40860215053763, 198.17600412638433, 168.94899795017548, 214.3115661958766, 48.65724354326508, 32.49985435289406, 89.85619387316939, 0.0, 8.0, 7.0, 0.0, 0.0, 6.0, 891.0, 850.0, 880.0, 174.0, 136.0, 304.0, 33218.96628066376, 2.8043963219853816, 33073.53716431307, 3.432935717856178, 39106.425330962265, 3.521864696848342, 8033639.46, 6032092.530000001, 8476853.279999997, 4424883.0, 3710320.0, 5889226.0]
[258.5268817204301, 209.06451612903226, 255.16129032258064, 52.02150537634409, 47.30107526881721, 112.73118279569893, 232.11047741547603, 158.9341404790603, 224.6985076827141, 47.08363938470783, 45.52586100855601, 84.72078690885344, 1.0, 7.0, 1.0, 0.0, 0.0, 0.0, 1239.0, 696.0, 1251.0, 194.0, 204.0, 271.0, 41755.87880972806, 3.1928758153715853, 30629.044246445355, 3.287960267606341, 56880.728069661025, 3.416351774758665, 10390226.910000002, 5941553.309999999, 9951003.719999999, 6000920.0, 5897057.0, 7398675.0]
[287.4623655913978, 270.93548387096774, 214.16129032258064, 55.87096774193548, 59.44086021505376, 122.52688172043011, 246.98853868584519, 215.77800621550708, 180.60636335764443, 46.3432903558845, 55.175700063640846, 86.74545363326084, 6.0, 0.0, 4.0, 0.0, 0.0, 1.0, 1317.0, 988.0, 1191.0, 221.0, 228.0, 283.0, 62932.548983516725, 3.3604093742473644, 39282.536115659736, 3.3804240883646046, 20946.99019256404, 3.367577802410645, 12366513.18, 10332574.349999998, 6757721.310000001, 8017710.0, 6462881.0, 6643905.0]
[222.18279569892474, 182.32258064516128, 253.94623655913978, 38.666666666666664, 43.784946236559136, 107.55913978494624, 185.54677988820424, 152.4989067167028, 187.83528663209378, 40.00932862235499, 43.93964473703268, 87.3674726017481, 1.0, 3.0, 2.0, 0.0, 0.0, 6.0, 719.0, 638.0, 925.0, 177.0, 192.0, 312.0, 30435.450716195137, 3.440507743162024, 16934.921240648422, 3.4864220635243353, 39049.365279915095, 3.2421807213741807, 7215221.79, 4864835.579999998, 8596362.93, 4033199.0, 4358700.0, 6067405.0]
