[449.36170212765956, 566.3297872340426, 568.6489361702128, 103.35106382978724, 60.59574468085106, 200.2340425531915, 354.89043746418866, 441.3766681522728, 440.8832461313156, 91.35346777284875, 68.8697257253323, 135.51395004426783, 0.0, 8.0, 3.0, 0.0, 0.0, 0.0, 1701.0, 1881.0, 1849.0, 297.0, 335.0, 406.0, 116856.79574792823, 3.3265157786469874, 156325.97153047702, 2.974590578817453, 193908.80721092044, 3.3364632598763446, 28852482.200000007, 45370236.46, 45564760.06000001, 29690983.0, 32929969.0, 21843754.0]
[462.23655913978496, 839.3548387096774, 593.1827956989247, 96.19354838709677, 78.65591397849462, 255.752688172043, 455.09954472117755, 430.3808133037857, 406.48527825731304, 63.339708347737414, 70.65754746350694, 110.52666960413735, 3.0, 30.0, 14.0, 0.0, 0.0, 0.0, 2357.0, 2095.0, 1751.0, 213.0, 360.0, 448.0, 139126.269992665, 3.384223001417608, 168217.85937825535, 3.0604886097825608, 144011.198762912, 2.9502263465541176, 36200491.8, 76781713.26, 44569978.44, 36804150.0, 43904534.0, 24181522.0]
[433.36559139784947, 866.9677419354839, 596.9032258064516, 63.193548387096776, 68.59139784946237, 249.90322580645162, 324.1236272777731, 526.9560548382714, 378.87275782235366, 47.518019022654, 60.87393183763148, 109.66758711394226, 13.0, 4.0, 19.0, 2.0, 3.0, 2.0, 1519.0, 2523.0, 1745.0, 221.0, 232.0, 439.0, 87708.90712410655, 3.197602766309218, 221981.88867234293, 2.999932205873539, 166532.76347961588, 2.6974698640611594, 25231920.21, 88767274.25999998, 43097494.56, 34089573.0, 45324237.0, 26524286.0]
[532.6236559139785, 871.8817204301075, 620.9462365591398, 45.763440860215056, 67.11827956989248, 264.89247311827955, 367.0777643585743, 463.54861968772946, 455.5760893254061, 32.52270038305097, 63.723732774744754, 122.64932889140836, 54.0, 14.0, 5.0, 0.0, 3.0, 20.0, 1550.0, 1952.0, 2224.0, 124.0, 305.0, 475.0, 130984.81269780871, 3.2449534741210813, 208286.6677703147, 2.9988992908066976, 217820.31327845732, 2.854263235704678, 36065046.599999994, 84132675.98999998, 51106256.52, 42532778.0, 45879860.0, 34089660.0]
[605.5806451612904, 814.3870967741935, 620.9677419354839, 57.075268817204304, 70.33333333333333, 255.09677419354838, 395.53390781324174, 479.0919634025543, 446.0254538362645, 45.34487089520753, 68.21199902945376, 123.49802537728998, 10.0, 11.0, 0.0, 0.0, 0.0, 3.0, 1523.0, 2048.0, 1630.0, 200.0, 318.0, 508.0, 157547.90601869335, 3.361071810288818, 209286.76288118787, 3.348279272216644, 190690.736887262, 2.864784191034407, 45103909.109999985, 77000957.03999998, 50371820.640000015, 43883978.0, 46093197.0, 34116434.0]
[779.6881720430108, 791.741935483871, 758.3333333333334, 85.0, 82.88172043010752, 275.494623655914, 510.63630336581093, 530.1190781575852, 460.66946401130576, 69.64006842640796, 78.16771954980291, 139.21383486782779, 54.0, 5.0, 22.0, 0.0, 0.0, 0.0, 2108.0, 2499.0, 1808.0, 265.0, 303.0, 626.0, 267362.1070657407, 3.3199090544512586, 232487.3043253935, 3.28605936118965, 226322.21269009082, 3.012661854878613, 74888172.80999997, 78261319.08, 67894987.59, 63180533.0, 51403615.0, 57366754.0]
[989.7684210526315, 630.1473684210526, 607.2421052631579, 86.5578947368421, 92.91578947368421, 253.7263157894737, 538.4509984349231, 432.1523807399091, 416.18522665892135, 77.44575531814066, 91.64091151300237, 121.27938925290971, 31.0, 28.0, 5.0, 1.0, 0.0, 2.0, 2258.0, 1878.0, 1924.0, 284.0, 360.0, 504.0, 226459.5454262145, 3.129796497678957, 137488.4643763711, 3.5447438195423686, 163136.8421906072, 3.0683642249286205, 114303350.20000002, 52514267.19999999, 48746719.199999996, 57372885.0, 37782792.0, 53027025.0]
[902.0967741935484, 508.494623655914, 576.8602150537635, 96.47311827956989, 89.24731182795699, 265.4731182795699, 533.9304234211593, 374.9908875314843, 450.45343318168926, 96.81252517307888, 84.46412357944057, 122.60581866093658, 46.0, 0.0, 7.0, 0.0, 0.0, 8.0, 2678.0, 1651.0, 1967.0, 427.0, 412.0, 516.0, 298914.1348047326, 3.310825846156051, 97833.87890555165, 3.4203205770785923, 244049.82001356757, 3.14386865889579, 94775300.25000003, 34394731.26, 46141912.8, 44030467.0, 30712330.0, 44618378.0]
[856.3010752688172, 637.3440860215054, 591.7849462365591, 119.51612903225806, 65.12903225806451, 235.40860215053763, 540.1310586721611, 442.7720115713606, 420.05413340224646, 126.44474759177777, 58.99138216473207, 118.49025244803342, 1.0, 14.0, 3.0, 0.0, 1.0, 9.0, 2900.0, 2076.0, 1639.0, 505.0, 255.0, 542.0, 314457.7523249504, 3.2532808692749042, 204145.16042276908, 3.464548354965605, 165665.41997432348, 3.091312956268131, 88380332.88, 51906671.25000001, 45386287.8, 47870799.0, 34892480.0, 47379098.0]
[681.6989247311828, 692.7204301075269, 569.6021505376344, 115.6774193548387, 68.06451612903226, 241.19354838709677, 478.6168655830782, 468.1338150755661, 354.8220662402172, 104.11669469881865, 62.450294400324786, 113.6838922153381, 26.0, 8.0, 12.0, 2.0, 0.0, 12.0, 2156.0, 1743.0, 1349.0, 377.0, 289.0, 410.0, 212013.62612551686, 3.2181921660401525, 207341.6721271756, 3.2680702111677133, 145932.1867091343, 2.8819553286665553, 59792644.38000001, 60253640.72999999, 38833279.95, 45539328.0, 37694845.0, 33355316.0]
[671.5531914893617, 945.8510638297872, 619.7234042553191, 118.8936170212766, 76.8936170212766, 269.97872340425533, 488.1959023545019, 597.9113998709427, 484.4854360307653, 104.52570482695718, 77.13003516407139, 128.13190269669516, 23.0, 4.0, 0.0, 0.0, 0.0, 9.0, 2496.0, 2806.0, 2127.0, 402.0, 372.0, 548.0, 188185.63811520935, 3.4568497974924552, 391670.6814120388, 3.219252669942802, 276011.8050702655, 3.337108200465342, 60684185.36000001, 110302359.83999997, 54455044.12, 55630049.0, 56489378.0, 40570912.0]
[403.7741935483871, 836.247311827957, 526.9139784946236, 90.7741935483871, 69.93548387096774, 252.46236559139786, 266.9120164851698, 505.4089101241811, 391.50786143236934, 56.76575227314481, 59.32735391757456, 107.93512132796387, 25.0, 10.0, 4.0, 0.0, 0.0, 11.0, 1313.0, 2605.0, 1716.0, 223.0, 233.0, 470.0, 71252.66650004296, 3.491050852213794, 197588.92696055656, 3.415805917032192, 166285.55584486318, 3.112186958193106, 20196243.630000003, 82338573.92999998, 37127440.46999999, 29282769.0, 38776024.0, 19891639.0]
[362.06451612903226, 844.3870967741935, 350.741935483871, 113.53763440860214, -86.75268817204301, 95.51612903225806, 1040.84045060639, 1931.399312687329, 1941.6732693356867, 1163.8939754411722, 1782.4376180066124, 2318.3905146763723, -3135.0, -9408.0, -11229.0, -7649.0, -11250.0, -13048.0, 8581.0, 12171.0, 8556.0, 5851.0, 7650.0, 12155.0, 1310110.0238097673, 3.6405431693415493, 3976939.6485981615, 3.587586379458552, 3817630.3954093275, 3.7713632531957213, 104029362.9, 380831218.62, 333209327.07, 57562398.0, 318480945.0, 4077126.0]
[565.516129032258, 905.2150537634409, 547.6881720430108, 46.70967741935484, 75.17204301075269, 240.752688172043, 410.0895345744164, 562.2025174618897, 376.3947101027874, 35.13996258602141, 68.38376740640854, 116.10449340759521, 22.0, 13.0, 27.0, 0.0, 0.0, 6.0, 2000.0, 3573.0, 1598.0, 169.0, 307.0, 479.0, 143688.92976738734, 3.446299275906273, 456300.00833976315, 3.3271824811527067, 117389.65755373133, 3.0439206345773524, 42049154.849999994, 97914234.39, 38065282.23, 47393890.0, 42860360.0, 29645157.0]
[619.0425531914893, 152.27659574468086, 229.58510638297872, 76.62765957446808, 4.159574468085107, -41.138297872340424, 1285.308564390916, 2003.7750201243423, 1947.5322207202469, 1866.9014578761974, 767.9925977352653, 1660.2333078763413, -10575.0, -10318.0, -13022.0, -12145.0, -5849.0, -11240.0, 1979.0, 1588.0, 1866.0, 13051.0, 3151.0, 881.0, 327485.813278369, 3.1728347136399258, 339106.7761370555, 2.71353132652777, 368749.3489714853, 2.8858870328702784, 178280183.79999998, 353050200.8000001, 336231118.26000005, 145605415.0, 286861789.0, 83807764.0]
[954.1612903225806, 507.76344086021504, 571.9784946236559, 105.52688172043011, 78.10752688172043, 249.2258064516129, 588.5550524714075, 325.5966228676434, 414.9023452021342, 80.58004276033611, 74.65594451499425, 112.79927623035782, 31.0, 21.0, 4.0, 1.0, 1.0, 12.0, 3134.0, 1457.0, 1856.0, 299.0, 361.0, 449.0, 320303.7171279497, 3.1058308310866103, 63259.74013073638, 3.5428229214760076, 143414.0211201339, 2.870604570783732, 108380283.26999997, 31369658.880000003, 43024653.24, 46270568.0, 26169349.0, 51031787.0]
[930.8602150537635, 531.0215053763441, 614.5268817204301, 94.61290322580645, 73.74193548387096, 249.48387096774192, 515.7871694418375, 448.91906355093494, 445.2848280301792, 86.6464621142401, 69.14790437042817, 119.16992005419111, 52.0, 15.0, 1.0, 0.0, 0.0, 0.0, 2462.0, 3182.0, 2121.0, 300.0, 241.0, 478.0, 252736.53328239874, 3.3420687614657942, 263995.89233492187, 3.439246283434115, 189110.78799535503, 3.0534210628677103, 97705723.74000001, 41631545.790000014, 49627083.15000001, 41138444.0, 34953234.0, 52863681.0]
[894.9462365591398, 523.4086021505376, 625.8387096774194, 171.09677419354838, -296.9247311827957, 17.193548387096776, 1042.5331333030117, 2413.7486686847437, 1945.7715150859967, 1998.9710454463716, 2545.7874806132068, 2429.3797887082233, -3135.0, -13041.0, -11223.0, -10350.0, -13050.0, -11240.0, 5852.0, 12156.0, 9477.0, 12166.0, 6750.0, 13062.0, 382243.26009694726, 3.456484368078623, 1457606.6339011856, 3.674664825606633, 993293.948639244, 3.5280857709058346, 162265382.58000004, 522182689.59, 357808344.15, -27545262.0, -193473566.0, 185788069.0]
[724.7741935483871, 484.4731182795699, 539.516129032258, 123.6989247311828, 82.54838709677419, 237.93548387096774, 465.68397870491566, 362.8586259436206, 390.4027355599328, 130.6298109117181, 63.202317673696015, 121.16982391341905, 17.0, 17.0, 8.0, 0.0, 1.0, 6.0, 2178.0, 1577.0, 1479.0, 533.0, 290.0, 487.0, 228016.1378933438, 3.3494032815315373, 146073.58093221954, 3.5007320919856086, 184125.55709609523, 3.195868118585301, 63987667.91999998, 31565807.04, 38215873.410000004, 34427833.0, 28374242.0, 38182484.0]
[659.5913978494624, 659.4623655913979, 371.2043010752688, -9.838709677419354, 87.6989247311828, 252.09677419354838, 358.71889310855204, 470.1411573212737, 1244.9719881530057, 960.8986881664769, 133.55147069545202, 152.4161255102885, 14.0, 3.0, -10995.0, -9133.0, 2.0, 2.0, 1623.0, 3075.0, 1428.0, 388.0, 1231.0, 1148.0, 121623.94939817028, 3.377802297954951, 144472.12940571705, 3.2679906719270306, 244374.7305332827, 3.3834839758616524, 48638205.78000001, 56525247.480000004, 144531856.14000002, 42716933.0, -4773401.0, 17294922.0]
[725.1182795698925, 566.1935483870968, 570.3548387096774, 119.82795698924731, 64.91397849462365, 248.31182795698925, 408.52967667899316, 399.4438051042789, 423.4173510328553, 121.6481583391318, 55.300494516614776, 125.30623171416839, 8.0, 28.0, 30.0, 0.0, 0.0, 5.0, 1686.0, 1676.0, 2142.0, 459.0, 219.0, 492.0, 117345.0718524735, 3.4440000036399185, 116188.84978330877, 3.5709366562750167, 182325.06681785407, 3.1003561668893767, 59755805.22000002, 41378099.4, 43474988.06999999, 38832793.0, 33336620.0, 38526552.0]
[545.3225806451613, 719.1612903225806, 584.494623655914, 123.93548387096774, 79.84946236559139, 268.9569892473118, 372.4625794244688, 421.1796655338272, 395.4959358790779, 116.0227494981998, 63.75018264876804, 138.76801990141166, 1.0, 0.0, 19.0, 0.0, 0.0, 0.0, 1686.0, 1790.0, 1809.0, 461.0, 272.0, 559.0, 157796.92701899487, 3.449161779053745, 196558.85306767115, 3.165230059208982, 135403.06151713268, 3.0610130911311675, 37589711.849999994, 59909705.33999999, 42930963.17999999, 38347900.0, 36542251.0, 28770843.0]
