[329.55555555555554, 231.7962962962963, 768.5555555555555, 58.94444444444444, 17.537037037037038, 29.37037037037037, 280.7343918050269, 257.7471614418028, 616.4334932272313, 57.49829092346569, 16.604969661830175, 26.404185128745553, 0.0, 4.0, 114.0, 2.0, 0.0, 0.0, 1150.0, 1445.0, 2597.0, 240.0, 64.0, 95.0, 51758.16815691586, 2.1959424723676717, 71790.26676618279, 2.87345212430355, 328952.6660629189, 2.5295145482045207, 10845139.68, 6936164.999999999, 56198962.080000006, 5272006.0, 12914551.0, 17522208.0]
[268.16, 293.32, 539.38, 63.56, 18.7, 25.26, 318.8843664773698, 309.99634230890206, 485.53365927164543, 57.008470548557206, 18.036527562993168, 25.84001800719661, 2.0, 1.0, 2.0, 2.0, 0.0, 2.0, 1439.0, 1288.0, 2176.0, 239.0, 72.0, 115.0, 176010.2094005386, 2.841866563254385, 143660.09117599108, 2.6938044183438428, 367808.78165249346, 2.8344578992939122, 8578163.999999998, 9010620.000000002, 26097943.0, 6631383.0, 8854579.0, 9442969.0]
[269.52, 293.52, 493.38, 69.74, 23.84, 29.06, 296.99544695197613, 320.4653020155511, 498.7309564672875, 69.23099754017822, 23.244362933048205, 30.056687937893592, 7.0, 1.0, 4.0, 3.0, 0.0, 0.0, 1076.0, 1527.0, 1823.0, 426.0, 104.0, 113.0, 154263.25315648696, 2.6630354589543748, 177237.81415856298, 2.8605307869622107, 319997.2607817249, 2.5003339085868928, 7954160.0, 9339902.0, 24359087.0, 6224863.0, 10790309.0, 10043231.0]
[207.68, 280.7, 573.82, 92.78, 24.44, 24.92, 206.83113885486392, 229.05531370106624, 592.8836376179579, 105.35020122410391, 23.493950589156228, 28.582026605857735, 1.0, 1.0, 35.0, 2.0, 0.0, 0.0, 867.0, 963.0, 2517.0, 607.0, 107.0, 129.0, 33499.72466774869, 2.830344498839483, 53730.31068802584, 2.916299685748274, 251818.82765819805, 2.438851623962335, 4252726.0, 6510475.000000001, 33687508.99999999, 3096738.0, 9234200.0, 9368155.0]
[220.48, 189.84, 444.24, 92.5, -987.62, 17.86, 334.68238004144183, 303.26935289963484, 444.86840796820275, 94.49635561485849, 3426.254716635251, 17.647350497789656, 1.0, 0.0, 37.0, 1.0, -12562.0, 1.0, 1587.0, 1831.0, 2525.0, 484.0, 97.0, 84.0, 28010.325425018873, 2.3989078033657965, 18335.510628354394, 2.1671895144325575, 48329.698609192994, 2.4905990691818487, 7919174.0, 6308604.000000001, 19564946.000000004, 3918173.0, 7648111.0, 9712881.0]
[271.6, 470.06, 739.76, 58.3, -646.46, -218.82, 459.06324316426145, 1453.936618358614, 1260.6688467732076, 350.4308863705495, 3050.4840111774033, 1721.9196061965504, 1.0, 1.0, 12.0, -2247.0, -12671.0, -12150.0, 3155.0, 10361.0, 8556.0, 419.0, 4050.0, 84.0, 470978.8823513896, 3.174776094534994, 5166297.168959219, 3.203878514335709, 3447947.7681609886, 3.1588504888087616, 14014542.0, 114630472.99999999, 105237254.0, 36638650.0, 99334726.0, 34659316.0]
[242.0, 264.48, 516.62, 143.34, -959.2, 28.88, 214.30352306950067, 232.2080558992082, 513.2465250834185, 152.69478827827405, 3343.9054339230956, 25.029484653919994, 4.0, 4.0, 2.0, 0.0, -12258.0, 0.0, 793.0, 944.0, 2532.0, 689.0, 53.0, 118.0, 21286.18726894971, 2.3282088826548373, 28094.949437517775, 2.6455502310594987, 125174.92251269154, 1.8818549903055193, 5178573.999999999, 6139592.0, 26252489.0, 4243835.0, 7333707.0, 8200666.0]
[234.18, 293.0, 501.12, 174.44, -473.58, 27.18, 271.45651660655204, 321.52182774157916, 427.29216883886414, 236.90462732707348, 2416.1726192725655, 26.88652647930649, 1.0, 8.0, 10.0, 0.0, -12247.0, 1.0, 1376.0, 1366.0, 1660.0, 1125.0, 76.0, 96.0, 62031.34968786923, 2.8268067534483445, 144274.36628146513, 2.536969276525224, 241125.05737342767, 2.800800776670972, 6352756.999999999, 9357887.999999998, 21502414.0, 5329582.0, 9848082.0, 7296883.0]
[207.58, 245.68, 501.14, 106.88, -961.26, 23.06, 212.542153322054, 265.6566327623164, 439.18114945978306, 99.44737917355991, 3340.1330097553214, 23.74903650032728, 0.0, 6.0, 0.0, 2.0, -12359.0, 0.0, 752.0, 988.0, 1745.0, 426.0, 52.0, 86.0, 39384.077374962624, 2.394767904242446, 45721.730981236615, 2.4424326632439413, 109006.79763546388, 2.573188946823837, 4368007.0, 6476032.000000001, 22008189.0, 3814980.0, 7846642.0, 7402868.0]
[242.48, 287.08, 513.58, 143.94, -997.1, 25.48, 205.51073659821972, 274.49477449395977, 505.48816938456144, 162.547124721116, 3507.655494975037, 23.172150772610028, 4.0, 10.0, 9.0, 8.0, -13180.0, 0.0, 798.0, 1101.0, 1920.0, 793.0, 78.0, 81.0, 22695.238174640843, 2.3348729645834587, 47462.82233907433, 2.4922215527711673, 151603.87407047808, 2.0778271890678877, 5009326.0, 7812768.0, 25708616.999999993, 4416616.0, 8593404.0, 6763951.0]
[206.92, 270.64, 487.14, 131.1, -1193.08, 20.74, 253.43781912584654, 238.38348114253355, 529.3690510833609, 179.886046696008, 3680.336890302632, 23.11798487087047, 1.0, 2.0, 5.0, 2.0, -12347.0, 0.0, 1135.0, 966.0, 2396.0, 788.0, 56.0, 96.0, 102806.09312174948, 2.946362129026958, 87686.81388310411, 2.67588107311271, 397953.73783320683, 2.9201930868910786, 5288099.999999999, 6446808.0, 25596617.0, 4307914.0, 7430761.0, 6969862.0]
[227.38, 254.9, 515.66, 155.46, -969.46, 22.46, 208.69594032995485, 271.0343942328037, 423.0978856202505, 223.04453751277055, 3396.5742477997337, 24.375640232303518, 2.0, 5.0, 9.0, 2.0, -12799.0, 1.0, 828.0, 1244.0, 2010.0, 1301.0, 88.0, 94.0, 33305.30895969679, 2.34930442293243, 58562.93779158241, 2.777019735003445, 125881.45845300225, 2.6996613609079616, 4719229.000000001, 6848222.999999999, 22066841.0, 3859768.0, 8185360.0, 8270902.0]
[262.4, 325.16, 560.62, 185.82, -721.14, 29.3, 302.32081891762004, 297.620245635684, 548.6167351082323, 225.151530833647, 2941.35742653154, 27.777725623533804, 2.0, 0.0, 6.0, 12.0, -12348.0, 0.0, 1209.0, 1103.0, 2450.0, 1001.0, 55.0, 97.0, 111194.16307193851, 2.916835267552291, 112891.87090080122, 2.5705026188072253, 410196.3622465434, 2.943303129451743, 7921184.0, 9626764.0, 30462775.000000004, 7013183.0, 12041172.0, 10007253.0]
[245.68, 278.0, 540.68, 123.76, -215.36, 21.46, 228.29853709740743, 322.3183240847723, 469.0708331698021, 187.90125066108527, 1655.3894758438853, 22.214363803261918, 5.0, 5.0, 40.0, 0.0, -11686.0, 1.0, 844.0, 1647.0, 1887.0, 1280.0, 84.0, 94.0, 33809.552922986826, 2.111936257895051, 48168.63991457053, 2.10905894014928, 138992.80056904166, 2.556555678317438, 5571824.0, 8954766.000000002, 25398087.999999996, 4690476.0, 10932162.0, 8581205.0]
[293.28, 254.18, 506.38, 184.24, -1195.76, 26.68, 308.50058975235527, 236.6924888662804, 553.6009352504781, 215.27178455266682, 3663.787482474208, 29.97988441251492, 0.0, 18.0, 26.0, 1.0, -12217.0, 1.0, 1246.0, 1170.0, 2493.0, 1062.0, 45.0, 120.0, 153564.15156348477, 2.4709772848538587, 66465.00973838812, 2.7808468998217277, 331555.8138517204, 2.8603804047341286, 8964115.999999998, 5975517.0, 27838261.000000004, 5861180.0, 8697010.0, 12583858.0]
[324.64, 329.92, 637.42, 217.52, -1175.98, 30.3, 342.7586025059572, 302.1333561491667, 674.1165069169863, 370.2078423407752, 3625.3861074599026, 32.650436756774994, 2.0, 19.0, 4.0, 1.0, -12092.0, 0.0, 1706.0, 1180.0, 3150.0, 2317.0, 72.0, 149.0, 58727.59058430717, 1.8993729325081605, 61149.75362502748, 2.0348510903677184, 226817.07651945908, 2.7067681741703566, 11026246.000000002, 9915304.0, 42582433.0, 8224838.0, 12828765.0, 15210577.0]
[215.66, 245.16, 538.48, 168.66, 20.14, 25.0, 200.9698535622105, 237.50474624688223, 541.0017631718977, 241.7363726822073, 18.608764667461934, 29.017236257093817, 6.0, 1.0, 6.0, 3.0, 1.0, 0.0, 867.0, 1029.0, 2536.0, 1086.0, 94.0, 101.0, 60014.09173530371, 2.7047215635953727, 73681.71385144546, 2.6215496190930687, 333060.49502959335, 2.8880610042589265, 4304517.0, 5769188.0, 28839497.999999996, 3896811.0, 9271153.0, 7688370.0]
[280.7, 281.98, 539.56, 421.12, -955.66, 27.52, 293.8542086109494, 251.89716803748732, 499.14073758647197, 1216.78785298986, 3319.9359387106942, 28.61157179912223, 0.0, 0.0, 5.0, 2.0, -12254.0, 0.0, 1276.0, 897.0, 2550.0, 8450.0, 49.0, 113.0, 48659.43950427791, 1.9367585328218269, 47023.0168367305, 2.3242572634061904, 144589.06251671896, 2.099652448117974, 8170788.999999999, 7084792.999999999, 26764182.0, 5535819.0, 10572302.0, 11181384.0]
[231.58, 328.6, 498.26, 113.32, -1147.42, 23.08, 214.61061939984162, 316.54003196552355, 498.41499019289097, 107.34940852284228, 3530.054778380549, 22.661520023950697, 16.0, 1.0, 7.0, 5.0, -11805.0, 0.0, 881.0, 1353.0, 2033.0, 440.0, 67.0, 70.0, 62368.18446484313, 2.923928816906278, 135529.55835167528, 2.6865444370867313, 356841.1432403913, 2.97385400668956, 4938292.999999998, 10308579.999999996, 24585609.0, 5659458.0, 12562584.0, 8485014.0]
[200.96, 315.34, 591.94, 60.9, 75.88, -206.46, 277.0929233366765, 817.2639672987534, 1218.7888168177453, 360.9567360586618, 443.7914402610528, 1593.666933297455, 17.0, 4.0, 15.0, -2245.0, 0.0, -11249.0, 1363.0, 5862.0, 8582.0, 865.0, 3150.0, 86.0, 70837.1383488477, 2.6626962415449507, 743656.2155680078, 3.1928040243118336, 1641186.6907303433, 3.1342032833282394, 5781490.0, 37700065.0, 90306511.0, 10187118.0, 55596012.0, 18001350.0]
[313.7, 330.0, 638.52, 329.32, -222.76, 32.82, 285.9165890926362, 298.53848075214006, 443.92158895784416, 1044.5662597558894, 1698.4624686907332, 30.98300389910967, 2.0, 6.0, 46.0, 10.0, -11992.0, 3.0, 1257.0, 1179.0, 1751.0, 7439.0, 60.0, 147.0, 63694.23311327543, 2.0930028517215136, 71988.26599902716, 2.1505437662954177, 158531.47075248807, 2.5194015547342157, 8926051.0, 9812135.999999998, 30041642.000000004, 7428994.0, 12503261.0, 11801553.0]
[203.72, 393.46, 593.88, 154.28, -456.34, 24.92, 173.37926340710945, 343.9942577831134, 625.0159390620631, 184.92514094925556, 2376.048061854999, 22.338618523781197, 2.0, 3.0, 11.0, 1.0, -12046.0, 0.0, 845.0, 1334.0, 2480.0, 1051.0, 83.0, 116.0, 26382.573692642458, 2.8425649335917895, 93483.99157040514, 2.641937388815428, 314962.0381763266, 2.686927875730718, 3548050.0, 13538808.999999998, 36776274.00000001, 5199038.0, 14669111.0, 7502699.0]
[219.46, 291.9, 474.0, 143.76, -221.22, 20.1, 224.84245822443802, 268.36566966186496, 459.1772144670446, 217.564868112328, 1691.2081334395968, 20.117258303075324, 4.0, 3.0, 14.0, 2.0, -11940.0, 0.0, 908.0, 962.0, 2170.0, 1113.0, 82.0, 73.0, 74654.46917594915, 2.5651662727518465, 104560.29352234326, 2.6923660375072966, 323074.1954248001, 2.85716353885329, 4885287.0, 7789267.0, 21565142.000000004, 4785352.0, 8851730.0, 7364453.0]
[194.88, 466.86, 228.52, 293.78, -291.38, 170.38, 458.4786127698292, 1350.761720251932, 1457.8247317738264, 1205.0331401997175, 2758.7767911277833, 1079.868187156494, -2237.0, 3.0, -9401.0, 2.0, -12241.0, 0.0, 996.0, 9471.0, 1994.0, 8578.0, 9051.0, 7652.0, 288365.21387886157, 2.726697186771787, 2319272.6090909787, 3.1744675081864977, 2757600.0608472573, 3.1416019689042485, 12198840.0, 100301216.99999999, 106748464.0, -14484471.0, -78103196.0, 29039767.0]
[278.76, 322.86, 607.2, 163.48, -1412.62, 28.18, 276.3480916436769, 257.935604208429, 551.6126265740464, 193.15799179924804, 3913.7234001207935, 24.06003545555262, 1.0, 2.0, 2.0, 6.0, -12090.0, 0.0, 1069.0, 990.0, 2111.0, 1092.0, 56.0, 92.0, 43757.23739607815, 1.9797942798457757, 52931.768110455574, 2.3778655475097534, 155474.808875841, 2.664958834975701, 7627402.0, 8471937.0, 33344139.999999993, 6451204.0, 12165845.0, 10892440.0]
[236.94, 328.24, 503.6, 224.72, -1176.7, 26.66, 257.88736744112595, 346.8398183482351, 544.9896085884462, 305.9463765206616, 3634.3660831747, 27.435720794435206, 18.0, 0.0, 6.0, 8.0, -12402.0, 0.0, 1221.0, 1631.0, 2260.0, 1628.0, 79.0, 113.0, 92275.01599788177, 2.7625266161570097, 130447.4699159218, 2.7057794863480558, 550678.7231895189, 2.848770673964847, 6065817.0, 11281670.0, 27234318.0, 7080525.0, 10539069.0, 8120332.0]
[237.34, 301.1, 504.66, 169.2, -1171.3, 21.66, 258.5860777223645, 303.02012124205714, 490.4701455475852, 214.6040492609207, 3598.5645224796203, 22.37492218661649, 6.0, 1.0, 23.0, 0.0, -12083.0, 0.0, 1090.0, 1167.0, 2719.0, 1044.0, 63.0, 83.0, 104484.98089073318, 2.457679277896313, 111044.1432671401, 2.444342679960884, 267037.4268833156, 2.8333750690912045, 6092985.0, 9032299.0, 24521572.999999993, 6683185.0, 10199634.0, 7477646.0]
[100.88, 192.34, 430.34, 319.52, -1479.2, -406.08, 914.0286611859542, 2172.1246967813213, 2783.013471775089, 1352.6671195554843, 3999.9055039858536, 2408.4611298249242, -4047.0, -8546.0, -12148.0, -5849.0, -12005.0, -11250.0, 730.0, 10361.0, 12159.0, 6752.0, 3150.0, 5850.0, 1703414.7162649557, 2.899296405598755, 10624861.426760878, 3.0401055829145296, 15827254.867631746, 2.6660957627963744, 41445810.0, 233037893.0, 388772661.0, 21890806.0, 162604216.0, 31256194.0]
[298.68, 430.46, 673.98, 685.96, -701.64, 27.12, 249.16378024856482, 342.08264963846597, 649.1708208891383, 1202.1853393732938, 2897.737053464377, 25.926615431928287, 1.0, 3.0, 13.0, 7.0, -12172.0, 0.0, 936.0, 1252.0, 2267.0, 6683.0, 94.0, 106.0, 43317.91434862219, 2.3084714448906163, 116028.2594736026, 2.486536896147979, 461790.8904988775, 2.7891132317984306, 7502534.0, 14998797.000000002, 43362166.99999999, 8037845.0, 18582088.0, 12537311.0]
[209.14, 320.24, 545.22, 650.18, -723.72, 30.22, 164.11295388436912, 334.880396559727, 482.53261664104014, 1079.8558046218534, 2985.6488238893467, 24.87625701879819, 2.0, 4.0, 29.0, 23.0, -12767.0, 1.0, 778.0, 1267.0, 2124.0, 5613.0, 77.0, 99.0, 30230.300871812502, 2.6880215782813868, 65286.744804241695, 2.876452282335699, 250424.20240200107, 2.751174796687715, 3506697.0000000005, 10622781.999999998, 26272291.0, 4511875.0, 10604781.0, 6287403.0]
[267.78, 183.6, 386.14, 309.86, -734.28, -205.76, 361.1398219809166, 1315.2396227707416, 387.2507498576421, 1094.4918308306837, 2988.8055428651132, 1593.9505095638244, -449.0, -8546.0, -445.0, -4945.0, -13050.0, -11250.0, 1239.0, 1613.0, 1436.0, 4881.0, 41.0, 100.0, 110500.30484122735, 2.1651048049961736, 274218.1862156074, 2.4469211192616536, 119395.22251815861, 2.8940835293516423, 9975983.0, 86448355.99999999, 14803399.0, 13444160.0, 14082668.0, 9084954.0]
[228.72, 237.94, 413.08, 800.3, -1171.82, 17.12, 239.70432807515007, 206.09126272462055, 386.60061340576567, 1998.4642598653556, 3591.810302988322, 17.869869750447517, 6.0, 3.0, 6.0, 0.0, -11902.0, 0.0, 938.0, 890.0, 1560.0, 10708.0, 46.0, 102.0, 90703.14682224196, 2.243874620045974, 56472.94870795361, 2.4112459661337153, 164275.11441069306, 3.0423136884513613, 5431092.0, 4911979.000000002, 15855296.000000002, 4023246.0, 5733138.0, 6401216.0]
[269.88, 380.16, 535.86, 558.38, -727.58, 23.56, 237.4455589590754, 330.85617813824314, 515.2903287052288, 2291.61366272408, 2994.2769362603067, 24.443320526625403, 2.0, 4.0, 46.0, -12866.0, -12737.0, 0.0, 802.0, 1304.0, 2593.0, 5967.0, 72.0, 126.0, 57439.890026338624, 2.5837411564607007, 104276.28514487694, 2.6939436926194578, 336851.4197303169, 2.869829902577101, 6404400.0, 12589906.0, 27367979.0, 6876716.0, 12813847.0, 10928656.0]
[63.62, 374.16, 340.94, 636.74, -113.94, -56.54, 800.4714399167835, 1185.350742202837, 429.3145181684449, 2589.5276206998346, 1257.8214793354225, 1410.4171507691167, -4048.0, -2244.0, -448.0, -12142.0, -8549.0, -8550.0, 1152.0, 7664.0, 2570.0, 10357.0, 2250.0, 4950.0, 195599.96022255183, 2.3801795843777964, 343294.59587938787, 2.5903015949834947, 360785.0270932154, 3.1258926816239407, 31599346.999999996, 75847548.0, 14843240.999999996, -9663159.0, 6521665.0, 7157001.0]
[236.78, 280.18, 505.86, 644.6, 13.98, 20.08, 215.46620455682245, 289.0816345404381, 450.04489617306916, 1626.4296819119115, 10.925517780659652, 22.730757729094194, 1.0, 2.0, 41.0, 13.0, 0.0, 0.0, 807.0, 1106.0, 2388.0, 9764.0, 38.0, 87.0, 30128.535009030093, 2.2869116826555356, 42804.29512266049, 2.4183654613690173, 97940.5958408937, 2.5805393714102705, 5078096.999999999, 8019883.0, 22719197.000000004, 5545978.0, 8515218.0, 7803729.0]
[224.66, 274.12, 483.64, 502.48, -221.24, 15.12, 219.08470172655197, 227.45348391910548, 424.22812307550197, 570.2457128828103, 1653.63111351711, 13.51437632104933, 4.0, 3.0, 20.0, 17.0, -11680.0, 0.0, 821.0, 983.0, 1646.0, 2663.0, 58.0, 62.0, 57526.83135991615, 2.578065829175397, 54244.322309868876, 2.6367916957867026, 187238.26120315434, 2.936113492421601, 4875513.0, 6292108.0, 20513888.0, 4146599.0, 7960020.0, 7143468.0]
[298.68, 327.9, 528.38, 648.52, -711.64, 28.86, 330.9716332872295, 364.21233154436106, 533.604450689758, 1286.7027666854215, 2903.043904003422, 29.900522144099693, 7.0, 1.0, 11.0, 20.0, -12248.0, 0.0, 1505.0, 1474.0, 2394.0, 6282.0, 81.0, 107.0, 95393.39666744991, 2.7613810543369546, 144338.82251370768, 2.3708105634421126, 301434.73994107795, 2.8934740325388377, 9828056.0, 11875801.000000002, 27911223.000000004, 8593330.0, 13004587.0, 11955402.0]
[224.08, 340.22, 483.24, 949.2, -960.06, 19.8, 193.64124623875452, 261.05783939618453, 479.0872512243613, 1189.3798761522403, 3349.9453508183365, 18.72246277189243, 5.0, 2.0, 0.0, 29.0, -12329.0, 0.0, 742.0, 999.0, 1958.0, 6791.0, 70.0, 77.0, 23191.956202586167, 2.4301582611530463, 40918.498700345604, 2.745539272607447, 186867.8626528189, 2.343740664811351, 4347941.999999999, 9126891.0, 22922750.0, 4568916.0, 8875057.0, 6945271.0]
[188.38, 231.02, 435.5, 636.94, 16.2, 14.84, 231.97095965324837, 255.49627498382878, 417.0400191240889, 684.8890692242483, 16.034401791658038, 15.686156642214232, 0.0, 3.0, 14.0, 16.0, 0.0, 0.0, 1038.0, 1298.0, 2071.0, 3462.0, 62.0, 65.0, 97905.35282207267, 2.791045153076691, 133260.18774639998, 2.7270471017685494, 310519.8821943271, 2.749078950025794, 4411067.0, 5867151.0, 18005209.0, 3771382.0, 6895807.0, 6435120.0]
[225.56, 332.58, 529.1, 572.96, -970.48, 23.6, 225.42586998200287, 294.2051269687425, 539.8176657399218, 719.1550586398923, 3375.8251734402143, 21.77622744261855, 1.0, 25.0, 3.0, 23.0, -12708.0, 2.0, 858.0, 1363.0, 1788.0, 4299.0, 69.0, 93.0, 34294.53333294393, 2.4111403616272815, 45969.676965018785, 2.5253596870308237, 212771.12341364316, 2.603035632509966, 5033890.0, 9771749.0, 28276092.999999996, 5188865.0, 9478557.0, 8620912.0]
[273.54, 307.14, 471.76, 746.84, -466.06, 26.66, 284.199068633669, 320.77775445797676, 509.1293713141031, 967.8207027404721, 2377.1042099365272, 26.525774912222218, 2.0, 2.0, 37.0, 29.0, -12390.0, 0.0, 1063.0, 1166.0, 2293.0, 6493.0, 54.0, 96.0, 91716.72665272054, 2.4159487217869344, 107942.89353016006, 2.430717559331987, 416820.3446113785, 2.9280750469032744, 7698893.000000001, 9758769.0, 23829297.999999996, 7588273.0, 9828223.0, 10108496.0]
[163.13725490196077, 268.1764705882353, 436.2156862745098, 492.7843137254902, -214.33333333333334, 15.176470588235293, 187.9197722016332, 297.68854233123267, 510.118939610185, 759.4533906363309, 1633.7124063514564, 17.308617370954785, 1.0, 18.0, 6.0, 10.0, -11652.0, 0.0, 1069.0, 1271.0, 2086.0, 4858.0, 82.0, 69.0, 61117.99255942948, 3.081307122363651, 73992.19546977195, 2.7710767947551105, 253658.1941781037, 2.8833210884553946, 3185453.88, 8260748.460000002, 23169868.14, 3469267.0, 9477003.0, 6396278.0]
[266.2, 386.66, 619.18, 741.02, -932.72, 28.5, 298.1234506655501, 366.0627586429766, 564.9057963727317, 2031.0938993959055, 3258.8857306929754, 25.30648864119514, 2.0, 19.0, 8.0, -11170.0, -12441.0, 0.0, 1399.0, 1392.0, 1992.0, 4187.0, 92.0, 83.0, 41481.95285579132, 2.7108106494137423, 108852.13201553971, 2.7910763766810174, 302706.3335127478, 3.0123515834667054, 7898124.0, 14041393.000000002, 34806002.99999999, 7549307.0, 15229510.0, 10767453.0]
[275.72, 266.52, 457.28, 561.52, -701.72, 20.9, 295.00010653751104, 246.55373550160604, 474.03982610609194, 1032.2329716469544, 2881.465465023388, 21.03471377683731, 5.0, 6.0, 3.0, 15.0, -12109.0, 1.0, 1414.0, 956.0, 2330.0, 5416.0, 77.0, 87.0, 74363.94273306648, 2.3147061660799397, 60843.57070980872, 2.5394624279670026, 167206.33563719477, 2.6181926258460946, 8065304.0, 6530293.999999999, 21466224.0, 5313363.0, 6854098.0, 10147152.0]
[300.56, 316.02, 518.66, 1317.48, -1178.24, 32.08, 268.3401861633924, 268.83349599971456, 382.10387571540633, 1669.1827309757775, 3637.2300211752863, 25.337590046958983, 8.0, 19.0, 25.0, 18.0, -12295.0, 0.0, 1034.0, 1180.0, 1878.0, 8943.0, 82.0, 90.0, 48136.343998109034, 2.6275177876914837, 47746.43697233693, 2.956284765745956, 100977.75239399879, 2.9168561798153636, 8045131.999999998, 8534732.999999998, 20604574.999999996, 6422037.0, 10649215.0, 9459557.0]
[408.18, 384.32, 696.58, 1134.52, -922.28, 28.24, 319.1820982397582, 259.35425619041155, 631.5159309316022, 1206.2360455362873, 3227.1072535821377, 27.17709119303031, 25.0, 1.0, 26.0, 5.0, -11919.0, 1.0, 1214.0, 1110.0, 2649.0, 5301.0, 100.0, 106.0, 114671.58612762927, 2.776791916988347, 74186.88181385769, 2.810217118995001, 348323.0555774724, 2.7939364387615586, 13322529.0, 10681060.0, 43802990.99999999, 9122785.0, 14490198.0, 19091827.0]
[349.66, 229.34, 465.96, 867.76, -1025.98, -141.96, 1355.1405320602926, 1349.375435419767, 1036.8439152012206, 1866.5120320304088, 3523.919828653244, 884.081235532351, -4032.0, -7625.0, -4936.0, -4033.0, -12798.0, -5849.0, 8555.0, 4963.0, 4082.0, 10393.0, 3647.0, 75.0, 71342.35708117293, 2.3398850945129404, 86668.09688486054, 2.5680902645332173, 225028.16697024947, 2.7145528249397644, 96096993.00000001, 91849730.99999999, 63533156.00000001, 79795278.0, 65525286.0, 64114393.0]
[253.12, 368.3, 492.8, 1205.84, -2246.4, 24.66, 245.69324162376105, 324.465856195586, 457.54611677905416, 1856.8235918978871, 4899.494976057039, 23.948592903150207, 7.0, 5.0, 5.0, 16.0, -13004.0, 0.0, 1032.0, 1155.0, 1792.0, 8655.0, 96.0, 98.0, 67371.97650768359, 2.657024791448178, 87278.28028940568, 2.447820572050088, 318681.65739029244, 2.750200103051425, 6161380.0, 11940871.0, 22400665.999999996, 7332046.0, 11802948.0, 7811860.0]
[204.8, 301.04, 789.24, 1185.3, -566.52, 195.64, 675.5538317497998, 429.09253842337114, 1739.8715476864893, 1703.2074933213871, 2592.2343466120305, 1206.066312185095, -4035.0, -1329.0, 39.0, 0.0, -12887.0, 1.0, 997.0, 1527.0, 12179.0, 8435.0, 119.0, 8551.0, 1023122.5542871746, 3.178892591609982, 220393.80658624327, 2.777955116637356, 7239970.03588951, 3.186066655313833, 24459428.0, 13553154.0, 179475486.0, 12909881.0, -4370908.0, -38689883.0]
[233.62745098039215, 274.8235294117647, 559.0, 364.19607843137254, -1203.764705882353, 21.019607843137255, 303.74640480402826, 319.4727347291066, 498.98837661813326, 1681.6254519911129, 3739.5132281527517, 23.64021167086152, 2.0, 3.0, 47.0, -10060.0, -12869.0, 0.0, 1333.0, 1183.0, 2358.0, 4056.0, 49.0, 97.0, 163338.9254837881, 2.6462097695185616, 181836.1806045621, 2.40312273943418, 414234.03111146425, 2.938738260731661, 7544700.3, 9134169.36, 28953721.02, 6864092.0, 11416392.0, 9826901.0]
[334.9, 318.28, 523.96, 1554.12, -679.22, 26.06, 301.54095738322485, 252.06453984029162, 538.1101457690534, 2273.4722130858495, 2793.7183640358276, 33.31936373942336, 1.0, 19.0, 18.0, 79.0, -11799.0, 0.0, 1360.0, 1078.0, 3050.0, 10408.0, 83.0, 202.0, 67986.2105250947, 1.8899536262631322, 43607.96831099021, 2.0984315136664073, 185608.14334771133, 2.698690022846952, 10063321.0, 8178397.999999999, 27915267.999999996, 6672338.0, 8478498.0, 13129048.0]
[195.9, 241.52, 469.46, 1165.9, -685.16, 15.58, 238.2572996076438, 233.17001242414847, 464.2593051829759, 1490.2717359390451, 2806.6319444908936, 17.963784429245642, 2.0, 3.0, 7.0, 3.0, -11692.0, 0.0, 1139.0, 1061.0, 2691.0, 8118.0, 55.0, 87.0, 117221.52690996158, 2.566942509669565, 101240.56064561833, 2.7235601583845304, 423754.9370925845, 2.742842589172153, 4700401.000000001, 5580640.000000001, 21580933.0, 4078417.0, 8843594.0, 8555286.0]
[262.1, 336.6, 600.02, 1507.24, -710.02, 22.48, 276.7304921871142, 313.36631755757, 490.60726593453046, 2778.943805822343, 2932.0920266344065, 23.208232177749483, 0.0, 0.0, 62.0, 22.0, -12572.0, 0.0, 1017.0, 1078.0, 2200.0, 13199.0, 81.0, 93.0, 63572.94501315755, 2.7241298802342775, 69884.20039278286, 2.498379512180355, 189927.23867671908, 2.747143990102077, 7187228.999999999, 10476702.0, 29795279.0, 6420007.0, 11718624.0, 10516456.0]
[172.34, 218.82, 349.94, 738.44, -956.38, 14.0, 256.8337515171387, 217.5748231608368, 394.6043955401306, 892.0570394501984, 3329.713151155756, 14.991153854108463, 0.0, 1.0, 15.0, 10.0, -12203.0, 0.0, 1493.0, 897.0, 2102.0, 4699.0, 51.0, 89.0, 90206.34543291728, 3.0437345180729296, 88930.42299935999, 2.67799499017798, 309591.1214583982, 2.960065984657258, 4717269.0, 4713711.0, 13752818.999999998, 2729497.0, 4832754.0, 4196720.0]
[251.84, 353.6, 509.24, 280.02, -695.08, -208.64, 259.56575667991405, 328.4387931050876, 546.7559452566285, 2643.223955162115, 2883.1976214060724, 1593.4324747000019, 4.0, 20.0, 7.0, -11888.0, -12430.0, -11250.0, 1447.0, 1327.0, 2617.0, 5955.0, 104.0, 65.0, 61862.0605165521, 2.536165186387995, 95654.76646899925, 2.1496487459014073, 249639.46902398742, 2.912860175445582, 6472513.999999999, 11537377.999999998, 27614430.0, 5666803.0, 9343647.0, 11453001.0]
[259.2, 294.8, 464.42, 237.82, -1202.1, 21.64, 261.58098601560846, 271.6380394749526, 492.06740412679403, 2901.739609761211, 3689.9489308450998, 24.36856456124386, 5.0, 22.0, 1.0, -12827.0, -12398.0, 0.0, 890.0, 1081.0, 2479.0, 7902.0, 48.0, 90.0, 45317.10673037707, 2.4453368438257894, 47064.56094373336, 2.400922972021959, 192394.69120025242, 2.8715886919762768, 6712037.999999999, 7960926.0, 22648683.0, 5885078.0, 7612362.0, 9856587.0]
[155.92, 266.04, 347.42, 495.66, -228.72, 16.42, 167.47596111388765, 273.3684035905259, 265.6778077879679, 552.3361742523797, 1760.286074153046, 18.13564536080978, 0.0, 5.0, 0.0, 1.0, -12426.0, 1.0, 888.0, 1060.0, 1156.0, 2844.0, 88.0, 82.0, 52387.051899092825, 2.970275844940006, 133445.22854056297, 2.695166597071682, 101442.35629257135, 2.647534306266406, 2589914.0, 7200647.999999999, 9493682.999999998, 3616738.0, 6007038.0, 3264043.0]
[201.46, 302.16, 497.22, 704.58, -219.4, 20.68, 216.1501943802324, 243.75249742310336, 539.229393085491, 876.8347315946218, 1708.660043091411, 18.346372604825785, 4.0, 1.0, 18.0, 30.0, -12059.0, 0.0, 1104.0, 880.0, 2371.0, 4735.0, 85.0, 68.0, 25573.05654367573, 2.5833960629693853, 34705.40789090858, 2.6366854406547833, 155918.04854751192, 2.2210725090574415, 4318631.0, 7476382.0, 26609035.000000004, 3964786.0, 9623546.0, 8520645.0]
[176.82, 218.72, 342.46, 979.7, -475.92, 12.7, 222.70623920220967, 268.0734775910424, 277.19912609927917, 1735.8443602054713, 2430.190878872502, 12.914554358773449, 1.0, 4.0, 15.0, 40.0, -12375.0, 0.0, 1186.0, 1188.0, 1247.0, 11971.0, 66.0, 57.0, 88491.39729286953, 2.7628648668793887, 115930.5119417867, 2.687191024932781, 128242.38940768136, 2.7395749561693825, 3993571.0, 5913228.0, 9629071.0, 3934957.0, 5423001.0, 4566254.0]
[169.52, 326.86, 512.74, 896.28, -477.88, 18.12, 161.0561114034738, 355.6160512664851, 470.86389601606595, 1276.7272740271894, 2485.6684366871737, 19.944453476839012, 3.0, 2.0, 15.0, 12.0, -12596.0, 0.0, 652.0, 1959.0, 1827.0, 5856.0, 99.0, 106.0, 18154.11110106933, 2.700663880957555, 67626.75820707665, 2.540125401760683, 135950.0983945614, 2.5732569588843295, 2707866.0000000005, 11538549.0, 24009043.0, 4148569.0, 11730208.0, 5609547.0]
[201.7450980392157, 306.5686274509804, 460.4901960784314, 1464.6470588235295, -461.0980392156863, 14.803921568627452, 228.17377966254182, 294.39111772619503, 406.9681251670219, 2036.152772495516, 2395.7572519343607, 17.043496833505895, 8.0, 5.0, 7.0, 11.0, -12307.0, 0.0, 786.0, 1320.0, 1811.0, 11366.0, 69.0, 77.0, 34891.78187246067, 2.1615501102481716, 70755.80242871678, 2.7186904460014025, 118293.03213739832, 2.6813973838218916, 4772497.38, 9309037.139999999, 19477680.300000004, 4981305.0, 9703436.0, 7331077.0]
[211.86, 237.9, 346.34, 630.14, -248.18, 110.92, 245.45501354315292, 242.54949000573225, 285.53727445298773, 2165.719751312364, 2846.8545957578785, 698.4627680609374, 0.0, 17.0, 7.0, -11946.0, -11977.0, 0.0, 936.0, 1089.0, 1277.0, 5762.0, 10853.0, 4950.0, 95688.74017292871, 2.2793487730380306, 102471.31833721598, 2.5485090882776014, 116021.10891831576, 2.562240172055779, 5196393.0, 5712503.0, 9992615.000000002, 4567498.0, 4601295.0, 5167675.0]
[219.72, 349.08, 519.12, 1001.92, -692.6, 13.68, 226.32169988035767, 282.6755434365394, 510.47719331813363, 1188.3205408285687, 2855.4787939778407, 14.954952766388063, 4.0, 19.0, 21.0, 4.0, -12338.0, 0.0, 954.0, 1271.0, 2620.0, 5854.0, 93.0, 72.0, 25084.84562699415, 2.5172148282442985, 48976.67952665145, 2.2752603800081754, 133746.26032197458, 2.793068881689007, 4923698.0, 10008210.0, 26243040.000000004, 4988306.0, 11393293.0, 8984500.0]
[249.90196078431373, 289.19607843137254, 451.54901960784315, 1156.8039215686274, -1358.9607843137255, 18.058823529411764, 297.6066030787597, 277.5771618565074, 377.638097322052, 1324.6268609628576, 3817.0218126742966, 17.521885474692365, 1.0, 3.0, 23.0, 6.0, -11895.0, 1.0, 1381.0, 1315.0, 1314.0, 6286.0, 127.0, 93.0, 55587.19173552542, 2.438929463222222, 48953.8441890431, 2.5583097402593724, 95612.65173416866, 2.252844849794446, 7765754.700000001, 8280163.139999999, 17879833.98, 5865726.0, 8361880.0, 8564166.0]
[265.34, 264.16, 584.84, 686.02, -688.58, 20.38, 288.59933457713885, 299.1703057402835, 515.6537107281931, 2300.012976804563, 2822.0348794471565, 22.257207041902685, 4.0, 7.0, 48.0, -13390.0, -11876.0, 1.0, 1264.0, 1275.0, 2286.0, 4471.0, 80.0, 110.0, 65992.75984341092, 2.494303837420499, 61813.814988745195, 2.7885517687993757, 249566.45112070252, 2.7373952961525028, 7601455.0, 7874666.000000001, 30130929.999999996, 6297302.0, 10511110.0, 12275907.0]
[147.54, 313.84, 427.72, 1085.34, -459.82, 13.54, 153.8305733790343, 310.0445234649569, 524.2519272881179, 1995.18526181896, 2374.172446069045, 16.624557689374683, 1.0, 0.0, 11.0, 49.0, -12223.0, 0.0, 629.0, 1233.0, 2245.0, 11849.0, 96.0, 70.0, 17547.929958076213, 2.833832300590254, 101462.12884062272, 2.865905508127013, 496281.301264713, 2.9498611379493203, 2247931.0000000005, 9635030.0, 22614384.0, 3754637.0, 10289666.0, 4095934.0]
[250.15686274509804, 289.98039215686276, 638.9607843137255, 767.6666666666666, -214.84313725490196, 17.0, 251.48410467057514, 364.92807456791144, 492.89804060411166, 809.1190930058855, 1702.3551259657786, 15.207892687680301, 0.0, 11.0, 8.0, 18.0, -12133.0, 0.0, 852.0, 1746.0, 2351.0, 3453.0, 69.0, 59.0, 61045.0118467902, 2.3595737301425546, 70649.11144413699, 2.5849477628839375, 179205.6003774288, 2.5071310477599207, 6480788.28, 11166087.9, 33628623.779999994, 5169711.0, 11386575.0, 10241179.0]
[226.26, 213.36, 516.2, 548.84, -222.16, 16.54, 210.74201367200277, 175.32078587316357, 547.595411498195, 787.5762447055458, 1747.373286521509, 21.45542127390689, 17.0, 1.0, 15.0, 25.0, -12330.0, 0.0, 1050.0, 867.0, 3101.0, 4284.0, 92.0, 119.0, 34027.30692849523, 2.6295797619791146, 17898.14098702304, 2.9865651772334445, 236997.38139067867, 2.7782352166888002, 4735877.0, 3782256.000000001, 28016298.0, 2820300.0, 5942563.0, 9855565.0]
[235.0392156862745, 387.96078431372547, 521.8627450980392, 833.3725490196078, -1168.862745098039, 17.529411764705884, 233.4159343990306, 359.2327357457454, 532.4209995711229, 1168.0246566024932, 3679.2379211983985, 20.324716914315406, 5.0, 3.0, 4.0, 11.0, -12527.0, 0.0, 937.0, 1291.0, 2376.0, 5125.0, 156.0, 77.0, 33151.97536059195, 2.5707154565199577, 74652.35994642075, 1.9711966604384044, 240908.50087092034, 2.6750705564233948, 5652396.3, 14411172.0, 28624242.659999996, 7036068.0, 12008908.0, 9280099.0]
[183.64705882352942, 318.52941176470586, 558.7254901960785, 1037.9803921568628, 24.352941176470587, 20.647058823529413, 202.74987778338235, 305.1260954386679, 520.5190516563779, 2445.0902354734967, 26.674949693982004, 24.990256924979196, 2.0, 0.0, 6.0, 2.0, 0.0, 0.0, 904.0, 1259.0, 1876.0, 12147.0, 107.0, 84.0, 75843.4447169271, 2.6834093203158553, 130880.08821828147, 2.3197095735274798, 321200.8326398129, 2.540655341991997, 3850922.28, 10026199.14, 30057244.740000006, 4805760.0, 12745205.0, 7156904.0]
[122.62, 203.68, 445.28, 354.24, 26.9, 13.18, 140.7131820116251, 187.93577278920995, 453.5356809310057, 952.387281026592, 25.965636632177645, 12.839177925237985, 8.0, 3.0, 10.0, 0.0, 0.0, 0.0, 669.0, 723.0, 2128.0, 6728.0, 92.0, 67.0, 30409.785213153446, 2.6986420512490135, 38780.42768463749, 2.8559673587006262, 226361.53298353276, 2.5649232602274927, 1721992.9999999998, 3804950.0, 19992750.0, 1883378.0, 5448764.0, 4255681.0]
[279.4117647058824, 377.6470588235294, 679.0, 572.1372549019608, -424.6862745098039, 14.647058823529411, 284.4492345899766, 358.0166377993856, 623.5355964177186, 1377.80217766714, 2312.3339507103733, 14.28541008079469, 1.0, 8.0, 3.0, 1.0, -11898.0, 1.0, 1188.0, 1627.0, 2572.0, 8991.0, 137.0, 63.0, 61648.54922539378, 2.446706346304627, 88239.64090806693, 2.516884570168738, 325380.071994332, 2.5132389723731636, 8187729.719999999, 13955923.560000002, 43811981.46, 7359690.0, 15858218.0, 16306784.0]
