[226.04651162790697, 485.83720930232556, 654.4186046511628, 842.0232558139535, 23.069767441860463, 28.232558139534884, 229.8193859667042, 418.3454900661572, 560.4744687510897, 744.1987218085826, 2914.7477583860687, 21.064342709334685, 0.0, 13.0, 28.0, 9.0, -13244.0, 3.0, 1053.0, 2215.0, 2321.0, 2924.0, 13469.0, 91.0, 32614.190829720694, 2.305709541890746, 145619.05120838634, 2.5495060065553625, 259932.86460704397, 2.358163094177437, 3797316.2399999998, 15050145.34, 27183626.48, 7240068.0, 18558616.0, 10123247.0]
[257.5813953488372, 402.04651162790697, 776.8837209302326, 446.06976744186045, 646.953488372093, 30.767441860465116, 195.61395808583458, 372.0845368287499, 591.7610605843546, 479.9721914240666, 2851.1563648514225, 23.782583873100567, 7.0, 19.0, 20.0, 7.0, 0.0, 0.0, 787.0, 2018.0, 2325.0, 1941.0, 13489.0, 92.0, 32302.093046222228, 2.776689442855334, 175726.7110563595, 2.778429840005851, 322081.8160281447, 2.7253947105320813, 3835680.8400000003, 10978200.999999998, 34967759.96, 4978505.0, 15122391.0, 10135555.0]
[184.25581395348837, 259.5348837209302, 495.86046511627904, 248.06976744186048, -606.5581395348837, 17.41860465116279, 180.2256644986073, 274.6283504975587, 509.7769157935352, 303.21329875257913, 2860.1071350423686, 13.14069027348972, 4.0, 1.0, 1.0, 2.0, -13421.0, 0.0, 771.0, 1115.0, 2399.0, 1235.0, 62.0, 54.0, 40908.37839549418, 2.8623318943938383, 117810.07774670504, 2.62454354610408, 319149.5388251065, 2.8181750837473625, 2428702.7800000003, 5215108.8, 18479148.52, 2924961.0, 6284693.0, 6295516.0]
[233.02272727272728, 509.59090909090907, 675.3636363636364, 237.5, 894.7954545454545, 26.59090909090909, 197.25941939797505, 483.0295536329794, 541.4107794783056, 241.6856020381813, 3258.7333648573754, 23.761722376905354, 3.0, 12.0, 4.0, 5.0, 0.0, 0.0, 858.0, 2305.0, 1833.0, 807.0, 12929.0, 92.0, 23453.705920332024, 2.2604904207831917, 194426.2194368535, 2.0721806625603, 229879.417662301, 2.2204664189092242, 3574882.96, 18883657.76, 28752687.04, 6067178.0, 18286565.0, 9689852.0]
[219.88888888888889, 285.93333333333334, 536.8666666666667, 315.4888888888889, 314.6222222222222, 22.155555555555555, 218.99348498219405, 254.00817810742734, 523.7865023079537, 521.0768405306204, 1969.3316389172253, 23.343244648228975, 4.0, 2.0, 9.0, 3.0, 0.0, 1.0, 755.0, 1136.0, 2013.0, 2421.0, 13231.0, 83.0, 70498.08110824606, 2.552551863239755, 48466.31191091441, 2.7688267876765846, 401744.0012809667, 2.4364415136597573, 3857363.0999999996, 5866191.8999999985, 22537496.7, 3146763.0, 8679326.0, 8829592.0]
[209.58139534883722, 463.9767441860465, 610.2325581395348, 176.7906976744186, 1237.953488372093, 24.6046511627907, 226.2128404167969, 457.8609941046306, 509.27375168255423, 196.20853315499556, 3856.595914197417, 28.099431899768028, 1.0, 12.0, 55.0, 5.0, 0.0, 0.0, 1084.0, 2546.0, 1659.0, 833.0, 13375.0, 130.0, 21422.068327823632, 2.607546895948531, 95464.07510878613, 2.220119084475221, 192391.92656268372, 2.461286837672259, 3472664.5200000005, 15532925.260000002, 23138826.320000004, 7142236.0, 15363056.0, 8021322.0]
[246.2093023255814, 343.3720930232558, 524.4418604651163, 208.69767441860466, 324.51162790697674, 23.232558139534884, 206.58107576394158, 365.6968574975867, 486.7247340924937, 281.348752811788, 2024.2247119293309, 19.65032074050886, 19.0, 8.0, 56.0, 16.0, 0.0, 0.0, 855.0, 1392.0, 2034.0, 1425.0, 13289.0, 90.0, 68128.76428525263, 2.4169784002135595, 179166.9918856467, 2.650707850019418, 395049.4853979257, 2.4584131897754813, 3783139.14, 9190583.5, 18727814.939999998, 5108949.0, 11183525.0, 8606022.0]
[327.0, 485.2093023255814, 625.8139534883721, 185.30232558139534, 628.9069767441861, 22.790697674418606, 328.5466553807918, 446.8883187500161, 538.0901967148858, 321.34772257476277, 2810.062724380039, 18.29202029969676, 1.0, 6.0, 1.0, 2.0, 1.0, 0.0, 1403.0, 2220.0, 1853.0, 1717.0, 13251.0, 75.0, 122862.8573427006, 2.433997757134789, 117334.16212245484, 2.2519604952501573, 246995.9876962551, 2.2957635255985194, 7853132.14, 15919625.12, 24941185.080000006, 8352545.0, 16840566.0, 14144865.0]
[241.46511627906978, 345.09302325581393, 537.9069767441861, 98.93023255813954, 21.6046511627907, 17.930232558139537, 230.67915760673486, 326.55968709545334, 468.4728895928765, 107.31937102668687, 2899.126716949473, 18.863412998305186, 12.0, 18.0, 0.0, 0.0, -13183.0, 0.0, 899.0, 1488.0, 1619.0, 457.0, 13387.0, 72.0, 74340.91290839127, 2.7437094634902355, 158532.6041688467, 2.662275565650085, 336880.64794934064, 2.5698937415870207, 4078182.779999999, 8255799.62, 18627080.559999995, 4901590.0, 10263815.0, 8825793.0]
[241.51162790697674, 419.3255813953488, 569.4651162790698, 53.651162790697676, 18.511627906976745, 19.790697674418606, 229.7376735999047, 421.40353474065193, 505.36084933428225, 50.93641401222949, 18.265726548222514, 17.11801910482313, 3.0, 6.0, 40.0, 0.0, 0.0, 0.0, 1011.0, 1617.0, 2130.0, 248.0, 70.0, 93.0, 31166.490740893998, 2.1217783924562332, 92993.69959288044, 2.111718413199936, 155080.07922501492, 2.2445385088120595, 4063356.38, 12916562.739999998, 21216935.30000001, 6558461.0, 14036735.0, 9659384.0]
[183.04651162790697, 433.72093023255815, 495.9767441860465, 53.906976744186046, 14.511627906976743, 18.813953488372093, 208.39225301938146, 524.4625968587998, 424.96506794100105, 53.4949102845924, 13.911920364895806, 15.568979863747822, 4.0, 5.0, 8.0, 6.0, 0.0, 1.0, 1123.0, 2622.0, 1546.0, 300.0, 54.0, 83.0, 82883.42651820972, 2.748843901175817, 408224.1066134274, 2.825687375144699, 193356.84068007983, 2.421484609792241, 2807648.0200000005, 16891653.88, 15619921.139999999, 7029792.0, 15191735.0, 5960934.0]
[229.48837209302326, 437.8139534883721, 642.953488372093, 126.3953488372093, 19.023255813953487, 23.558139534883722, 244.49202656129447, 499.57445013654956, 551.2919869978319, 203.56257251821262, 23.417014949546555, 21.600597793294646, 7.0, 14.0, 24.0, 2.0, 0.0, 1.0, 1180.0, 2677.0, 1909.0, 1246.0, 107.0, 124.0, 35659.49650893557, 2.532066959467542, 97774.6951965908, 1.7722936139378804, 229646.63828489525, 2.4762533415911694, 4106670.28, 16103001.199999996, 26264825.699999996, 7794914.0, 16228510.0, 10025052.0]
[369.9767441860465, 412.7906976744186, 653.7441860465116, 162.51162790697674, 20.697674418604652, 19.72093023255814, 350.14592117138363, 359.7402209623954, 665.1050433693863, 207.3494143311654, 16.461404909841647, 15.055967937752646, 5.0, 4.0, 6.0, 10.0, 1.0, 0.0, 1362.0, 1399.0, 2590.0, 1085.0, 79.0, 54.0, 118381.02025432742, 2.022119112527092, 146926.1702828803, 2.718946344806566, 369599.09019958094, 2.6267599973517326, 9490315.860000001, 10975648.52, 31782780.06, 9257603.0, 17226544.0, 17845969.0]
[238.09302325581396, 355.48837209302326, 522.8604651162791, 97.30232558139535, 13.720930232558139, 16.069767441860463, 226.14479284546547, 351.53462012622145, 532.0210603330227, 86.37309294530961, 10.955158779130906, 10.264120004580935, 34.0, 14.0, 25.0, 1.0, 0.0, 0.0, 1176.0, 1385.0, 2440.0, 396.0, 46.0, 36.0, 52131.70863058371, 2.7694538734509586, 135314.6379882221, 2.673867141762162, 387109.6429588235, 2.868683582158351, 3943562.679999999, 9136822.32, 20333342.060000002, 4662398.0, 11640104.0, 7775826.0]
[241.34883720930233, 385.06976744186045, 730.7441860465116, 561.7906976744187, -268.48837209302326, 24.813953488372093, 184.235341695257, 321.32289021872697, 604.9841435554227, 1219.8766830365144, 1892.8918965446571, 25.371765159939475, 21.0, 7.0, 20.0, 4.0, -12392.0, 0.0, 758.0, 1143.0, 2438.0, 7005.0, 60.0, 112.0, 31422.336526909723, 2.558252635463162, 70590.1303881489, 2.5734791883000696, 326584.3390861279, 2.302754135720792, 3380066.5999999996, 9212679.480000002, 32966971.679999996, 5029624.0, 16123178.0, 9878791.0]
[194.5581395348837, 384.9767441860465, 417.8139534883721, 89.11627906976744, 19.372093023255815, 18.441860465116278, 231.82385578439067, 341.7586511513152, 418.74155319491877, 86.29219721452654, 17.320540044112715, 15.450847296201676, 1.0, 14.0, 8.0, 0.0, 0.0, 0.0, 786.0, 1377.0, 1614.0, 341.0, 70.0, 84.0, 92930.26421953655, 2.573407144067244, 171989.82006629673, 2.5818828643520035, 252536.80747110076, 2.8328661548300236, 3340971.0000000005, 9699477.319999998, 12788986.040000001, 5148896.0, 10106609.0, 5811845.0]
[302.3953488372093, 512.6046511627907, 672.9302325581396, 120.06976744186046, 26.186046511627907, 27.41860465116279, 271.92874938070884, 462.91345172437514, 584.9629778821919, 111.24862660443588, 22.200660451301346, 24.312678015643584, 20.0, 28.0, 15.0, 8.0, 0.0, 1.0, 1374.0, 1949.0, 2132.0, 439.0, 81.0, 134.0, 45506.79300692286, 2.328254089656848, 139746.90829647382, 2.3406735170910102, 226555.37903172555, 2.3559774777327247, 6052462.420000001, 17457109.04, 29105444.400000006, 10550864.0, 20277683.0, 12001414.0]
[187.8139534883721, 256.1162790697674, 543.8372093023256, 84.16279069767442, 12.116279069767442, 15.372093023255815, 204.1497181475205, 229.65193220780313, 589.7131235662916, 79.17910084785123, 9.924019208647227, 14.915672894506054, 11.0, 2.0, 8.0, 2.0, 1.0, 0.0, 881.0, 1018.0, 2473.0, 360.0, 38.0, 57.0, 66150.5076327847, 2.7786212155332075, 54360.482855387505, 2.7312962432132184, 502878.99290105945, 2.7368888050839923, 2809812.64, 4330692.54, 23498312.340000004, 2761869.0, 8960490.0, 7959946.0]
[231.63636363636363, 456.97727272727275, 599.2045454545455, 122.8409090909091, 19.84090909090909, 19.727272727272727, 223.15289272302834, 418.0403056475265, 607.114432320915, 126.14774342510988, 17.19105118993016, 17.14285210913044, 1.0, 3.0, 9.0, 3.0, 1.0, 0.0, 846.0, 1726.0, 2388.0, 573.0, 61.0, 98.0, 46010.469696442386, 2.6707126749849976, 91802.9174540664, 2.7939808833414164, 273050.1652315481, 2.6103761407013213, 3961863.84, 14698660.240000002, 27849631.919999998, 6146963.0, 16645003.0, 9995781.0]
[216.5581395348837, -1.5116279069767442, 979.8372093023256, 597.5116279069767, -321.16279069767444, 263.3720930232558, 560.587927019719, 2389.9439759531824, 2558.227845787676, 1842.6462127434452, 2410.674139364661, 2781.403619819589, -2246.0, -12130.0, -6745.0, -437.0, -10350.0, -10350.0, 1291.0, 2254.0, 12152.0, 10352.0, 5850.0, 12150.0, 346718.29111166246, 2.567911193102506, 6121138.397200524, 2.7174230669103414, 7816399.171806628, 2.825138669563447, 13085295.6, 206311463.86, 271892206.93999994, 46964891.0, 16985231.0, 8090295.0]
[215.51162790697674, 280.3488372093023, 491.6744186046512, 188.27906976744185, 12.581395348837209, 12.674418604651162, 228.97300444885298, 306.3050054564295, 488.46127306306687, 176.93479099877652, 12.255674211874144, 10.232350496232076, 16.0, 17.0, 26.0, 7.0, 0.0, 0.0, 1100.0, 1711.0, 2485.0, 697.0, 50.0, 43.0, 41331.12470072998, 2.59646743257376, 38705.86824287649, 2.5304021197860393, 199425.53985888572, 2.6267647749451943, 3611268.14, 6295338.460000001, 17557713.56, 2698568.0, 6676471.0, 7226914.0]
[293.7906976744186, 497.6744186046512, 657.9767441860465, 403.4651162790698, 26.046511627906977, 30.930232558139537, 341.3703866239533, 478.3771037347315, 705.953711162023, 826.1750174560102, 28.31536137721856, 29.52996488543637, 15.0, 17.0, 3.0, 8.0, 0.0, 0.0, 1730.0, 2320.0, 2625.0, 4715.0, 112.0, 100.0, 68964.21358117189, 2.2841822121318085, 136166.2089761624, 2.472615635595036, 302207.24108265707, 2.0977845797454178, 7401052.499999999, 17425068.880000003, 34011024.58, 10817414.0, 18824574.0, 15046564.0]
[202.27906976744185, 489.51162790697674, 646.953488372093, 123.65116279069767, 16.953488372093023, 27.6046511627907, 203.75806447159167, 518.6601957651043, 630.0945489704727, 92.22330139419374, 17.549865673576416, 25.565173050259233, 3.0, 11.0, 1.0, 10.0, 0.0, 0.0, 979.0, 2192.0, 2354.0, 410.0, 64.0, 113.0, 69494.98053911419, 2.8660685978468545, 304929.6779804788, 2.743094680244635, 616056.8276515106, 2.7147633623994842, 3012710.7200000007, 18577791.380000003, 29818266.58, 6600300.0, 20027980.0, 8662553.0]
[216.2325581395349, 327.9767441860465, 582.5813953488372, 110.95348837209302, 16.58139534883721, 17.069767441860463, 208.17447320860708, 279.2390585631647, 587.7939480463467, 118.36162374535407, 20.983250188729937, 15.109749846401147, 5.0, 0.0, 17.0, 4.0, 0.0, 0.0, 861.0, 1387.0, 2444.0, 506.0, 77.0, 64.0, 37496.77022499801, 2.2762164827369604, 56887.110322097404, 2.214646787596723, 271612.2689137171, 2.6219010355833148, 3294374.4800000004, 6794329.38, 25030574.34, 4058345.0, 12513773.0, 8053137.0]
[358.69767441860466, 636.0697674418604, 768.1860465116279, -63.18604651162791, -229.1860465116279, 294.86046511627904, 371.24350466556, 632.3160901588335, 635.8786667661398, 1853.9215868738502, 1720.7867422146235, 1710.6347830611962, 11.0, 3.0, 5.0, -11857.0, -11249.0, 0.0, 1956.0, 3002.0, 2409.0, 813.0, 106.0, 11250.0, 100739.70744797024, 2.7465768562525077, 384812.70582548535, 2.4868693467799763, 459653.36430240475, 2.882131596462687, 9736116.76, 29403173.819999997, 36427081.92, 16832701.0, 27540249.0, 15945704.0]
[395.6046511627907, 707.5348837209302, 823.4651162790698, 176.04651162790697, 36.46511627906977, 43.48837209302326, 344.0652028139077, 695.2556689324613, 732.0961538732857, 157.25668332960365, 28.577670968123837, 36.98994206474901, 5.0, 38.0, 16.0, 11.0, 0.0, 0.0, 1544.0, 3423.0, 2487.0, 610.0, 100.0, 156.0, 88674.60793754613, 2.5614433076375738, 413709.9320509823, 2.7674279902919037, 595411.1866563426, 2.59062036585639, 10063399.22, 35972097.199999996, 44434993.42, 15316854.0, 28270635.0, 19487052.0]
[258.25, 386.1136363636364, 561.9545454545455, 139.4090909090909, 15.772727272727273, 19.5, 274.08470300001176, 497.2301051667565, 584.667265920817, 128.8118003733874, 15.784690310644672, 21.044250167593976, 15.0, 2.0, 3.0, 3.0, 0.0, 0.0, 1339.0, 2668.0, 2548.0, 473.0, 57.0, 111.0, 128203.63671162067, 2.7672142122766954, 402264.94844063645, 2.6981120401678433, 422561.09229093464, 2.8352371769346423, 5424987.920000001, 15127999.92, 25162568.64, 6879781.0, 14627562.0, 9565074.0]
[308.0, 493.9767441860465, 633.9302325581396, 177.0, 21.023255813953487, 28.3953488372093, 342.0675928749143, 535.290374619772, 639.8830397349353, 237.7510702995287, 20.746185389003585, 27.075854236081096, 1.0, 1.0, 10.0, 1.0, 0.0, 0.0, 1147.0, 1955.0, 2365.0, 996.0, 74.0, 118.0, 86481.42187166329, 2.368777379344289, 161177.09043864894, 2.167396836287435, 247184.7764596854, 2.3937617869401877, 7734480.5200000005, 19373274.18, 29650406.619999997, 10177921.0, 21151955.0, 14837727.0]
[187.30232558139534, 233.0, 546.3023255813954, 69.79069767441861, 10.162790697674419, 20.511627906976745, 178.66256234852082, 251.69785363369616, 551.3499681467437, 63.44197128817982, 9.177950369170615, 17.53550424685825, 1.0, 6.0, 18.0, 1.0, 0.0, 2.0, 691.0, 1157.0, 2264.0, 324.0, 43.0, 74.0, 39466.05712491973, 2.758859686871196, 74281.8297134476, 2.6510834050464216, 452754.732479205, 2.6203252080639627, 2450299.96, 4295874.58, 22016544.38, 2664503.0, 7776732.0, 6795785.0]
[252.25581395348837, 384.7906976744186, 630.6511627906976, 87.95348837209302, 15.209302325581396, 19.74418604651163, 262.5817870795104, 364.5291521518537, 633.4281589558042, 81.60005645667167, 18.402326638013392, 17.840687878121813, 2.0, 9.0, 4.0, 5.0, 1.0, 0.0, 1063.0, 1573.0, 2497.0, 422.0, 63.0, 73.0, 62787.87612001569, 2.623516360113752, 155787.5767802207, 2.518381730915498, 298797.06148182694, 2.674195892463881, 4843593.1000000015, 10275082.200000001, 29200190.599999994, 6227808.0, 14074113.0, 12018699.0]
[212.51162790697674, 278.74418604651163, 631.3023255813954, 77.4186046511628, 17.3953488372093, 18.186046511627907, 275.5187636936672, 283.73126898723626, 646.9837539317396, 103.32985383346258, 20.04060109221577, 21.17192189799802, 4.0, 10.0, 32.0, 0.0, 0.0, 0.0, 1206.0, 1147.0, 2827.0, 495.0, 88.0, 102.0, 35682.77815387549, 2.7224827924314354, 59464.301874496574, 2.5852828649828066, 257466.1567890233, 2.5257162220859946, 4411951.36, 5781067.92, 29857504.08, 4041899.0, 12578626.0, 11215833.0]
[248.2325581395349, 435.3488372093023, 558.4418604651163, -137.0, -55.93023255813954, -88.93023255813954, 240.30247181905506, 424.0316634471518, 628.6883663751889, 1835.9717681199058, 483.3616606813281, 759.0581066705801, 0.0, 6.0, 4.0, -11859.0, -3150.0, -4948.0, 1041.0, 2024.0, 2231.0, 680.0, 79.0, 100.0, 53512.024391728766, 2.565354705223553, 270883.67919583176, 2.7036336898047786, 476273.8987647961, 2.6026045876832726, 4364444.96, 13503247.0, 25808879.5, 6012590.0, 14190281.0, 8031709.0]
[199.74418604651163, 319.5581395348837, 471.6511627906977, 66.55813953488372, 17.069767441860463, 15.790697674418604, 230.21585037310567, 322.54437142711606, 529.2199958303834, 60.86257053143872, 19.188780636757027, 12.197888458048569, 1.0, 23.0, 9.0, 2.0, 0.0, 0.0, 882.0, 1452.0, 2379.0, 267.0, 80.0, 49.0, 43975.52069919637, 2.5571918251675094, 77438.22955117618, 2.5897179960302688, 295730.79220881057, 2.7433967053954786, 3389754.5000000005, 7534041.18, 18342645.02, 4516324.0, 9507037.0, 7622405.0]
[227.53488372093022, 368.4418604651163, 583.3953488372093, 82.32558139534883, 16.953488372093023, 14.906976744186046, 278.0501281318763, 350.09640184802305, 640.607083332636, 89.94885343778975, 17.036310645168193, 14.290879464903433, 0.0, 4.0, 22.0, 0.0, 0.0, 0.0, 1475.0, 1384.0, 2837.0, 434.0, 70.0, 63.0, 29276.32386170046, 1.9836439893806666, 63855.43185840817, 2.2551740873353054, 200401.60314689536, 1.9277935537059914, 4707038.000000001, 9447150.74, 27408980.879999995, 4990094.0, 15180515.0, 10638856.0]
[193.74418604651163, 337.93023255813955, 522.6744186046511, 80.6046511627907, 13.465116279069768, 18.186046511627907, 211.47656551734562, 301.30181003587916, 631.9745218240788, 95.88140977142737, 13.173474136289583, 15.722679727301863, 13.0, 11.0, 1.0, 0.0, 1.0, 0.0, 834.0, 1527.0, 2812.0, 418.0, 54.0, 64.0, 58140.70018234566, 2.8903275725999107, 152383.64235859909, 2.8376651451619055, 574138.9259414704, 2.764537391218995, 3003482.0599999996, 7502073.259999999, 24528544.180000007, 4185863.0, 12299532.0, 8107238.0]
[255.0, 471.6511627906977, 628.6976744186046, 87.83720930232558, 17.3953488372093, 17.86046511627907, 263.44494319542, 494.8259859462348, 564.2169683511967, 88.81895181519756, 16.16748579400102, 20.385080206283497, 3.0, 1.0, 18.0, 0.0, 0.0, 0.0, 1175.0, 2138.0, 2138.0, 319.0, 64.0, 91.0, 41558.52432037457, 2.4491502727764725, 192672.5567135261, 2.627841172067027, 229010.0258672013, 2.6371068773812616, 4911469.460000001, 17070460.779999997, 26115212.359999996, 8191350.0, 21024826.0, 10469736.0]
[243.06976744186048, 469.1162790697674, 632.2558139534884, 83.51162790697674, 16.930232558139537, 23.11627906976744, 249.5495365795887, 533.050484936077, 619.7395417978217, 98.14357124059757, 19.503840096659363, 20.494144694946616, 3.0, 2.0, 19.0, 0.0, 0.0, 1.0, 817.0, 2437.0, 2374.0, 421.0, 70.0, 83.0, 48952.21174211907, 2.199059677111085, 254777.55807793487, 2.5496390497804757, 280541.5227459959, 2.673721272799932, 4434258.039999999, 18401430.32, 28655524.220000003, 8310226.0, 20753298.0, 11050845.0]
[204.58139534883722, 356.5581395348837, 494.5581395348837, 97.02325581395348, 13.86046511627907, 15.418604651162791, 230.06295541688038, 428.8857269453119, 554.4596813168475, 113.35332212496614, 14.077305943811085, 15.924274010721785, 1.0, 0.0, 7.0, 0.0, 0.0, 0.0, 916.0, 2270.0, 2762.0, 591.0, 67.0, 79.0, 93402.19017240473, 2.923758163589595, 339868.07775491837, 2.6597909983204313, 546921.2770045389, 2.9679474260686423, 3459538.340000001, 11345424.440000001, 20149065.56, 6161159.0, 12928789.0, 7877408.0]
[178.58139534883722, 318.9767441860465, 489.13953488372096, 112.97674418604652, 15.604651162790697, 19.813953488372093, 176.32913388078984, 302.93819017307436, 525.2315852666168, 91.74122207188285, 16.109948914943274, 15.816290297022558, 9.0, 3.0, 14.0, 0.0, 0.0, 3.0, 887.0, 1211.0, 1961.0, 421.0, 70.0, 61.0, 53627.72459240152, 2.8564876585856687, 110644.77678120813, 2.43143236174157, 407620.42666842917, 2.6985306243511107, 2302382.54, 7077361.400000002, 18812101.82, 3216578.0, 10751755.0, 5617714.0]
[249.13636363636363, 420.20454545454544, 717.4318181818181, 158.63636363636363, 17.65909090909091, 21.568181818181817, 300.5814977447371, 368.5710041432145, 624.2117409731336, 138.54460970926513, 19.58991575158847, 23.50694872751037, 8.0, 32.0, 22.0, 10.0, 0.0, 0.0, 1226.0, 1582.0, 2536.0, 505.0, 82.0, 109.0, 54515.46004659221, 2.4936625954289027, 108307.29586179483, 2.2354975557118997, 281543.58498029347, 1.9697683883649157, 5822124.0, 11977221.520000001, 34673498.64, 6764541.0, 19143384.0, 13765923.0]
[72.0, 552.1395348837209, 131.65116279069767, 365.25581395348837, -84.23255813953489, 20.651162790697676, 245.2065213146626, 1992.480191469862, 2094.774881457841, 1845.903328906412, 619.1616004615897, 68.03426437882683, -1337.0, 1.0, -12998.0, 5.0, -4049.0, 0.0, 489.0, 13074.0, 2089.0, 12161.0, 60.0, 451.0, 121450.39158964246, 2.969578447733637, 8776691.888533741, 3.042137607153821, 9629736.501242705, 3.044172970852098, 2363464.04, 154669231.84000003, 159138453.17999995, -15113808.0, -161905675.0, 20623326.0]
[263.3255813953488, 479.5813953488372, 613.5581395348837, 141.06976744186048, 19.976744186046513, 20.627906976744185, 265.49161236237387, 472.5020147378633, 616.1702880862285, 150.70444037899026, 21.441491121846894, 21.423199769691106, 12.0, 11.0, 7.0, 4.0, 0.0, 1.0, 1202.0, 2308.0, 2355.0, 645.0, 83.0, 96.0, 58731.299506852185, 2.248897552135207, 163499.51993548448, 2.543638223337672, 383172.93828649464, 2.8848165170966635, 5110153.540000001, 16569422.2, 27634783.34, 9121373.0, 18317532.0, 10437827.0]
[187.04651162790697, 349.4186046511628, 478.30232558139534, 117.0, 13.86046511627907, 17.651162790697676, 217.6250547428472, 333.4302406200005, 527.8358120839022, 138.03984931895573, 16.601178092660483, 14.814541956389677, 2.0, 10.0, 20.0, 3.0, 0.0, 0.0, 906.0, 1838.0, 2326.0, 584.0, 66.0, 60.0, 81425.3412756334, 2.9057423953413952, 126812.16135071471, 2.760406410493666, 442242.7477749078, 2.474231901762896, 3004464.18, 8530679.7, 18523446.259999998, 4219727.0, 10631749.0, 6904012.0]
[251.72093023255815, 380.83720930232556, 534.7906976744187, 149.5581395348837, 17.86046511627907, 18.372093023255815, 309.71517834028117, 484.3836009488937, 587.9449908727506, 168.46354732525563, 18.6171725582654, 22.65478321807135, 5.0, 20.0, 11.0, 4.0, 0.0, 1.0, 1292.0, 2215.0, 2696.0, 857.0, 63.0, 100.0, 37224.32488855679, 2.297718043048449, 68285.35452449258, 2.171191460561376, 202523.59463787876, 2.6195390360685225, 5807936.040000001, 13838211.839999998, 23062257.080000002, 8470872.0, 14787561.0, 10648068.0]
[171.25, 250.1818181818182, 507.02272727272725, 150.02272727272728, 17.90909090909091, 13.909090909090908, 170.28814499424615, 231.15154323690635, 491.9209847987909, 138.26894733467876, 17.43668704107198, 9.12144975680741, 5.0, 4.0, 28.0, 3.0, 0.0, 0.0, 734.0, 1238.0, 2531.0, 485.0, 84.0, 43.0, 14379.289537258635, 2.708940888312509, 68580.12039951689, 2.47567812049536, 175387.17430603292, 2.7191866644350933, 2232810.7999999993, 4445351.679999999, 19110589.52, 1919142.0, 8450200.0, 5352520.0]
[259.3255813953488, 421.5813953488372, 529.5348837209302, 130.06976744186048, 23.348837209302324, 20.697674418604652, 237.12320696716301, 377.9768342963273, 430.95665171675296, 128.8497455231216, 23.379767118611067, 18.290688346182797, 27.0, 3.0, 2.0, 2.0, 0.0, 1.0, 1265.0, 1460.0, 2195.0, 522.0, 74.0, 74.0, 41350.37144866654, 2.683100002534391, 128499.44236679717, 2.643788674637429, 136532.925753949, 2.4190046175167437, 4517830.260000001, 11732825.2, 17077795.720000003, 6233265.0, 13119547.0, 8435133.0]
[353.6279069767442, 399.1860465116279, 752.1395348837209, 189.3953488372093, 29.953488372093023, 28.069767441860463, 321.613049312947, 355.97406645869677, 696.3172026692374, 180.56671890980243, 27.083603797950992, 25.64259416788627, 7.0, 8.0, 22.0, 1.0, 0.0, 0.0, 1349.0, 1464.0, 2224.0, 788.0, 91.0, 110.0, 128627.09627844472, 2.585650179022617, 110525.79952043109, 2.7212609100858125, 638816.4782831385, 2.749639602242065, 8360519.240000001, 10469781.899999999, 38433157.47999999, 7963875.0, 16107232.0, 17470874.0]
[271.1162790697674, 300.0, 496.3953488372093, 283.6046511627907, -286.6511627906977, 22.976744186046513, 245.6597733705942, 210.40776737427868, 616.7687356790914, 435.71021057223254, 1974.8373638126557, 23.643672638022068, 6.0, 15.0, 9.0, 6.0, -12935.0, 0.0, 999.0, 811.0, 2417.0, 2563.0, 81.0, 86.0, 26003.250928285986, 2.709073294872346, 29981.842562241363, 2.3399606706722267, 137208.97057936896, 1.6874932879923445, 4897975.2, 4927284.0, 22852361.18, 3858970.0, 7478922.0, 9674427.0]
[211.1860465116279, 308.30232558139534, 554.6511627906976, 154.25581395348837, -280.2093023255814, 21.25581395348837, 268.5206612440655, 244.97167327825602, 651.2584478465312, 165.71477116437086, 1915.429761028896, 23.48159666759909, 1.0, 7.0, 22.0, 4.0, -12548.0, 1.0, 1065.0, 1424.0, 2617.0, 681.0, 76.0, 99.0, 19085.02302641076, 1.852084468756634, 25343.86170397306, 2.7563606418401068, 149509.00424164793, 2.375044393208984, 4253664.06, 5682562.660000001, 26696298.880000003, 3692298.0, 10465649.0, 8551126.0]
[236.02272727272728, 330.3863636363636, 501.25, 392.9318181818182, 18.204545454545453, 25.431818181818183, 254.35184280161025, 305.46550187047467, 643.041397090493, 1055.270876671059, 18.963342293788145, 24.394431052696802, 13.0, 7.0, 5.0, 1.0, 0.0, 0.0, 1009.0, 1381.0, 3046.0, 5474.0, 89.0, 96.0, 112427.27617955321, 2.622023036956663, 155950.45228862355, 2.865508708803215, 788026.6329512947, 2.7677345805210867, 4605018.0, 7757306.4799999995, 25375385.2, 4848786.0, 10875895.0, 9830261.0]
[275.6511627906977, 290.51162790697674, 542.3023255813954, 99.90697674418605, 16.0, 22.325581395348838, 289.1195076451893, 297.6608306439861, 634.3425368380099, 93.44410449274918, 21.324030709842024, 19.40878658437309, 4.0, 0.0, 26.0, 4.0, 0.0, 0.0, 1279.0, 1576.0, 2534.0, 336.0, 86.0, 81.0, 31641.494693449167, 1.966369157574141, 27729.36812681008, 2.510207952120473, 167418.0486403941, 2.3533055932761724, 5829146.22, 6321304.4399999995, 25409858.420000006, 5036470.0, 11491093.0, 10351132.0]
[216.2093023255814, 432.5813953488372, 562.3953488372093, 109.95348837209302, 12.395348837209303, 25.372093023255815, 277.62526629043504, 288.64710968817957, 647.2668964314078, 107.14786256303596, 13.377556782561356, 23.456163019773467, 5.0, 27.0, 1.0, 0.0, 0.0, 0.0, 1490.0, 1559.0, 2440.0, 471.0, 57.0, 114.0, 90910.93315548265, 2.6674091091424215, 73968.95856449552, 2.740438414930441, 452483.6398746187, 2.7160307072470635, 4512661.66, 9929359.619999997, 26828983.979999997, 4744684.0, 13807434.0, 10045327.0]
[231.86046511627907, 315.7674418604651, 587.3023255813954, 130.8139534883721, 12.674418604651162, 21.953488372093023, 312.93903113754016, 311.07684223013376, 624.4968082911965, 169.4189307202083, 14.006326683107579, 25.82537833436244, 8.0, 6.0, 6.0, 7.0, 0.0, 0.0, 1444.0, 1387.0, 2299.0, 889.0, 52.0, 112.0, 143977.6541947349, 2.594537972460234, 157108.82917250547, 2.897111597506723, 455186.50557242206, 2.4013759422677143, 5525279.84, 7182530.800000001, 26841955.360000003, 4197492.0, 10908334.0, 11939797.0]
[302.40909090909093, 398.04545454545456, 683.75, 108.25, 14.409090909090908, 18.545454545454547, 325.4963521520182, 383.83450615909095, 712.1779280227595, 90.97766784498066, 11.998678574177536, 14.451932429657086, 5.0, 6.0, 19.0, 1.0, 0.0, 0.0, 1439.0, 1660.0, 2606.0, 328.0, 44.0, 52.0, 60153.00326131677, 2.0338448086910113, 88006.16444717864, 2.266293218514482, 294145.8673013186, 2.2370432613069284, 7550060.32, 11709730.56, 37294494.15999999, 8969933.0, 19281870.0, 15660886.0]
[272.6744186046512, 393.69767441860466, 529.8139534883721, 350.0232558139535, 19.372093023255815, 25.232558139534884, 255.30483375669738, 381.93196445264095, 613.1242108218387, 419.6735969985707, 22.476467329413406, 20.904359546803043, 0.0, 5.0, 4.0, 24.0, 0.0, 0.0, 961.0, 2152.0, 2160.0, 1967.0, 89.0, 74.0, 84165.75877916443, 2.131710109872486, 219578.82652407634, 2.965880435992378, 452466.8254272312, 2.599905353365, 5103834.26, 11000718.38, 23958667.759999998, 6415587.0, 13398311.0, 10314353.0]
[170.2325581395349, 222.1860465116279, 489.06976744186045, 99.69767441860465, 11.813953488372093, 14.627906976744185, 202.55861435165383, 182.84605231801834, 580.6403031854385, 101.03029599456103, 12.566500846361118, 14.390842418529576, 4.0, 8.0, 5.0, 1.0, 0.0, 0.0, 908.0, 797.0, 2899.0, 435.0, 71.0, 58.0, 74139.50018084588, 2.450651229025156, 32777.398144407925, 2.691142940542587, 545583.4477889312, 2.5416959290560515, 2553651.32, 3033166.6799999997, 21022829.000000004, 1959869.0, 6188955.0, 5913283.0]
[391.4418604651163, 541.2325581395348, 727.7209302325581, 265.4651162790698, 28.906976744186046, 33.2093023255814, 309.2274784751111, 438.26485997186364, 722.8767702919257, 302.2371623834194, 25.48464893065027, 27.412682274846095, 12.0, 4.0, 3.0, 3.0, 1.0, 2.0, 1207.0, 2102.0, 2591.0, 1534.0, 100.0, 126.0, 136324.30640997732, 2.6028859736759036, 329935.58991750516, 2.609171361138153, 534063.5992166061, 2.7030379492384964, 9120177.88, 17770438.859999996, 38458321.080000006, 12977271.0, 22207171.0, 18331735.0]
[304.74418604651163, 471.3720930232558, 520.0, 324.90697674418607, -272.93023255813955, 30.372093023255815, 394.22727871980356, 451.40684970939753, 630.2912780914038, 603.9945921373126, 1882.5479491186663, 27.02205735339536, 1.0, 75.0, 38.0, 2.0, -12330.0, 2.0, 1457.0, 2332.0, 2388.0, 2789.0, 82.0, 106.0, 58531.33961233919, 2.140774424913608, 80492.12713572638, 2.5173682134440183, 170287.3182438143, 1.8094334432241652, 9047891.44, 15576752.579999998, 24348679.48, 8448922.0, 15147031.0, 13777051.0]
[232.51162790697674, 433.5813953488372, 564.9069767441861, 167.37209302325581, 19.069767441860463, 30.930232558139537, 262.38152628903396, 393.17167173532414, 667.9967854910356, 145.68786321575348, 19.256903955325452, 31.848895733893798, 8.0, 17.0, 1.0, 3.0, 0.0, 0.0, 1235.0, 1698.0, 2270.0, 569.0, 70.0, 109.0, 21507.683494694622, 2.5364360936720356, 64639.168353365814, 2.4234680209642794, 188546.1495391558, 1.7674414860679182, 4485847.72, 12535547.479999999, 27918509.38, 6317697.0, 15794170.0, 10495290.0]
[392.5813953488372, 547.2790697674419, 898.3023255813954, 173.06976744186048, 28.674418604651162, 34.116279069767444, 352.0980134482402, 544.8285586870597, 696.1393721595219, 261.1706608029132, 24.31707310300293, 34.12735901654383, 7.0, 18.0, 37.0, 18.0, 0.0, 1.0, 1561.0, 2493.0, 2726.0, 1693.0, 98.0, 128.0, 86389.48294911956, 2.8665625697903563, 166895.8708894297, 2.605952580374661, 526403.8049343083, 2.8214398140028063, 10177268.379999999, 21797836.06, 47345016.70000001, 14344363.0, 28178258.0, 20405630.0]
[325.5348837209302, 448.83720930232556, 596.6976744186046, 315.83720930232556, 20.6046511627907, 41.30232558139535, 368.31891905671256, 346.7312620839262, 663.7453088304752, 951.0257602598053, 24.824277225256075, 39.0405984559181, 5.0, 10.0, 2.0, 3.0, 0.0, 0.0, 1717.0, 1509.0, 2674.0, 5646.0, 114.0, 163.0, 125646.76932347662, 2.471363420810767, 110715.24261678741, 2.7206067983977067, 388625.0253702638, 2.4944303939286185, 8818876.879999999, 11792239.160000002, 29079608.279999994, 9556245.0, 15360813.0, 16246540.0]
[267.3953488372093, 315.6511627906977, 634.3488372093024, 94.86046511627907, 15.093023255813954, 30.930232558139537, 277.1594125730743, 247.9946124338889, 710.6868871772988, 125.07970437843848, 20.855299604529403, 32.63097808673546, 3.0, 17.0, 19.0, 2.0, 0.0, 0.0, 1065.0, 1167.0, 2935.0, 790.0, 89.0, 151.0, 39419.2380851397, 2.1896585923042036, 53127.58708266746, 2.587057495589441, 353499.0758804814, 2.274554670979213, 5418722.4, 5905954.54, 33124034.34, 4599229.0, 11972023.0, 13645302.0]
[241.32558139534885, 384.27906976744185, 474.5581395348837, 98.62790697674419, 17.674418604651162, 24.41860465116279, 224.138214260567, 309.3239422000206, 598.2784549309389, 112.68942217140203, 19.047210682222712, 18.4419714860521, 1.0, 48.0, 8.0, 4.0, 0.0, 1.0, 1104.0, 1659.0, 2414.0, 574.0, 72.0, 74.0, 42677.7391850554, 2.472158257870811, 99080.83890051978, 2.618213672331354, 433654.2731199186, 2.5662618828485124, 3968236.9399999995, 8916860.12, 21256785.12, 6154677.0, 11792335.0, 8301034.0]
[255.8372093023256, 381.69767441860466, 563.8604651162791, 183.30232558139534, 16.651162790697676, 27.558139534883722, 306.52009413138364, 378.6476899304959, 592.7753762877738, 211.23835948584818, 18.964733838578024, 30.69225303649533, 17.0, 12.0, 5.0, 10.0, 0.0, 0.0, 1667.0, 1520.0, 2143.0, 779.0, 87.0, 131.0, 128321.04598461138, 2.7482562071386654, 274314.66227078094, 2.5748063732940385, 400785.9135565462, 2.61779910964856, 5814079.02, 10566402.9, 24449311.520000003, 6540840.0, 14178599.0, 11274617.0]
[255.7906976744186, 412.25581395348837, 504.0, 167.74418604651163, 18.767441860465116, 23.302325581395348, 254.03210878225374, 388.0090262219152, 557.945977927715, 199.752834537759, 20.940774999646624, 24.69098050447623, 0.0, 12.0, 18.0, 0.0, 0.0, 0.0, 1047.0, 1562.0, 2650.0, 846.0, 72.0, 115.0, 95620.26414186152, 2.754385869572105, 194312.68553554616, 2.4389387547322547, 491825.68419445533, 2.8301273263110986, 4750467.14, 11722832.859999998, 20637801.839999996, 6851473.0, 12913690.0, 8365723.0]
[314.54545454545456, 318.15909090909093, 594.9318181818181, -177.0, -141.0, -233.3409090909091, 327.0988368194326, 342.68976702997907, 612.8802150778133, 1803.6542622338736, 1019.6348867734869, 1699.5994732437161, 11.0, 2.0, 5.0, -11854.0, -6750.0, -11250.0, 1041.0, 1653.0, 2299.0, 419.0, 67.0, 107.0, 60763.087566286995, 2.06365526303948, 66231.02179519036, 2.5518278160143346, 221808.54265176406, 2.220224917898192, 7879551.680000002, 8363228.720000001, 27918249.040000003, 6275927.0, 12575190.0, 12165253.0]
[158.54545454545453, 318.8636363636364, 471.84090909090907, 155.9318181818182, 12.931818181818182, 20.25, 152.00159952424224, 331.42810023243146, 497.4690801742224, 276.97085714609983, 12.854096672598153, 20.94413943670606, 5.0, 2.0, 13.0, 1.0, 0.0, 0.0, 590.0, 1307.0, 2373.0, 1604.0, 64.0, 87.0, 34321.04544968645, 2.526430849576659, 148330.10433971861, 2.8401157685306884, 391190.331531473, 2.700780501930142, 1847565.2799999998, 8093337.120000001, 17984854.8, 3031010.0, 9758974.0, 5555501.0]
[239.4418604651163, 318.6744186046512, 512.6046511627907, 298.69767441860466, 18.88372093023256, 21.41860465116279, 287.08479768723896, 374.3039076504439, 551.2254373983429, 322.0699077384495, 17.520340970705725, 25.357663027122996, 4.0, 1.0, 2.0, 1.0, 0.0, 0.0, 1210.0, 2025.0, 2769.0, 1389.0, 59.0, 118.0, 132262.56451968965, 2.651186552909296, 81498.03559721162, 2.469054380726994, 529529.9050687959, 2.7675433791874964, 5097078.96, 8815979.540000001, 20692038.599999998, 4887505.0, 10496993.0, 9728030.0]
[190.13953488372093, 389.4186046511628, 563.3488372093024, 146.6046511627907, 15.488372093023257, 19.511627906976745, 199.34482942586232, 334.2046872486366, 535.9041707032958, 173.67582548761354, 19.8126608066459, 21.608389125988896, 5.0, 0.0, 79.0, 1.0, 0.0, 0.0, 974.0, 1371.0, 2571.0, 790.0, 96.0, 104.0, 20473.865419119385, 2.3634548362925587, 53070.09634711471, 2.3851407816856245, 151305.13050812052, 2.21329039048026, 2772289.12, 9642243.459999999, 22109464.8, 4129641.0, 14722793.0, 6866416.0]
[305.5581395348837, 417.25581395348837, 687.1162790697674, 231.1627906976744, 17.023255813953487, 21.232558139534884, 278.17357567889167, 337.59309777863365, 651.5764110912756, 283.5948594329391, 15.973919774332494, 21.36846498186201, 3.0, 10.0, 27.0, 12.0, 0.0, 0.0, 1428.0, 1307.0, 2687.0, 1389.0, 82.0, 93.0, 89244.14615142257, 2.237050511495136, 107964.80728091253, 2.6811132086417966, 443999.6323294139, 2.5212787824619283, 6247651.46, 10554871.160000002, 32794134.040000003, 7322618.0, 15899187.0, 11217599.0]
[255.41860465116278, 370.7674418604651, 559.0930232558139, 89.88372093023256, 19.906976744186046, 24.209302325581394, 265.5567585782332, 394.70458134378964, 613.9687759221221, 104.46968329942506, 20.767206237913122, 21.511412408007416, 0.0, 3.0, 0.0, 0.0, 0.0, 0.0, 1122.0, 1798.0, 2345.0, 606.0, 68.0, 86.0, 105179.6914991797, 2.719589661195667, 238229.5443091369, 2.826680071332466, 579125.3224994827, 2.71152201168333, 4959722.34, 10710781.420000002, 25175104.22, 6921219.0, 14467162.0, 11591815.0]
[134.58139534883722, -36.23255813953488, 624.6744186046511, 98.76744186046511, 67.4186046511628, 242.1860465116279, 195.86769496611734, 1616.4586783814577, 1987.4056517999043, 108.69569518993804, 341.17117841189196, 1437.74455072311, -448.0, -10334.0, 28.0, 2.0, 0.0, 0.0, 675.0, 934.0, 13073.0, 499.0, 2250.0, 9450.0, 40081.34759703376, 2.4668020227139995, 298683.373570506, 2.9621817535984487, 600611.2051794765, 2.6948801707411127, 2055500.6199999999, 94427891.64000002, 157096364.26, 6228244.0, -131012766.0, -1806638.0]
[171.2325581395349, 248.41860465116278, 424.4651162790698, 84.81395348837209, 12.232558139534884, 16.74418604651163, 206.96777264764842, 285.05130971359387, 451.2954553724945, 65.07697120807661, 12.24713223828401, 16.512755564881196, 0.0, 2.0, 28.0, 0.0, 0.0, 1.0, 979.0, 1110.0, 2532.0, 299.0, 62.0, 68.0, 29086.27798814567, 2.430133015923522, 103563.5099601569, 2.587103530184606, 182519.88351110936, 2.580554100233027, 2631499.3800000004, 5217005.96, 14019183.360000003, 2957519.0, 7243925.0, 4966491.0]
[195.97674418604652, 707.5116279069767, 826.5813953488372, 144.53488372093022, -8.534883720930232, -26.953488372093023, 701.3416560378467, 1818.5096772605152, 692.2381310804947, 277.59402944358203, 210.8825388284299, 347.619041171741, -4050.0, 12.0, 39.0, -1349.0, -1350.0, -2250.0, 980.0, 12159.0, 2489.0, 733.0, 109.0, 78.0, 1169621.442659227, 3.033376580603844, 8275921.917909912, 3.0421852388335493, 551419.2831079216, 2.672253707893356, 19186996.46, 137959203.94, 42574570.9, -42558153.0, 45329803.0, 4308214.0]
[206.62790697674419, 421.74418604651163, 492.8837209302326, 121.34883720930233, 17.46511627906977, 21.27906976744186, 200.20798985719276, 446.1265084844611, 559.7805356226808, 133.26412794234903, 19.39114775601695, 22.822634526564016, 4.0, 26.0, 1.0, 0.0, 0.0, 0.0, 794.0, 1626.0, 2698.0, 568.0, 67.0, 94.0, 39080.478882895884, 2.6485344599433427, 169939.96205341455, 2.5640079753958642, 282046.1772719648, 2.7793567570338644, 3026671.1000000006, 13766486.980000002, 20302068.16, 5867484.0, 14729916.0, 8116258.0]
[256.13953488372096, 445.0, 532.3255813953489, 96.55813953488372, 13.209302325581396, 25.41860465116279, 269.22194609080697, 544.9892528429215, 603.5509100288705, 107.2463346749816, 15.157205012381914, 23.905799812457882, 2.0, 8.0, 1.0, 10.0, 0.0, 0.0, 1082.0, 2301.0, 2343.0, 530.0, 70.0, 126.0, 128875.8184456447, 2.693776278182092, 517373.79189694027, 2.4848327948013873, 654590.9315830749, 2.8336528784580617, 5044157.999999999, 18051084.38, 23636608.08, 9380803.0, 16524822.0, 10358609.0]
[178.90697674418604, 295.27906976744185, 596.046511627907, 176.25581395348837, 17.186046511627907, 22.488372093023255, 189.7317421987822, 232.20191599035152, 671.6050055646147, 295.3818427072108, 15.984003631538103, 20.70469476669627, 1.0, 0.0, 4.0, 2.0, 0.0, 0.0, 816.0, 1019.0, 2658.0, 1706.0, 61.0, 73.0, 24919.842926618683, 2.5566772776933573, 75147.13661739927, 2.6835414720993906, 347450.1166543461, 2.7172203660371275, 2483897.58, 5171784.580000001, 29429982.6, 2926198.0, 9881667.0, 7644434.0]
[174.25581395348837, 319.7674418604651, 436.27906976744185, 112.27906976744185, 11.093023255813954, 17.0, 185.14062776367177, 283.25344844782705, 490.9592809020683, 91.98403732672094, 14.033656743510738, 13.804761083460612, 1.0, 18.0, 1.0, 1.0, 0.0, 2.0, 738.0, 1135.0, 2340.0, 381.0, 57.0, 61.0, 53997.602156163965, 2.8126380485319076, 90972.47662154255, 2.613152808763128, 416442.66788862104, 2.7782109144889633, 2360988.1, 6679248.48, 15745153.48, 3552727.0, 7960946.0, 5516264.0]
[200.0909090909091, 353.95454545454544, 439.5, 85.22727272727273, 26.59090909090909, 21.022727272727273, 221.54728805757466, 326.43920724289535, 396.6085587039308, 98.07255587392847, 29.047930064202493, 21.142362012291194, 2.0, 4.0, 4.0, 0.0, 0.0, 0.0, 917.0, 1318.0, 1497.0, 621.0, 110.0, 103.0, 56767.842704005394, 2.5477991774298303, 92450.88840123678, 2.791016113670902, 105171.60199022856, 2.6293913343653967, 3407516.6399999997, 8883316.64, 13431334.4, 4501903.0, 10275249.0, 5889939.0]
[320.5813953488372, 416.48837209302326, 577.5116279069767, 148.37209302325581, 16.302325581395348, 22.069767441860463, 314.316509615792, 480.76681666316125, 599.4549656262375, 183.87534898556297, 18.615834125206078, 20.66328161467791, 6.0, 5.0, 19.0, 3.0, 0.0, 1.0, 1118.0, 2624.0, 2536.0, 1025.0, 88.0, 95.0, 79012.10953974766, 2.3538413037807624, 270315.40221980674, 2.797771405288554, 234970.11481431517, 2.6225903857169954, 7368995.140000001, 14763304.380000003, 25313144.539999995, 8945488.0, 14992575.0, 13425144.0]
[135.58139534883722, 306.8837209302326, 473.86046511627904, 161.37209302325581, 11.604651162790697, 16.232558139534884, 163.3229684599753, 303.2498741257011, 482.75526587817956, 167.17285369395836, 15.57797519528578, 13.771670731203319, 6.0, 19.0, 12.0, 4.0, 0.0, 0.0, 582.0, 1623.0, 2586.0, 725.0, 78.0, 67.0, 50257.568765887656, 2.6999743203185704, 114052.67258367542, 2.7844553985471205, 355261.40094631177, 2.8471283282309976, 1643257.04, 6804301.08, 16721489.119999997, 1659853.0, 8134833.0, 3942464.0]
[231.95348837209303, 463.4651162790698, 543.7906976744187, 166.2325581395349, 17.488372093023255, 21.232558139534884, 270.3470391823894, 575.8160812867583, 579.909621781891, 218.0353659833436, 20.59053422492418, 25.72180584020226, 1.0, 10.0, 22.0, 10.0, 0.0, 0.0, 1089.0, 3091.0, 2345.0, 890.0, 92.0, 95.0, 30749.43564787532, 1.4936168731598924, 109046.16913244872, 1.8940175743368572, 148356.4686945568, 1.9454444138914888, 4629534.800000001, 19919398.259999998, 23082275.300000004, 7837927.0, 15651835.0, 9066585.0]
[215.13953488372093, 269.25581395348837, 549.4186046511628, 335.3953488372093, 16.837209302325583, 24.348837209302324, 220.4113666366498, 226.06279079507934, 549.1943550744361, 628.9718798898225, 21.003321996382404, 21.84456314719788, 8.0, 5.0, 2.0, 0.0, 0.0, 0.0, 1092.0, 901.0, 2300.0, 2779.0, 77.0, 79.0, 79266.13456715921, 2.803371356677682, 46621.52809069372, 2.813632488184856, 467756.04699915845, 2.4669819630367376, 3466371.9, 4526892.08, 22057126.06, 2937875.0, 8256856.0, 8330387.0]
[210.11627906976744, 294.8139534883721, 584.5348837209302, 151.93023255813952, 14.0, 22.627906976744185, 204.61103741842493, 287.0721873554549, 568.9718107017258, 161.25761633527608, 13.770223223283187, 22.52408579172627, 9.0, 4.0, 0.0, 0.0, 0.0, 1.0, 1070.0, 1448.0, 2446.0, 726.0, 69.0, 102.0, 29666.04602428882, 2.6529131641477264, 66287.26235583823, 2.7563984328595006, 348687.0360282888, 2.5199725776763326, 3144812.74, 6190791.7, 24328453.14, 3048841.0, 9800013.0, 7425114.0]
[218.1627906976744, 348.86046511627904, 507.3255813953488, 202.88372093023256, 22.093023255813954, 21.53488372093023, 209.7258902918122, 310.52180211742734, 615.5524317511653, 190.51786684147243, 24.33086806183255, 18.17160112610216, 16.0, 17.0, 8.0, 7.0, 1.0, 0.0, 1026.0, 1244.0, 2621.0, 832.0, 85.0, 71.0, 30330.331071144625, 2.2340047914515315, 71040.55582781175, 2.7232509910085265, 228386.47975402424, 2.6323526137079396, 3348799.5800000005, 7983427.300000001, 23203925.740000002, 4278441.0, 13336291.0, 7568584.0]
[201.7906976744186, 321.4418604651163, 506.95348837209303, 262.5348837209302, 18.069767441860463, 19.88372093023256, 189.26695157640563, 358.66394287726473, 591.6437535531783, 265.31143863097674, 21.40916064371601, 20.161501860069826, 9.0, 6.0, 5.0, 1.0, 0.0, 0.0, 746.0, 1662.0, 2585.0, 1062.0, 78.0, 88.0, 16284.873112719357, 2.332738868242978, 48658.41005048751, 2.047869813589855, 107967.72535323864, 1.8112632775803752, 2799696.4599999995, 8467424.120000001, 22147457.02, 3804076.0, 13076974.0, 7615079.0]
[140.8139534883721, 333.90697674418607, 487.4651162790698, 240.46511627906978, 15.674418604651162, 15.627906976744185, 120.36991710357533, 382.15895558146804, 481.4391792095471, 271.7458852220309, 16.19335685401734, 16.70902700967918, 3.0, 2.0, 44.0, 4.0, 0.0, 0.0, 552.0, 1565.0, 1831.0, 1146.0, 72.0, 77.0, 6508.566334888019, 2.574065722691802, 150659.9630849081, 2.565573705970063, 209014.59922660724, 2.7891596224726807, 1256600.1800000004, 9398205.56, 17159297.06, 2508027.0, 12004567.0, 3875653.0]
[201.65116279069767, 330.06976744186045, 541.7906976744187, 342.09302325581393, 15.813953488372093, 21.0, 214.83879712150627, 302.6183668731828, 540.1630952177462, 613.4031073389042, 20.376522220617257, 21.760602232562626, 5.0, 3.0, 32.0, 3.0, 0.0, 0.0, 997.0, 1276.0, 2242.0, 2826.0, 69.0, 86.0, 76961.12526514602, 2.4972446664801926, 133420.7982181364, 2.8313235981895977, 506253.65385528427, 2.487281361067132, 3170869.02, 7336617.860000001, 21393959.42, 3440978.0, 11279046.0, 7167731.0]
[106.51162790697674, 420.69767441860466, 402.7674418604651, 248.97674418604652, 27.72093023255814, 317.93023255813955, 539.5990297960242, 784.3762925584864, 773.5648720667718, 751.2517328518829, 69.39408702043552, 1988.0456830449734, -3137.0, 5.0, -3117.0, 6.0, 0.0, 0.0, 752.0, 4956.0, 2459.0, 4967.0, 450.0, 13051.0, 422556.0318514411, 3.063145542036171, 878219.3772248266, 3.010188002621098, 613612.5884462732, 2.9119958380549633, 10936484.12, 28767653.6, 27613257.539999995, -12170280.0, -6631033.0, 16668071.0]
[147.53488372093022, 257.72093023255815, 313.1162790697674, -41.83720930232558, 234.95348837209303, -141.37209302325581, 189.88108419509618, 604.3994392539943, 815.0019342455087, 1618.8904773424672, 1438.8373440201867, 1031.863825070136, -440.0, -3144.0, -4030.0, -10344.0, 0.0, -6750.0, 727.0, 1298.0, 2375.0, 808.0, 9450.0, 55.0, 32985.96600112922, 2.892883870325645, 486545.74874817755, 3.0073199780413593, 915387.0223290026, 2.964198041360257, 2107227.0400000005, 15650802.88, 27617506.799999997, 4288226.0, 22116925.0, 6574857.0]
[211.0, 341.30232558139534, 556.7209302325581, 185.8372093023256, 16.627906976744185, 16.837209302325583, 233.98056492346703, 350.1676152987119, 629.0544804016578, 176.41063166219644, 18.102911178426464, 16.418529358998395, 4.0, 18.0, 17.0, 6.0, 0.0, 0.0, 893.0, 1966.0, 2810.0, 864.0, 71.0, 66.0, 50268.69990792525, 2.6745563283357208, 98598.82900655149, 2.7466608064405866, 460925.1097452639, 2.788342533513821, 3623844.7799999993, 8736638.520000001, 25754542.980000004, 5379163.0, 13267300.0, 9312225.0]
[159.34883720930233, 352.0232558139535, 528.2325581395348, 285.5348837209302, 17.13953488372093, 17.558139534883722, 182.36343667064955, 297.7207455039588, 532.9896736786388, 388.23951547105617, 19.024522264634236, 14.638992818564097, 1.0, 1.0, 11.0, 0.0, 0.0, 0.0, 686.0, 1320.0, 2747.0, 1943.0, 66.0, 70.0, 55091.59724195173, 2.7162648848628113, 111680.42425205707, 2.799391065025125, 476217.2426730444, 2.8196160099374317, 2140220.08, 7784167.019999999, 20579413.0, 3247110.0, 12159316.0, 5919871.0]
[163.90697674418604, 403.3720930232558, 457.95348837209303, 196.62790697674419, 20.72093023255814, 18.674418604651162, 201.70072289615817, 419.61445020602594, 518.9743985560262, 211.4037012848723, 21.437978739783222, 18.82212594924307, 0.0, 13.0, 11.0, 11.0, 0.0, 0.0, 870.0, 2285.0, 2495.0, 869.0, 76.0, 94.0, 41178.12635424124, 2.6441937298032547, 78116.00219334831, 2.5528136288937033, 338986.79503432434, 2.788953649710951, 2462962.5999999996, 12376855.980000004, 17483856.759999998, 4886857.0, 12287634.0, 6273980.0]
[162.11627906976744, 416.04651162790697, 499.51162790697674, 413.9767441860465, 19.441860465116278, 18.27906976744186, 162.15559977443266, 371.93157035032107, 460.34502444171073, 355.372875158855, 20.27348999201314, 14.948045869094075, 4.0, 12.0, 5.0, 8.0, 0.0, 0.0, 733.0, 1516.0, 2416.0, 1534.0, 74.0, 62.0, 13718.886204341985, 2.4478409088114708, 117642.15074510338, 2.6310568745617897, 103814.90015622269, 2.7069627890858174, 1921651.9399999997, 11397633.32, 16881410.42, 3648688.0, 11844207.0, 5444259.0]
[316.9318181818182, 402.90909090909093, 623.3863636363636, 449.1363636363636, 19.363636363636363, 22.568181818181817, 413.1621899970143, 512.6149930290999, 667.4728185706557, 543.6611714520441, 23.189904488597506, 25.26455162298273, 5.0, 2.0, 29.0, 13.0, 0.0, 0.0, 1998.0, 2279.0, 2360.0, 2873.0, 77.0, 87.0, 58154.74296966432, 1.5862837293599565, 148949.68656926518, 2.618457263442567, 222411.29527508776, 1.9868487775094477, 10348661.840000002, 16229012.8, 31905476.240000002, 10370782.0, 19316591.0, 18016401.0]
[159.34883720930233, 347.6279069767442, 463.7674418604651, 227.3953488372093, 14.44186046511628, 16.53488372093023, 145.02608693429215, 327.11939157670696, 415.1435688099389, 213.1312070214567, 13.351123237179415, 12.869951783698674, 0.0, 4.0, 27.0, 5.0, 0.0, 0.0, 613.0, 1228.0, 1621.0, 828.0, 48.0, 61.0, 18305.00059975283, 2.736351915468863, 166896.15374971586, 2.4172884318560905, 212953.32041942916, 2.8029098393460403, 1698694.3600000003, 8333950.399999999, 14178739.16, 2984218.0, 9927094.0, 4367416.0]
[185.11627906976744, 340.93023255813955, 574.6744186046511, 257.74418604651163, 16.41860465116279, 22.46511627906977, 182.2670998317116, 312.8508236744058, 593.6711740529767, 259.81752690459837, 17.968534081951805, 17.81966388065416, 1.0, 30.0, 11.0, 1.0, 0.0, 1.0, 777.0, 1660.0, 2662.0, 1124.0, 86.0, 65.0, 54732.42542375868, 2.7253209540718, 150303.57629768166, 2.6081255582449203, 619619.1914728994, 2.8244213892193586, 2467185.2, 7833580.04, 24943000.54, 3112366.0, 11903296.0, 7896130.0]
[195.86046511627907, 354.5348837209302, 661.6046511627907, 305.30232558139534, 15.325581395348838, 25.13953488372093, 158.8408279941708, 383.1173728417969, 626.0370877319864, 408.8717656047537, 16.039714001476753, 24.92711412952039, 10.0, 13.0, 12.0, 3.0, 0.0, 2.0, 841.0, 1852.0, 2324.0, 2275.0, 75.0, 124.0, 22003.97560138739, 2.697741924771544, 114397.22947424599, 2.698011903598068, 368080.9962166476, 2.57055253877054, 2329924.04, 9949855.139999999, 30343150.379999995, 4188270.0, 15336870.0, 7288491.0]
[210.74418604651163, 399.9767441860465, 564.0, 578.1627906976744, 14.651162790697674, 25.488372093023255, 250.2839428503684, 467.4146975077807, 522.1137898234537, 766.974387423371, 18.388510544475775, 24.782263332033462, 2.0, 10.0, 73.0, 1.0, 0.0, 0.0, 1195.0, 2477.0, 2184.0, 3818.0, 65.0, 80.0, 26034.06634692764, 1.8893354892935255, 95795.58655734887, 2.2714978261046586, 136894.7014586118, 2.1066336599946793, 3905027.8, 13807483.18, 21609603.559999995, 6681756.0, 14768919.0, 8488400.0]
[234.67441860465115, 485.1162790697674, 511.6744186046512, 388.13953488372096, 17.627906976744185, 21.767441860465116, 286.30733744154765, 456.3653616348536, 532.9281967596006, 385.3196929573298, 18.745187643783787, 20.332752383545788, 8.0, 23.0, 1.0, 11.0, 1.0, 0.0, 1497.0, 1889.0, 2170.0, 2067.0, 66.0, 98.0, 93677.84814743247, 2.8353190365465557, 289048.518952166, 2.2528074580021333, 333886.64754464565, 2.7860804381061706, 4997390.340000001, 16225480.679999996, 19940290.24, 8149310.0, 16631610.0, 9765402.0]
[152.72093023255815, 328.48837209302326, 474.3488372093023, 228.7906976744186, 14.232558139534884, 16.86046511627907, 150.44763771609095, 347.2462672220794, 498.7156305723605, 252.39260404788624, 15.193728670710108, 15.110043010478694, 6.0, 11.0, 4.0, 15.0, 0.0, 0.0, 663.0, 1470.0, 2344.0, 1025.0, 52.0, 59.0, 37039.693355123025, 2.7797040344078088, 123735.91082585331, 2.745049294994974, 376750.7786051476, 2.7672986365925745, 1680067.6199999999, 8345661.019999999, 17304420.339999996, 3017935.0, 10816105.0, 5183731.0]
[251.90697674418604, 427.4186046511628, 620.6511627906976, 171.88372093023256, 22.511627906976745, 21.3953488372093, 223.3754914673079, 470.24214798427397, 582.1782121080947, 192.35510431816877, 23.39553487417474, 21.33088475704354, 0.0, 5.0, 2.0, 8.0, 0.0, 0.0, 887.0, 2690.0, 2435.0, 853.0, 88.0, 84.0, 41542.85368918036, 2.610973738312683, 101364.63670791319, 2.536059598910026, 233546.876584704, 2.385652395525846, 4148910.04, 14742884.540000001, 26487191.6, 5040800.0, 15555147.0, 8684798.0]
