[190.52238805970148, 252.37313432835822, 217.26865671641792, 66.02985074626865, 46.417910447761194, 90.35820895522389, 173.3927367505546, 211.71377446354995, 174.845003402542, 42.90368711613495, 34.14370222498173, 48.461700433071556, 5.0, 2.0, 2.0, 1.0, 0.0, 3.0, 975.0, 972.0, 818.0, 181.0, 123.0, 223.0, 40337.413356251745, 3.161584082552407, 56976.4337155083, 3.1513121210165354, 25859.195971068966, 3.1938789025693093, 5917856.74, 9682407.18, 6941804.34, 3357324.0, 4391487.0, 2952883.0]
[226.11764705882354, 297.7647058823529, 173.4313725490196, 87.45098039215686, 57.549019607843135, 90.62745098039215, 143.77686142892725, 160.53667347186362, 127.048849644845, 49.45758333177641, 34.63484587838681, 48.42394481423988, 21.0, 36.0, 2.0, 4.0, 3.0, 2.0, 608.0, 694.0, 530.0, 160.0, 125.0, 169.0, 18547.849091931374, 2.8449886388718117, 40342.719418814195, 2.800999566538735, 18901.827300246583, 2.8472593748492123, 3714001.56, 5926665.120000001, 2387892.4200000004, 3705130.0, 2842651.0, 1979322.0]
[252.34, 244.96, 140.4, 98.18, 60.5, 86.46, 188.5159669521878, 203.14285312437207, 107.42192228663151, 60.610731857704295, 33.25489069448343, 45.55696590925633, 11.0, 0.0, 3.0, 0.0, 2.0, 2.0, 788.0, 881.0, 446.0, 202.0, 131.0, 173.0, 49166.82393967211, 2.8981240016580645, 41349.20954124081, 2.8497855870704702, 15058.938920484563, 2.8551017678683053, 4925149.0, 5022354.0, 1551042.0, 3024164.0, 1818579.0, 1726608.0]
[242.06, 207.1, 164.68, 103.28, 64.16, 80.48, 153.92502945875162, 177.27693658481905, 117.65540136087147, 58.18585282856783, 36.63853218697941, 48.104579950820664, 35.0, 4.0, 0.0, 2.0, 1.0, 2.0, 678.0, 830.0, 615.0, 195.0, 137.0, 212.0, 27453.37519578201, 2.576929731160904, 29895.43349990521, 2.7373286855107395, 15949.318869850853, 2.9428368804424436, 4090605.0, 3684449.0, 2034272.0000000002, 2442226.0, 1775513.0, 1979036.0]
[225.84313725490196, 264.0, 209.45098039215685, 106.6470588235294, 41.23529411764706, 92.82352941176471, 174.5956898149573, 213.33335416666566, 158.6286624447789, 49.837665888125926, 28.921679228768248, 46.237087227615426, 0.0, 11.0, 0.0, 19.0, 0.0, 1.0, 636.0, 1162.0, 625.0, 181.0, 105.0, 185.0, 34437.20574353975, 2.9927251685048484, 24620.409688944957, 2.882598377455297, 25332.591954552492, 2.762383484364311, 4207952.88, 5946653.039999999, 3565418.159999999, 3227401.0, 3228635.0, 2795054.0]
[251.84313725490196, 245.2549019607843, 154.01960784313727, 110.19607843137256, 60.411764705882355, 93.03921568627452, 179.6434660708838, 175.07048216501317, 133.41161721470564, 59.36161035815762, 32.89205160557075, 51.76213318027522, 16.0, 3.0, 5.0, 0.0, 0.0, 11.0, 929.0, 858.0, 752.0, 191.0, 127.0, 186.0, 21650.287415739524, 2.850922414438646, 21714.944174294757, 2.8464694090670006, 10169.9511212179, 2.785447814283964, 4945227.239999999, 4692134.639999999, 2141752.14, 3497581.0, 2339689.0, 2267023.0]
[314.84313725490193, 224.15686274509804, 191.8235294117647, 120.58823529411765, 67.54901960784314, 82.66666666666667, 201.61581014880946, 172.73290046184252, 155.00834892125687, 56.002562966560106, 41.38517305774627, 43.35373878533046, 10.0, 4.0, 1.0, 4.0, 10.0, 0.0, 901.0, 715.0, 824.0, 197.0, 197.0, 218.0, 36552.85668628111, 2.7748223568317707, 27281.67243600952, 2.8093968380924745, 22852.77401666443, 2.886664366474044, 7229640.660000001, 4135481.88, 3139548.7800000003, 4330924.0, 2281518.0, 3212681.0]
[265.02, 196.54, 167.36, 111.82, 48.8, 84.02, 186.76280821034, 160.85678888568006, 117.20777991869562, 55.59609808654722, 26.53761289112462, 47.904875982066194, 11.0, 10.0, 1.0, 3.0, 5.0, 0.0, 726.0, 718.0, 377.0, 205.0, 108.0, 248.0, 44885.62977155517, 2.8720720048824773, 40814.10079453575, 2.800806342293691, 14301.883981572719, 2.9410523854565, 5220917.000000001, 3199269.000000001, 2073614.0, 2715732.0, 1730462.0, 2041627.0]
[232.12, 211.68, 179.88, 105.0, 45.36, 77.04, 181.12242336303353, 140.8670584745252, 121.87324294913455, 66.77375752402699, 31.897002610123167, 43.40222885276464, 5.0, 0.0, 3.0, 2.0, 0.0, 10.0, 717.0, 556.0, 555.0, 217.0, 116.0, 163.0, 43583.272641133386, 2.875302327967016, 22879.213599108527, 2.9874380925072805, 17209.48260184319, 2.855262572464685, 4301445.999999999, 3212754.0, 2345642.0, 2418078.0, 2098961.0, 1963640.0]
[584.04, 102.0, 184.5, -75.74, 48.4, -365.68, 1507.990201343145, 2141.7333815279203, 2355.73857087023, 2073.329106553427, 2086.2759322069846, 2608.030701584658, 3.0, -10350.0, -8547.0, -11245.0, -9450.0, -12147.0, 7666.0, 5857.0, 12152.0, 6751.0, 8551.0, 6752.0, 1916100.725829157, 2.9064875292392904, 3761059.8657843517, 3.0024973897809066, 5375395.805645497, 3.0171978681006673, 128482824.0, 225284272.0, 273627719.0, 72259177.0, 122612780.0, 3195506.0]
[252.92, 167.56, 139.1, 138.94, 44.92, 97.56, 171.14701163571843, 139.130559738187, 103.21351952261341, 65.98435497934959, 33.43885067842311, 37.36317077835131, 6.0, 0.0, 0.0, 2.0, 0.0, 2.0, 664.0, 809.0, 370.0, 253.0, 128.0, 152.0, 30662.07678674716, 2.842478382921738, 35658.48515946479, 2.9962371160248185, 11900.234488050593, 2.9255694937115897, 4633700.0, 2352326.0, 1489439.0000000002, 1956679.0, 1203447.0, 1815626.0]
[277.38, 195.1, 132.58, 135.08, 40.22, 98.6, 207.76919003194533, 131.69061609449224, 109.69532760313533, 62.74367680963427, 24.977777878648492, 39.07397484520972, 4.0, 6.0, 3.0, 1.0, 0.0, 30.0, 895.0, 590.0, 499.0, 230.0, 93.0, 169.0, 50027.21210674496, 2.790054892185724, 24453.82948063536, 2.7611569589155147, 15071.899505184854, 2.7910501902647176, 5962217.0, 2752978.9999999995, 1468493.0000000002, 2616890.0, 1306228.0, 1862403.0]
[282.12, 199.1, 191.96, 136.92, 44.46, 92.58, 202.73594367339714, 182.13027967779055, 146.12769925580818, 75.10722675085321, 27.21434945624331, 48.38286507280301, 3.0, 6.0, 8.0, 3.0, 5.0, 1.0, 761.0, 862.0, 479.0, 278.0, 100.0, 202.0, 49143.24506153222, 2.6263465387145257, 49470.16991000557, 2.9992910039336507, 22626.086975594175, 2.685837248596083, 5993576.0, 3607441.0, 2888744.0, 3104302.0, 1955853.0, 2885324.0]
[278.82, 144.62, 161.14, 132.08, 54.88, 77.0, 201.6572855523116, 126.17349409541171, 138.88536015471942, 82.55828862330034, 31.55988153414046, 39.01752615093345, 3.0, 3.0, 10.0, 1.0, 3.0, 8.0, 766.0, 678.0, 480.0, 289.0, 116.0, 143.0, 43652.96360442921, 3.0025671234329465, 17102.55790976523, 2.9084403535546666, 19415.40941406076, 2.8101010651484453, 5879647.000000001, 1825814.9999999998, 2243473.0, 2121553.0, 1171690.0, 2036793.0]
[291.98, 161.48, 166.1, 126.66, 52.24, 77.7, 244.0712082443924, 115.02940883947541, 105.68962067472542, 88.11764168150556, 33.48442220812903, 47.488451872265635, 22.0, 9.0, 2.0, 0.0, 0.0, 6.0, 1151.0, 432.0, 409.0, 303.0, 137.0, 201.0, 64045.175460143415, 2.777857742896645, 13326.224531843427, 2.8055149061717732, 9531.766978598262, 2.771199161887934, 7181583.0, 1952146.0, 1926805.0, 2290885.0, 1291972.0, 2649158.0]
[244.96, 184.1, 178.7, 119.72, 49.14, 73.6, 195.85291857484717, 132.93841600146885, 159.75354104855086, 71.34882405392223, 33.200079911386496, 34.823168454701104, 13.0, 5.0, 5.0, 2.0, 2.0, 3.0, 729.0, 630.0, 868.0, 277.0, 129.0, 156.0, 35193.738363543256, 3.0694103464315607, 12651.393689738567, 2.751340667983658, 15777.882442055265, 2.7788530232716453, 4879830.0, 2560598.9999999995, 2847223.0, 2298730.0, 1523477.0, 1848489.0]
[315.84, 174.64, 162.5, 157.78, 54.22, 88.4, 201.38959703996224, 132.5361344644377, 112.78175601486225, 76.15700485021128, 35.9496757102685, 47.057498480744876, 5.0, 1.0, 3.0, 0.0, 2.0, 5.0, 800.0, 443.0, 594.0, 305.0, 140.0, 190.0, 27727.794283918072, 2.9181976075197515, 16207.625104815816, 2.6727912578950046, 10428.76472189861, 2.8987337868163228, 6975076.0, 2385681.9999999995, 1943579.0000000002, 2440177.0, 1397821.0, 2490994.0]
[237.56, 204.96, 200.96, 144.9, 53.32, 79.34, 174.0362570716522, 153.98899510109447, 153.80426999725253, 84.14425174687108, 29.39695944293892, 40.62301046933667, 1.0, 1.0, 2.0, 2.0, 3.0, 0.0, 604.0, 678.0, 633.0, 285.0, 110.0, 169.0, 25014.255188328243, 2.492002048302144, 19998.155960674852, 2.9205225995769455, 23344.91252181986, 2.7703542019057594, 4305880.0, 3262348.0, 3178378.0, 1870326.0, 2624445.0, 2229035.0]
[271.7, 188.12, 178.04, 141.54, 44.46, 72.46, 175.25541128214405, 152.55158244384896, 132.38656445795243, 90.34089859628182, 27.796057568053254, 36.956792201108556, 4.0, 3.0, 4.0, 2.0, 0.0, 5.0, 681.0, 713.0, 609.0, 299.0, 100.0, 184.0, 29091.68151628057, 2.864333743795556, 17237.360076184978, 2.952252135631988, 11002.385786957424, 2.786218641703846, 5196053.0, 2909784.0, 2443696.0000000005, 2928729.0, 1583313.0, 2383724.0]
[272.3921568627451, 178.27450980392157, 163.19607843137254, 151.86274509803923, 43.1764705882353, 82.11764705882354, 205.17788169599302, 110.36015194468925, 130.7744653375181, 101.61437292191358, 34.58826730690795, 42.118711784110175, 0.0, 2.0, 7.0, 4.0, 2.0, 8.0, 962.0, 413.0, 649.0, 335.0, 135.0, 182.0, 48596.1347326891, 3.008507490102137, 13260.362198635821, 2.568300836888607, 22856.634007475568, 2.7956930921393637, 6006749.399999999, 2274436.7999999993, 2257646.5799999996, 2189001.0, 1660544.0, 1990933.0]
[252.74, 178.56, 165.5, 112.88, 39.96, 78.3, 244.9861978619554, 158.60953982169224, 127.42172467192299, 72.76650945290136, 22.17275401045534, 50.140720345191426, 5.0, 4.0, 2.0, 10.0, 1.0, 0.0, 1420.0, 831.0, 540.0, 318.0, 82.0, 265.0, 101370.23062278012, 2.9696011821546997, 44654.21013489685, 3.0082897891104428, 20344.69260001636, 3.0119509131792634, 6134769.000000001, 2826876.0000000005, 2165091.0, 1740796.0, 1369847.0, 2317736.0]
[263.16, 179.22, 186.46, 118.7, 47.2, 72.2, 151.3643206010598, 164.17515410222643, 140.7951486293154, 73.61489700613924, 28.65701466998819, 33.83513449848563, 4.0, 1.0, 19.0, 1.0, 1.0, 2.0, 633.0, 722.0, 692.0, 234.0, 114.0, 126.0, 18148.861000206492, 2.782619587358268, 30480.934307272415, 2.8920624899265057, 28954.54375453942, 2.8188596277015607, 4585306.0, 2926710.9999999995, 2709706.9999999995, 2467165.0, 2223067.0, 2396677.0]
