[270.9125, 315.275, 326.05, 53.575, 44.475, 96.6625, 190.31015283518613, 253.74386442666395, 270.95311846344066, 36.15150083548714, 28.10287385637529, 70.27503720689431, 1.0, 2.0, 6.0, 0.0, 0.0, 6.0, 823.0, 1201.0, 1302.0, 142.0, 96.0, 244.0, 39747.11996725751, 2.883113579220652, 74051.45041722273, 2.8993043589033847, 61877.135726630084, 3.077863171443398, 13972328.0, 20861369.599999994, 22887232.0, 7461678.0, 8623480.0, 8335126.0]
[308.6, 307.12, 323.16, 53.34, 38.1, 75.56, 237.17960128414524, 239.0492767918236, 224.08811677916492, 32.3037939264232, 27.876733038467027, 74.61059726667382, 5.0, 19.0, 5.0, 1.0, 0.0, 0.0, 1019.0, 1357.0, 1091.0, 125.0, 111.0, 237.0, 65702.85708971729, 2.723866973490194, 92060.81863377467, 2.882145045286255, 80587.0104665354, 2.7633678146626974, 7518152.0, 7516218.000000001, 7682178.000000001, 6347286.0, 5250137.0, 5661824.0]
[296.3, 259.24, 343.3, 54.9, 34.66, 79.0, 210.21332702077396, 187.82814116166114, 225.71783451098082, 32.89020076135822, 24.631662053345163, 67.51205485704318, 14.0, 17.0, 5.0, 1.0, 2.0, 0.0, 831.0, 847.0, 1001.0, 135.0, 85.0, 216.0, 56814.02507493112, 2.516831838037972, 38506.23365974271, 2.950935748516566, 70799.84124984169, 2.5828102710535004, 6554977.0, 5088960.0, 8389223.0, 4822691.0, 5106978.0, 6023778.0]
[356.76, 252.32, 359.58, 60.86, 41.6, 94.38, 259.76705105984195, 203.0261308204399, 257.7173020095897, 35.233338803827635, 27.308517023830067, 71.84589233141975, 1.0, 11.0, 9.0, 4.0, 1.0, 0.0, 1155.0, 792.0, 1069.0, 127.0, 109.0, 222.0, 47779.953492214, 2.3887803474218297, 31503.359807446326, 2.8314642046168164, 44793.08203718428, 2.5825884311251155, 9670351.999999998, 5203030.000000001, 9719381.0, 6044610.0, 5358437.0, 7911661.0]
[316.38, 237.32, 334.2, 59.92, 37.8, 80.88, 213.67731632113896, 155.18934320660668, 273.7873448574306, 31.57294114023744, 28.728141646284392, 69.84608150813341, 45.0, 7.0, 0.0, 7.0, 0.0, 5.0, 989.0, 661.0, 1030.0, 118.0, 116.0, 224.0, 61130.93494756684, 2.5984971907888585, 26344.122119543685, 2.4429300778699905, 113405.89976763705, 2.7263092196921477, 7242057.000000001, 3996142.0000000005, 9257498.000000002, 4158018.0, 4176302.0, 5822265.0]
[277.68, 198.24, 315.46, 62.48, 38.6, 85.82, 236.29991665729574, 176.54016829154818, 216.6282633679085, 31.95994942653913, 27.731217213877674, 68.99354894421917, 9.0, 3.0, 24.0, 1.0, 0.0, 0.0, 1050.0, 810.0, 784.0, 127.0, 114.0, 233.0, 50983.98490888343, 2.265265253753569, 29217.000633451607, 2.359761230861197, 51289.7861389709, 2.6450770260793766, 6591354.0, 3492110.0, 7275212.999999999, 3752569.0, 3662436.0, 4745168.0]
[366.74, 200.88, 357.98, 57.16, 38.0, 98.16, 255.45116630649179, 144.61259154255228, 255.5278242767152, 38.59806487694556, 28.527108482412775, 65.77058457941793, 41.0, 5.0, 39.0, 1.0, 0.0, 0.0, 983.0, 537.0, 866.0, 158.0, 108.0, 217.0, 54258.87378053297, 2.3446185201963745, 16998.928025628044, 2.7236323955963955, 46846.051712146225, 2.973798074947953, 9922421.000000002, 3042365.9999999995, 9606913.0, 4204076.0, 4187703.0, 8005840.0]
[393.7, 450.1, 467.1, 486.38, 516.26, -398.48, 1335.216733152261, 1569.236578332123, 1469.2648203250826, 1848.8795270958803, 2192.7437551885464, 2404.1329400574728, -3142.0, -2250.0, -4031.0, -449.0, -449.0, -13050.0, 8566.0, 10355.0, 7655.0, 9452.0, 13050.0, 4051.0, 1073969.075098035, 3.0704701205673177, 1436676.2439148128, 3.1677299215204826, 1347460.5871422593, 2.847055669499461, 95107367.00000001, 130792168.99999999, 116687337.0, 84171428.0, 32672492.0, 58390642.0]
[380.96, 168.52, 298.42, 69.6, 45.8, 60.94, 268.2018703613122, 180.73311477288883, 289.74155197136554, 40.30394724174428, 33.9393216051884, 57.157644515240584, 3.0, 3.0, 1.0, 2.0, 1.0, 3.0, 998.0, 958.0, 1402.0, 159.0, 119.0, 202.0, 104733.797867958, 2.7829588510140497, 65550.4152477859, 3.093129595403557, 158282.4718624766, 2.8115101148535326, 10781206.000000002, 3020508.0, 8566283.0, 2886764.0, 2559335.0, 5959261.0]
[384.3333333333333, 176.07843137254903, 374.5098039215686, 66.88235294117646, 51.21568627450981, 81.80392156862744, 293.4073391492903, 123.7718616063045, 283.9018402581441, 44.957156075011476, 38.594462673026136, 56.13626977555354, 10.0, 3.0, 15.0, 1.0, 1.0, 3.0, 1296.0, 513.0, 1260.0, 172.0, 145.0, 181.0, 68064.46812950811, 2.7542268336806535, 15322.967421085656, 2.861503013967117, 72303.09913109617, 2.816384281540022, 12074465.219999999, 2394101.16, 11406813.000000002, 3703835.0, 3189340.0, 8439167.0]
[276.2, 179.16, 322.64, 51.88, 37.64, 75.4, 235.1110896784665, 118.57321169055112, 288.3958277600211, 33.5630019819565, 30.473648703529456, 53.334906439385065, 4.0, 15.0, 17.0, 0.0, 2.0, 1.0, 1088.0, 450.0, 1366.0, 128.0, 111.0, 185.0, 53063.26400859913, 2.5526202152260833, 9571.153889179182, 2.912971070066697, 50365.11569031977, 3.0140812018692604, 6522905.999999999, 2293836.0, 9280263.999999998, 2775852.0, 3328625.0, 4676554.0]
[267.3529411764706, 130.0392156862745, 256.8235294117647, 58.450980392156865, 35.3921568627451, 72.01960784313725, 210.09843631302084, 91.93431585307277, 167.98686923475333, 37.576755434970806, 33.052127575315055, 59.33143861262035, 1.0, 2.0, 11.0, 4.0, 1.0, 1.0, 812.0, 343.0, 629.0, 139.0, 152.0, 198.0, 52716.30612452386, 2.651660597706548, 6827.942743972001, 2.5533468612288583, 31612.498806391108, 2.570198719233917, 5969473.5, 1310716.3199999996, 4870351.08, 1446751.0, 1782267.0, 3418190.0]
[113.32, 145.46, 246.34, 63.54, 31.44, 68.94, 1568.1960055543868, 138.07498849892977, 220.07434829054975, 71.85592444295057, 26.688803736734982, 66.74239542403895, -10637.0, 2.0, 2.0, 14.0, 0.0, 0.0, 949.0, 583.0, 849.0, 482.0, 103.0, 218.0, 6282637.378276862, 3.1997034422930604, 31715.99705924897, 2.801369242545841, 69821.45750828586, 2.726331785990507, 121144767.99999997, 1992101.0, 5407372.999999999, -3189543.0, 2000787.0, 3950090.0]
[354.74, 134.5, 318.82, 59.3, 31.9, 74.86, 251.17566907384537, 101.2538233090182, 192.5954510239067, 37.663521029326645, 25.162532885711045, 60.842389224377214, 2.0, 3.0, 5.0, 1.0, 0.0, 2.0, 989.0, 370.0, 889.0, 142.0, 93.0, 187.0, 53987.28809197352, 2.4360199453493494, 14507.635822015342, 2.676616565900222, 30514.958296458663, 2.725736984154856, 9383395.0, 1406876.9999999998, 6899867.000000001, 2464975.0, 2264017.0, 5664184.0]
[341.84, 170.2, 297.72, 58.34, 39.7, 75.28, 277.1973701910181, 124.96758763448895, 179.58035436391526, 38.689032354012106, 32.12364505202626, 60.92284850027742, 2.0, 20.0, 19.0, 0.0, 0.0, 0.0, 1433.0, 568.0, 718.0, 145.0, 129.0, 210.0, 55577.844860717225, 2.494123418497599, 10677.939904283572, 2.6372578545401666, 27389.402451476304, 2.553044620232866, 9607810.0, 2213630.0, 6012065.999999999, 3547205.0, 2799532.0, 5789648.0]
[329.9, 191.8, 277.86, 52.78, 31.38, 81.92, 235.97848829665705, 138.31847309741383, 193.2635939195323, 30.08646722704548, 26.985929818393608, 57.30043986012031, 6.0, 7.0, 3.0, 0.0, 0.0, 0.0, 975.0, 504.0, 755.0, 120.0, 94.0, 195.0, 42161.54013440426, 2.665101708040029, 11255.65261712193, 2.60095892365539, 31303.24879819421, 2.815282023588443, 8170307.0, 2776830.0, 5690499.0, 3269637.0, 2814916.0, 5001393.0]
[204.42, 165.84, 303.12, 52.04, 23.34, 63.64, 172.55239843039456, 111.97965558665611, 226.12987418737933, 38.179468785391634, 18.767764373836236, 52.50141300333677, 1.0, 5.0, 3.0, 0.0, 1.0, 4.0, 764.0, 495.0, 836.0, 155.0, 97.0, 194.0, 18748.76495017651, 2.570009450014417, 9381.041961381561, 2.851675634001384, 49803.166118840796, 2.650207117009593, 3548319.0000000005, 1989578.0, 7099688.0, 1949605.0, 2859019.0, 3113910.0]
[336.48, 178.4, 292.84, 56.68, 37.32, 82.84, 255.2354847059108, 117.09633222440472, 233.85599615741205, 42.57499505674232, 33.41113098159636, 71.5340250139322, 10.0, 18.0, 2.0, 0.0, 0.0, 0.0, 1133.0, 416.0, 915.0, 199.0, 123.0, 226.0, 61549.45558127828, 2.734159773063033, 12134.992045455707, 2.565216353561894, 47398.54909331488, 2.841479370677891, 8853052.0, 2263194.0, 6967506.000000001, 3348140.0, 2910064.0, 5677203.0]
[303.4, 191.54, 260.94, 52.7, 31.3, 66.84, 236.22654294519216, 116.6356983193781, 210.7615356225115, 31.728600373049122, 23.661947407219905, 64.01605665927949, 15.0, 5.0, 9.0, 1.0, 0.0, 0.0, 975.0, 476.0, 1011.0, 129.0, 77.0, 217.0, 49590.807120760466, 2.8883788170236437, 16192.339772924872, 2.878041343767844, 63202.346430240694, 2.607159409613019, 7336924.0, 2500969.0, 5581085.0, 2860174.0, 2434258.0, 4288501.0]
[275.22, 171.94, 259.12, 57.04, 30.24, 57.1, 218.2435720352237, 119.94291329203068, 202.63142774555993, 34.773294937585746, 24.36253396558925, 55.186603668732836, 15.0, 5.0, 1.0, 2.0, 0.0, 0.0, 852.0, 490.0, 768.0, 148.0, 83.0, 157.0, 52474.5345111879, 2.2379495757231225, 14438.929717429, 2.9021527806342435, 39560.22756405011, 2.8501433731174295, 6121184.999999999, 2183097.0, 5369074.000000001, 2685966.0, 2175266.0, 4183643.0]
[250.34, 154.48, 234.66, 49.3, 25.26, 71.06, 128.62579961473753, 115.07251307460926, 176.04772196243627, 34.76994362365053, 24.445532958654287, 59.02798022107475, 50.0, 0.0, 17.0, 0.0, 0.0, 5.0, 548.0, 475.0, 776.0, 136.0, 108.0, 190.0, 15223.524272720697, 2.5899736647859686, 10680.815295175493, 2.6923276767370155, 32595.81373268585, 2.757815057368908, 3944190.9999999995, 1842046.0, 4271912.999999999, 2145224.0, 1861069.0, 2932844.0]
[250.56, 317.72, 444.06, -204.38, 297.92, -52.9, 296.48410219966746, 812.5751968970286, 935.0086414530277, 1853.9821993509552, 1840.4070627811375, 1098.0088890387744, -1345.0, 4.0, 0.0, -13050.0, 1.0, -7650.0, 808.0, 5852.0, 6751.0, 142.0, 13050.0, 194.0, 170697.48337042716, 3.0876605462463, 1673175.1641767211, 3.2107294893181146, 2182459.7489642277, 3.1987432385101244, 7446254.0, 37400944.0, 52697281.0, -4721038.0, 42304277.0, -5212656.0]
