[201.18, 223.68, 324.62, 44.96, 36.24, 69.82, 170.44416046534036, 158.2437334736307, 262.21169901825664, 32.16917018208709, 29.591476985849855, 55.699884585671654, 7.0, 11.0, 45.0, 0.0, 1.0, 3.0, 642.0, 638.0, 1282.0, 137.0, 123.0, 230.0, 21890.72066739759, 2.6627514955047626, 23928.98555832912, 2.87887735052089, 46510.086692985555, 2.7705473117244805, 3447179.0, 3728650.0, 8637900.999999998, 2570831.0, 3708757.0, 3936920.0]
[287.1, 269.04, 306.4, 60.34, 39.1, 78.74, 207.6026670034342, 171.68076211862717, 230.69593027380859, 30.891918235112854, 24.984280772403388, 70.35386069211634, 11.0, 6.0, 16.0, 2.0, 0.0, 0.0, 767.0, 714.0, 907.0, 112.0, 93.0, 195.0, 36227.33126498, 2.5784968507072867, 31910.502433622863, 2.4559991660891183, 41137.736249154055, 2.3543686909166395, 6233164.999999998, 5063366.0, 7301857.999999999, 4785236.0, 3890389.0, 4047926.0]
[268.28, 272.12, 267.54, 52.28, 33.5, 67.96, 216.04894003395597, 181.20567184888029, 215.82912837024855, 35.181186994860575, 29.404463079260466, 69.13635152393287, 7.0, 22.0, 1.0, 4.0, 1.0, 0.0, 806.0, 1023.0, 818.0, 132.0, 117.0, 223.0, 62019.425590808656, 2.536647098751625, 22858.898033123856, 2.8661289021595757, 39578.6549843343, 2.901513887309693, 5885888.000000001, 5311404.0, 5861411.000000001, 4449440.0, 4282570.0, 4036738.0]
[241.28, 210.58, 257.98, 52.08, 32.28, 67.32, 206.8787518310754, 175.76376655230467, 201.9010153515826, 32.659554966536895, 27.112042658989328, 62.30256652753855, 10.0, 13.0, 9.0, 0.0, 0.0, 1.0, 950.0, 806.0, 766.0, 140.0, 108.0, 210.0, 37453.272152346966, 2.6239026713713405, 30952.337004577475, 2.832824449887315, 48049.03955391758, 2.9235383485154616, 5007944.0, 3730949.0, 5325121.0, 3311374.0, 2868154.0, 3173921.0]
[270.08, 218.98, 256.56, 65.24, 31.36, 81.14, 172.1475209800938, 193.85240440571675, 163.07568794887854, 38.48061266430679, 27.91880355310261, 58.28466735754431, 5.0, 2.0, 25.0, 3.0, 0.0, 1.0, 644.0, 1124.0, 655.0, 154.0, 109.0, 180.0, 26398.36718794149, 2.4057821223861557, 14192.017097397647, 2.589361067489485, 26289.995936152176, 2.5799634728850545, 5099264.000000001, 4238971.000000001, 4594242.0, 3835947.0, 2632477.0, 3417355.0]
[300.38, 224.0, 278.68, 58.66, 32.46, 77.54, 246.09861056586436, 166.27123157353347, 202.84551676946026, 35.22094112708448, 28.707682254200936, 66.03685118390878, 0.0, 8.0, 19.0, 1.0, 2.0, 3.0, 870.0, 658.0, 817.0, 134.0, 98.0, 201.0, 47165.20281019676, 2.342488626064387, 25341.485933500633, 2.7545028585614264, 37207.821757320766, 2.6289714383369347, 7479068.999999999, 3863460.0, 5899296.0, 4335993.0, 3004644.0, 4283706.0]
[275.92, 170.86, 206.06, 47.94, 24.88, 61.56, 191.96692317125036, 121.78217590167675, 167.2817993930101, 31.85772581145037, 21.039942577713216, 54.68655022498863, 8.0, 10.0, 7.0, 0.0, 0.0, 2.0, 839.0, 458.0, 753.0, 119.0, 88.0, 192.0, 36397.27992269487, 2.8525980939477766, 18709.447570324162, 2.8837390835245507, 31731.957955372032, 2.74869768340344, 5612305.999999999, 2186371.0000000005, 3494212.9999999995, 2699093.0, 1974660.0, 3074388.0]
[261.94, 209.52, 276.1, 51.34, 27.72, 67.42, 222.25159580244792, 140.06445163654087, 194.54019573111884, 31.129492545212635, 22.792802301048766, 53.34871419371276, 11.0, 6.0, 1.0, 4.0, 0.0, 6.0, 911.0, 601.0, 840.0, 111.0, 85.0, 182.0, 53422.85698837604, 2.5228091616855703, 18910.33423756278, 2.6707879918990276, 45175.01052193032, 2.691898127228406, 5851021.0, 3156216.0000000005, 5666009.0, 3369504.0, 2595314.0, 3389016.0]
[384.64, 270.48, 327.56, 61.44, 32.52, 94.6, 267.11640510749436, 229.04497731374306, 223.23193393090204, 40.763208701885446, 33.24199458639076, 73.74611715825021, 42.0, 2.0, 10.0, 1.0, 0.0, 2.0, 1152.0, 859.0, 1006.0, 148.0, 143.0, 230.0, 39900.288395623, 2.469828117564035, 31515.731513581915, 2.6958910084322913, 34086.636615568, 2.7571001917170626, 10893604.0, 6228590.0, 7806570.000000001, 6937474.0, 4896348.0, 6775564.0]
[338.26, 209.1, 284.3, 63.44, 42.18, 90.02, 197.34904435066935, 124.19195971214424, 168.59675959797914, 35.501744711366236, 25.94081961791068, 74.24572824927577, 7.0, 16.0, 2.0, 6.0, 3.0, 0.0, 787.0, 562.0, 659.0, 139.0, 100.0, 209.0, 42070.48334279138, 2.712764145822263, 18244.450647600926, 2.878166807788065, 25887.22662583567, 2.9120033739651165, 7629376.999999999, 2941899.0000000005, 5434143.000000001, 3613450.0, 3417135.0, 5351905.0]
[313.2, 172.06, 253.88, 52.44, 29.0, 66.68, 268.65758496492083, 114.21272848040525, 168.99675639925573, 35.39004818030178, 23.264231983796893, 57.09692439624225, 6.0, 1.0, 9.0, 0.0, 0.0, 2.0, 1160.0, 442.0, 635.0, 133.0, 102.0, 190.0, 116866.78083459966, 2.3200519195397837, 18556.479746843823, 2.8277165483514377, 35152.21146216428, 2.8313019559425157, 8441380.0, 2119415.0, 4622188.000000001, 3147121.0, 2348179.0, 4128977.0]
[139.6078431372549, 214.68627450980392, 123.17647058823529, -424.2352941176471, -428.05882352941177, -207.66666666666666, 1029.0865090638663, 2970.574392202263, 3331.87131627788, 2481.2193420835274, 2447.503024813368, 1008.9296242388102, -4042.0, -12150.0, -11236.0, -11248.0, -11250.0, -4945.0, 4073.0, 13064.0, 13056.0, 6751.0, 5852.0, 456.0, 1482039.3623742263, 3.040950626848369, 11143994.990247859, 2.9533060288289112, 13842468.041616209, 2.990902674810442, 55023859.2, 452437535.2200001, 566958960.3600001, 51740059.0, 162275372.0, 146350930.0]
[460.82, 130.18, 244.14, 65.82, 39.14, 87.36, 335.51171335129027, 119.83061003783973, 199.69670983360578, 46.3622339269138, 31.183466315157645, 68.66890690487365, 24.0, 2.0, 10.0, 1.0, 1.0, 1.0, 1399.0, 482.0, 740.0, 164.0, 104.0, 201.0, 91307.7369155316, 2.80391686351582, 10720.31416945279, 2.668522287891359, 30527.46196884119, 2.777905882663139, 16133590.999999996, 1550951.0, 4934276.999999999, 3230301.0, 2053585.0, 6319994.0]
[328.5, 145.62, 259.12, 55.42, 28.64, 79.12, 235.99206576078106, 111.6095398599739, 188.73344122527595, 38.928553079943256, 22.26992114389052, 72.94438474143244, 0.0, 11.0, 6.0, 1.0, 1.0, 2.0, 859.0, 403.0, 712.0, 147.0, 126.0, 214.0, 52662.703146807704, 2.896778678057779, 16176.394346593348, 2.7851802293750545, 43776.62724402732, 2.8252269148642855, 8124533.0, 1670637.0, 5102554.0, 2645831.0, 2035465.0, 4520080.0]
[382.2, -734.66, -73.54, -1213.76, -552.26, 19.58, 1150.4955986221676, 3183.0107465500428, 3638.075103341191, 3120.751751140244, 2367.943409848491, 2447.6361865343983, -2249.0, -13044.0, -12143.0, -12149.0, -10350.0, -9450.0, 6770.0, 6757.0, 11254.0, 159.0, 6750.0, 12150.0, 193865.36137183313, 2.9097767719192773, 2620786.288265261, 2.775739583097204, 3183135.952682758, 2.9385969525510895, 72162208.0, 523432578.99999994, 648814339.0, -45793632.0, 88178132.0, 19799565.0]
[252.8, 122.6, 246.44, 47.94, 22.44, 53.98, 189.3404233605897, 93.16279365953439, 150.21632836054292, 43.831034574108955, 19.34768878250035, 53.75700808608443, 25.0, 5.0, 17.0, 0.0, 0.0, 1.0, 834.0, 331.0, 701.0, 198.0, 74.0, 188.0, 30239.097605051677, 2.474901680187298, 7922.559727577387, 2.54946568281019, 20025.05082994215, 2.745245564924223, 4952032.0, 1176824.0000000002, 4142315.9999999995, 1597798.0, 1365024.0, 3302319.0]
[356.1, 164.16, 251.52, 66.76, 30.9, 72.42, 257.0673103310032, 119.47100408185464, 203.10198905767436, 47.71580835893843, 24.729763939225055, 59.0448083048383, 28.0, 16.0, 2.0, 0.0, 0.0, 1.0, 1184.0, 415.0, 887.0, 197.0, 119.0, 209.0, 40698.539457488965, 2.7926691989657733, 13764.55779918184, 2.8650433134490187, 24860.750676821976, 2.796350600750673, 9578457.0, 2046818.0, 5184386.0, 3006099.0, 2202005.0, 4997775.0]
[305.48, 147.74, 235.52, 70.88, 30.84, 77.72, 246.7935797795562, 106.64834642842976, 156.72128386510408, 47.0399916701367, 28.95341790122999, 69.53579022668097, 16.0, 8.0, 10.0, 1.0, 0.0, 3.0, 1056.0, 485.0, 646.0, 184.0, 131.0, 210.0, 46509.92730735121, 2.694976259800661, 7660.858299545586, 2.817492267767155, 21787.03945668161, 2.787483494750041, 7650348.0, 1648674.9999999998, 3977000.0, 2391810.0, 1706196.0, 3829214.0]
[280.16, 204.32, 255.94, 60.56, 34.2, 80.16, 213.2412028953244, 163.5755383139358, 180.58763602670666, 51.799125357047316, 27.40847478054768, 70.46010884731524, 4.0, 10.0, 3.0, 1.0, 1.0, 0.0, 860.0, 637.0, 648.0, 226.0, 107.0, 231.0, 58607.84876355322, 2.570689892189718, 26463.296149895843, 2.1802229965272413, 27717.61399477221, 2.78277933963981, 6152600.000000001, 3398424.0, 4873247.0, 3443896.0, 2436069.0, 3740914.0]
[271.4, 168.18, 274.48, 52.1, 33.16, 66.64, 206.12766006748816, 109.59790888814011, 225.71855692161313, 41.50645388714524, 24.836083032720023, 67.76904356198428, 7.0, 16.0, 8.0, 3.0, 0.0, 0.0, 973.0, 399.0, 1024.0, 186.0, 91.0, 205.0, 56028.780400344025, 2.82955938249723, 10788.406495884534, 2.934688495126904, 53505.16657775231, 2.915077228682293, 5764840.0, 2002799.0, 6263458.000000001, 2369809.0, 1991414.0, 4097442.0]
[283.08, 184.4, 258.28, 57.66, 27.74, 62.2, 215.58092755745025, 131.22250926870552, 153.9731012819036, 42.94448718510721, 22.561308762153505, 60.425700708576386, 15.0, 12.0, 25.0, 1.0, 3.0, 0.0, 882.0, 554.0, 618.0, 191.0, 87.0, 204.0, 62637.4816989834, 2.6610232301968, 24865.345202212346, 2.7615758712022704, 28613.023095678625, 2.7870959094228924, 6283995.999999999, 2543916.0, 4497106.0, 3206415.0, 2490220.0, 3715676.0]
[285.82, 201.68, 254.06, 63.82, 30.72, 62.42, 236.91311504775894, 160.242092357986, 180.81204696183994, 53.82537524632934, 23.96088649513313, 60.0972307419996, 4.0, 6.0, 1.0, 0.0, 0.0, 0.0, 1039.0, 655.0, 708.0, 246.0, 112.0, 202.0, 53352.811157512886, 2.8141522534294574, 27078.273468228024, 2.575917897018134, 36243.96048327543, 2.681124951008641, 6834917.0, 3291940.0, 4829281.0, 3907123.0, 2476247.0, 3915397.0]
[335.82, 228.26, 273.82, 89.46, 23.8, 82.76, 253.30635561690585, 150.78837853774016, 164.3726093176036, 54.47343857518159, 19.97549519194118, 70.32390367841812, 9.0, 11.0, 2.0, 2.0, 3.0, 1.0, 1145.0, 612.0, 619.0, 230.0, 84.0, 217.0, 40127.66184021676, 2.616368057155862, 16513.187415982447, 2.8257168512515096, 30154.01194068671, 2.826597100657164, 8782795.000000002, 3719251.0, 5072769.000000001, 4789976.0, 3186649.0, 5026357.0]
[282.9, 247.36, 300.46, 63.86, 31.64, 73.8, 246.8593129864929, 205.32351376820546, 213.24798345817854, 51.70521230583853, 24.8207944420539, 66.40137692204023, 0.0, 0.0, 7.0, 0.0, 2.0, 0.0, 1045.0, 861.0, 924.0, 254.0, 90.0, 205.0, 36442.28944926618, 2.7750828534803307, 21147.641957662607, 2.457217362576215, 39299.40370802205, 2.9432870575408336, 6987656.999999999, 5125078.0, 6742070.999999999, 4583567.0, 4186903.0, 4427448.0]
[410.6, 277.16, 132.4, -86.48, -88.46, -120.62, 943.0904689652319, 365.6847287163172, 1011.5838662055396, 1092.1727687205419, 831.8696721413586, 1347.4535452974599, 4.0, 1.0, -6745.0, -7646.0, -5849.0, -9446.0, 6757.0, 2254.0, 1020.0, 248.0, 118.0, 216.0, 71931.05960389973, 2.2495358899383255, 35875.69950509044, 1.7820963953338946, 25962.825167619623, 2.63279847312547, 52011180.00000001, 10393424.0, 51018282.00000001, 19987462.0, -11201768.0, -41082653.0]
[298.92, 87.74, 639.06, -50.36, 119.58, 299.48, 455.9522370259626, 1026.90956639376, 1740.121417415158, 969.4074722978667, 2225.8662527434212, 1146.4838213655967, 13.0, -6739.0, 23.0, -6746.0, -8549.0, 5.0, 3153.0, 952.0, 9453.0, 450.0, 13051.0, 5852.0, 47216.42178414382, 2.569281674694593, 64761.00138641577, 2.263467467269404, 135547.72794991633, 1.877604985211168, 14654387.999999998, 52057535.00000001, 168792989.0, -18405181.0, -66938109.0, 34319648.0]
[235.28, 309.72, 317.64, 64.58, 27.12, 71.0, 222.72936263454767, 294.7168852457891, 226.9939997408904, 50.63236441773791, 30.09891177095807, 64.24729010405252, 9.0, 8.0, 1.0, 0.0, 0.0, 1.0, 1198.0, 1124.0, 830.0, 180.0, 122.0, 204.0, 44077.55580912939, 2.8186327844194756, 96941.72164016205, 2.6790784544575783, 59939.22102233451, 2.5514830333662673, 5198644.0, 9052368.0, 7569545.999999999, 5728012.0, 5150833.0, 3889519.0]
[220.8, 396.86, 585.32, 355.76, 37.8, 292.9, 758.0193309688408, 1314.325698304834, 1310.9612525602297, 1320.244342876711, 2273.275807718717, 1028.6591282056543, -4031.0, -4926.0, 24.0, 7.0, -11250.0, 0.0, 3159.0, 7663.0, 9459.0, 6755.0, 11252.0, 6751.0, 1432445.8255493543, 2.965498664169702, 4284093.368510962, 2.9418083990147617, 4280480.970362438, 3.2070792803164556, 30592703.999999996, 92520042.99999999, 101342326.00000001, 48487808.0, -30044225.0, -29770065.0]
[188.86, 344.64, 328.24, 87.02, 28.88, 75.54, 133.42092514034715, 331.24580921492276, 218.4399754100491, 63.29699673695718, 25.220367538469976, 66.91670423834731, 20.0, 20.0, 11.0, 1.0, 0.0, 0.0, 486.0, 1486.0, 918.0, 278.0, 93.0, 204.0, 16204.169458643557, 2.9108924132892846, 126160.66524017174, 2.5380712547793967, 43114.67690189299, 2.8979740329222814, 2655661.0, 11315302.000000002, 7725160.000000001, 3979442.0, 5977025.0, 3499004.0]
[202.78, 329.84, 258.96, 84.86, 27.92, 52.5, 145.28175159647125, 226.1369785356311, 187.23127246204118, 64.354252353037, 24.428855470362027, 53.74780489110457, 4.0, 7.0, 4.0, 3.0, 2.0, 2.0, 650.0, 1057.0, 858.0, 260.0, 119.0, 183.0, 18955.25113297194, 2.4877952456383636, 34728.79933526689, 2.829404391327198, 44210.55157495044, 2.801506637635708, 3090219.0, 7945479.999999999, 5070736.0, 3914545.0, 4564640.0, 2738417.0]
[-34.06, 113.88, 258.28, 75.22, 39.42, 66.38, 1704.8191287150241, 1331.1408125578384, 189.84150639683727, 44.48952639873426, 34.44136691686381, 67.77239519908093, -11805.0, -8988.0, 2.0, 1.0, 4.0, 1.0, 563.0, 924.0, 671.0, 177.0, 155.0, 206.0, 3260925.019812936, 3.206597426632884, 2048761.1144025237, 3.181123755947875, 46187.988158700755, 2.780088473557412, 142472009.0, 87473289.99999997, 5101378.0, 109427580.0, -1703941.0, -4475264.0]
[178.04, 275.72, 277.9, 65.22, 28.32, 68.74, 159.79003570374493, 258.05615905164865, 228.49867145596897, 53.31090557344927, 18.205673033761894, 56.397933816546065, 4.0, 9.0, 5.0, 1.0, 2.0, 1.0, 870.0, 1129.0, 1155.0, 198.0, 90.0, 179.0, 28024.474997955724, 2.8237038125012734, 92688.21822037396, 2.6129410586202226, 83545.9143068234, 2.969432566927591, 2836022.000000001, 7064131.999999999, 6419791.0, 2903414.0, 4220862.0, 2989543.0]
