[273.82, 351.86, 402.44, 56.28, 30.68, 57.84, 323.5463370908377, 363.09165706274695, 388.7047124352723, 66.43334545057249, 28.566742472851256, 76.98458896932236, 4.0, 6.0, 23.0, 0.0, 0.0, 2.0, 1467.0, 2064.0, 1749.0, 250.0, 123.0, 233.0, 34865.35024998033, 2.7442885780296082, 59296.25289693102, 2.883516979110454, 76115.70645150966, 2.3706538914341975, 8878299.000000002, 12650215.000000002, 15501374.0, 9070855.0, 7736089.0, 7605924.0]
[509.4, 623.66, 777.2, 106.38, 63.9, 102.92, 386.189495624379, 483.05209969568307, 478.32812578643893, 76.91630489814024, 48.66639875054388, 79.10541662095909, 16.0, 16.0, 45.0, 1.0, 3.0, 0.0, 1434.0, 1914.0, 2041.0, 252.0, 198.0, 276.0, 234798.5268586617, 2.4012814951518826, 258581.94193278617, 2.7657492016670036, 340358.94269015687, 2.373211901653378, 20282392.0, 30881217.00000001, 41413084.0, 20484259.0, 28414169.0, 19403207.0]
[504.22, 595.34, 860.16, 117.28, 61.86, 140.1, 400.94222139600015, 569.5933963300989, 508.3431815261041, 71.8686557093521, 46.48853709929635, 88.28970171300517, 4.0, 1.0, 10.0, 1.0, 1.0, 0.0, 1726.0, 2277.0, 2090.0, 263.0, 191.0, 298.0, 126547.12090075496, 2.732629000576593, 314934.04263909184, 2.575449806192444, 186276.8744995621, 2.8272556552329946, 20588869.0, 33618880.99999999, 49655987.99999999, 22399562.0, 28775897.0, 23150521.0]
[572.76, 658.14, 921.56, 118.18, 76.1, 142.98, 482.56134473097967, 511.751853530436, 502.13601539740574, 65.52291700665673, 57.60854882705503, 101.72602059112566, 15.0, 44.0, 46.0, 0.0, 0.0, 2.0, 1833.0, 2691.0, 2334.0, 232.0, 252.0, 304.0, 281218.5412783479, 2.664154455291722, 318401.0681391059, 2.7872590470317533, 299836.9751227302, 2.585276441198967, 27813107.999999996, 34490021.0, 54818530.0, 23511870.0, 33158887.0, 25611395.0]
[698.7843137254902, 588.8235294117648, 1063.549019607843, 111.27450980392157, 79.68627450980392, 168.92156862745097, 505.01462607435406, 563.4035039252898, 529.1179949208112, 65.19296846481915, 56.596286166524536, 105.54332629536647, 15.0, 21.0, 14.0, 1.0, 3.0, 1.0, 2088.0, 2361.0, 2267.0, 229.0, 245.0, 325.0, 202923.8868576039, 2.504876665175865, 193869.8755551904, 2.661634785041694, 181386.5689056766, 2.719509157324331, 38408369.279999994, 34224616.919999994, 73119980.1, 28106837.0, 33337332.0, 37188847.0]
[644.18, 528.62, 955.78, 119.38, 92.0, 138.48, 499.2514678629051, 451.07834018005326, 452.13445218999055, 64.75413153629974, 58.48355778004827, 104.42656632821956, 19.0, 10.0, 193.0, 3.0, 5.0, 7.0, 2284.0, 1867.0, 2453.0, 223.0, 213.0, 322.0, 375082.6557234413, 2.6318238698619565, 237383.53177230048, 2.930537381908857, 309340.9930208552, 2.6870951859913554, 32961743.0, 23942066.999999996, 55692622.999999985, 24630898.0, 27080267.0, 31104860.0]
[701.44, 551.78, 1061.88, 115.1, 75.44, 166.78, 498.0312325260622, 466.05326357595214, 495.3765271724826, 62.59824930720132, 55.98219833672348, 101.62240834358838, 7.0, 8.0, 95.0, 1.0, 4.0, 3.0, 1686.0, 1796.0, 2322.0, 216.0, 209.0, 329.0, 215735.0179212527, 2.5894417762401596, 151072.9501317794, 2.630227304411318, 142445.99419826333, 2.6146511479118004, 36754624.0, 25866135.000000004, 68403953.99999999, 25738719.0, 29523564.0, 37129161.0]
[622.9215686274509, 489.8235294117647, 953.2745098039215, 107.7843137254902, 93.01960784313725, 142.09803921568627, 506.1779071882634, 405.40773085289595, 478.08166994484833, 60.91906556259386, 66.64307621833747, 106.49605718559928, 10.0, 7.0, 87.0, 0.0, 0.0, 2.0, 2243.0, 1549.0, 1997.0, 222.0, 255.0, 330.0, 394895.42262794665, 2.617259075693053, 240711.5785302122, 2.8396388357925555, 383033.60131441936, 2.7521038401397218, 33252406.979999997, 20863134.060000002, 58928920.02000001, 22200387.0, 25316386.0, 31605440.0]
[749.38, 478.36, 995.34, 105.08, 87.02, 180.08, 575.3136816076061, 363.1863950522106, 519.4274952841281, 53.2291311986516, 57.29710966104838, 107.54644748826871, 17.0, 2.0, 38.0, 0.0, 8.0, 3.0, 1909.0, 1697.0, 1960.0, 215.0, 263.0, 345.0, 256438.35643702548, 2.579973078162822, 85234.89718388289, 2.727147196744215, 189917.7737393136, 2.751799771737057, 44296825.0, 17904728.000000004, 62755527.00000001, 24841954.0, 25974522.0, 36212162.0]
[665.52, 410.48, 896.36, 92.26, 86.48, 135.76, 484.59801308477756, 315.96429919746777, 472.6661141971192, 49.11536190959203, 57.29987000020869, 98.92185330463886, 1.0, 12.0, 15.0, 5.0, 0.0, 0.0, 1968.0, 1265.0, 1895.0, 161.0, 223.0, 301.0, 301638.4114599179, 2.576178327847215, 145574.99150545403, 2.6656904913633026, 349620.30388377747, 2.655018273715051, 33652770.0, 13316530.0, 51120311.99999999, 16064204.0, 20780963.0, 29202540.0]
[778.38, 363.14, 949.1, 98.26, 82.02, 146.72, 618.2094912746331, 284.59502268798644, 473.66862824949163, 51.66090773258927, 56.846190617798676, 89.9920722131927, 15.0, 3.0, 146.0, 3.0, 1.0, 1.0, 2216.0, 1181.0, 2104.0, 188.0, 217.0, 281.0, 331090.33273480204, 2.618815000889344, 89655.56131937685, 2.8580567150113403, 147143.2287415328, 2.650061565737859, 49020736.99999999, 10562255.0, 56033276.99999999, 19472402.0, 18683119.0, 36743978.0]
[689.58, 304.48, 855.3, 98.74, 85.86, 121.68, 528.5310830162081, 250.98981522551622, 408.43335579069566, 56.23594971916386, 60.134207046762135, 84.50273271755592, 6.0, 1.0, 65.0, 3.0, 0.0, 1.0, 2084.0, 1159.0, 1953.0, 191.0, 221.0, 276.0, 385019.3476228146, 2.7331751593598796, 57536.42773860386, 2.6279302776234705, 219922.4855648385, 2.7706949650348633, 37463938.99999999, 7722201.999999997, 44750976.99999999, 12578025.0, 13421501.0, 30408810.0]
[882.04, 219.38, 1003.1, 97.4, 83.36, 154.62, 650.1419298734637, 196.12656159547922, 490.0693516103156, 51.847500087334225, 50.333889261244906, 94.30062436220685, 25.0, 6.0, 74.0, 0.0, 6.0, 7.0, 2489.0, 745.0, 1879.0, 202.0, 215.0, 304.0, 329264.2590128882, 2.572297721036044, 33081.70712127844, 2.765462060818668, 197884.09563516008, 2.4328388300450925, 59611269.99999999, 4291195.0, 62078710.99999999, 10403945.0, 12302082.0, 43448504.0]
[781.36, 349.92, 1049.36, 102.96, 91.42, 140.54, 627.4301574270874, 264.4316847852529, 522.9347233622559, 57.571237149628594, 57.258486582464656, 103.04986112339512, 2.0, 0.0, 29.0, 3.0, 8.0, 0.0, 2556.0, 905.0, 1952.0, 207.0, 240.0, 319.0, 509888.1199312587, 2.608180358926994, 50413.80579186752, 2.763528495376507, 339396.1260335028, 2.543691917909164, 49815934.0, 9548482.0, 68457396.0, 15751235.0, 20100657.0, 44010920.0]
[804.98, 323.74, 996.7, 98.04, 80.8, 181.3, 641.5748318769676, 232.47741255214189, 496.74882783876166, 69.69319353057223, 56.24291338579865, 106.96790478017799, 3.0, 11.0, 31.0, 0.0, 3.0, 9.0, 2732.0, 1040.0, 1940.0, 226.0, 236.0, 371.0, 254120.32609421364, 2.5469131616339857, 54415.21847641634, 2.7032488850129655, 173197.26819757253, 2.73508797422015, 52568935.0, 7888620.999999998, 61761754.99999999, 14402894.0, 15756506.0, 37483488.0]
[752.56, 306.08, 974.76, 96.54, 88.92, 141.52, 566.7661995020161, 263.0005695656128, 455.6935758841031, 60.877665888908986, 65.28582056884127, 105.11126078045653, 35.0, 2.0, 14.0, 1.0, 1.0, 4.0, 2172.0, 1135.0, 1846.0, 208.0, 268.0, 341.0, 407432.60908263276, 2.570048564611522, 56840.224463196995, 2.8354529015714798, 281838.68319024064, 2.508151250352919, 44057300.0, 8073544.000000001, 57683028.0, 11721504.0, 14887241.0, 37769953.0]
[814.36, 324.98, 1030.96, 106.36, 81.48, 178.34, 648.4386509775868, 259.97036644312254, 516.6744903511221, 69.77624880974315, 56.161661699935124, 107.04826491077827, 67.0, 10.0, 22.0, 1.0, 0.0, 1.0, 2430.0, 1104.0, 2009.0, 228.0, 233.0, 354.0, 312337.650176669, 2.570289989441863, 77964.41535617784, 2.7987074615960412, 218758.34059469748, 2.647531250918009, 53762272.0, 8592244.999999996, 66224599.99999999, 14141246.0, 14511684.0, 41992571.0]
[679.7, 323.46, 977.66, 87.94, 88.66, 151.12, 528.0427568495041, 229.58429246561877, 446.19107328312947, 62.42756128636826, 57.97733899321953, 97.16147720707639, 27.0, 0.0, 4.0, 1.0, 5.0, 1.0, 2286.0, 970.0, 1886.0, 210.0, 222.0, 307.0, 441272.3535513618, 2.713592034172896, 46365.75120068274, 2.586497783250627, 263713.1035387427, 2.6269928508461957, 36762233.0, 7814057.0, 57546191.0, 13666780.0, 14593978.0, 32311181.0]
[872.9215686274509, 468.2156862745098, 1087.9607843137255, 111.68627450980392, 73.7843137254902, 152.58823529411765, 608.5908919179535, 334.15986076879375, 544.9864571082226, 67.42476998732096, 48.29712775124011, 103.52722858660675, 36.0, 2.0, 26.0, 2.0, 1.0, 3.0, 2435.0, 1422.0, 2093.0, 240.0, 225.0, 334.0, 249189.83146730094, 2.824001702820535, 108067.13846478474, 2.668514220502198, 227998.51287885552, 2.062342930650547, 58528353.78000001, 17098936.26, 76721446.07999998, 25794894.0, 24208948.0, 52230835.0]
[678.16, 350.72, 1015.98, 102.88, 92.18, 159.82, 519.7715495036924, 289.8102855880948, 501.27753077226873, 76.64539071834227, 70.46425928607135, 110.12899486603916, 22.0, 21.0, 117.0, 1.0, 4.0, 12.0, 2176.0, 1200.0, 2019.0, 247.0, 266.0, 350.0, 425467.8542950121, 2.6766342045870317, 66635.20753856967, 2.752504539024471, 249435.65301650576, 2.570996507854337, 36233010.0, 10265735.999999998, 63923447.00000002, 13235914.0, 16401476.0, 34964497.0]
[817.36, 503.66, 1018.08, 117.84, 98.26, 168.04, 599.0363608602178, 405.14298861573525, 609.3573342598959, 75.97162735696338, 56.31790595017045, 103.68495453014565, 15.0, 7.0, 19.0, 6.0, 4.0, 4.0, 2693.0, 1572.0, 2170.0, 249.0, 261.0, 336.0, 239425.71244280232, 2.485046687201907, 165720.62097535832, 2.7027791311907015, 301749.70450499613, 2.0287427817251373, 50987252.0, 20726571.0, 70018846.0, 26018894.0, 22719948.0, 47133718.0]
[609.54, 457.94, 1048.66, 108.0, 83.58, 157.46, 473.6068812413769, 433.78431629235337, 500.023167218382, 78.24060222630379, 68.01383112639513, 115.26601177011268, 30.0, 7.0, 157.0, 1.0, 0.0, 0.0, 2240.0, 1411.0, 2101.0, 271.0, 254.0, 366.0, 388749.55174732755, 2.8338606425795874, 196232.0484290372, 2.910601313798445, 310033.54469033395, 2.1883652093686834, 29567821.0, 19705725.0, 67235525.00000001, 17913927.0, 22362502.0, 34079689.0]
[656.6078431372549, 602.7254901960785, 1080.6078431372548, 113.45098039215686, 83.3529411764706, 153.8235294117647, 479.33233057791426, 516.3290066781595, 496.84581424950625, 74.13698502784968, 55.140120975352154, 106.73869136959718, 21.0, 1.0, 122.0, 6.0, 1.0, 0.0, 1923.0, 2005.0, 1948.0, 285.0, 252.0, 339.0, 130119.35980823661, 2.6223207324622377, 203462.1797626617, 2.696438106233344, 192215.95123236682, 2.2731351277234797, 34145317.02, 32494100.22, 73334090.34000002, 27705455.0, 33729876.0, 38602753.0]
[496.28, 560.24, 1048.36, 99.08, 79.8, 162.58, 377.0238470236197, 481.90877111074604, 506.32585135967736, 75.1865272342793, 59.651368083940156, 106.61643821643632, 35.0, 26.0, 38.0, 1.0, 5.0, 3.0, 1779.0, 1861.0, 2009.0, 234.0, 256.0, 371.0, 247047.25816932117, 2.6418502984730483, 242884.84309739392, 2.679446128093177, 312641.78870103596, 2.4409675575062577, 19279894.0, 27073010.0, 67514862.0, 19240913.0, 27572705.0, 26930809.0]
[586.5686274509804, 671.0392156862745, 989.5686274509804, 103.68627450980392, 88.96078431372548, 161.76470588235293, 463.83631832369315, 522.7290679036058, 548.9641246894722, 63.39510712857213, 54.57360562921007, 106.07800681296649, 5.0, 11.0, 10.0, 0.0, 6.0, 4.0, 1730.0, 1687.0, 2041.0, 213.0, 255.0, 364.0, 176960.54827060542, 2.8375984332531217, 268898.30757445074, 2.6860557225901327, 230665.82793232013, 2.3491121007496614, 28870495.14, 37359804.17999999, 66309822.60000001, 26484101.0, 33956955.0, 33005536.0]
[428.12, 632.16, 992.96, 101.58, 89.28, 154.96, 277.38403644310426, 454.3872465154787, 476.02284973453504, 72.9414330340529, 67.47971426091469, 107.31147874010384, 8.0, 5.0, 4.0, 3.0, 0.0, 7.0, 1270.0, 1737.0, 2083.0, 234.0, 287.0, 338.0, 114466.41695887093, 2.771934846095736, 231047.37624317955, 2.5702149531168406, 282586.51442238496, 2.682264345379546, 12934489.999999998, 30098234.0, 60401768.0, 17355014.0, 29201767.0, 21707627.0]
[463.7843137254902, 743.0, 1063.1960784313726, 109.52941176470588, 82.05882352941177, 164.52941176470588, 373.9449325088115, 579.450774440763, 544.8652317631523, 70.90087529535202, 54.14809757127424, 109.36843291209333, 1.0, 8.0, 84.0, 0.0, 5.0, 2.0, 1505.0, 1939.0, 2054.0, 252.0, 250.0, 343.0, 95404.42658162474, 2.8198115379654127, 294106.28445376334, 2.668801268441791, 231017.95223909162, 2.519095928888225, 18320863.619999997, 45841512.17999999, 73943458.74, 23214104.0, 41093638.0, 28315484.0]
[320.52, 697.08, 995.46, 110.58, 97.32, 144.08, 300.1620133956232, 521.7723657234571, 524.7726897604023, 74.84680681095165, 67.97671870364357, 103.13708729409709, 9.0, 28.0, 11.0, 14.0, 0.0, 3.0, 1384.0, 2304.0, 2171.0, 338.0, 277.0, 319.0, 130591.67533609379, 2.7777525903644493, 326482.95236392104, 2.594719344732427, 328293.15868152387, 2.6751620763445905, 9551417.999999998, 37636100.00000001, 63040963.0, 13233900.0, 33590578.0, 18927896.0]
[354.3, 785.74, 1025.66, 114.56, 104.74, 164.5, 270.96089408335104, 510.18583288997024, 539.2568056584726, 71.67362535430011, 67.08198152185099, 106.82872998880221, 7.0, 42.0, 177.0, 2.0, 3.0, 10.0, 1042.0, 1773.0, 2233.0, 248.0, 315.0, 354.0, 75036.8304176896, 2.819696222679133, 185878.32419946522, 2.6253225823357935, 289072.783968239, 2.1785602259033436, 9873995.000000002, 43623557.00000001, 66848019.000000015, 16940057.0, 39345226.0, 20067801.0]
[352.3529411764706, 623.6470588235294, 1033.921568627451, 117.0, 97.31372549019608, 160.9607843137255, 270.53612132426326, 507.4831553275207, 558.8957270596101, 75.71155790234408, 73.0822797115904, 107.7497026973743, 11.0, 3.0, 62.0, 6.0, 2.0, 2.0, 1057.0, 1915.0, 2036.0, 257.0, 330.0, 370.0, 61064.10313703154, 2.9191927454275635, 356814.38815914484, 2.526668195751158, 392447.1526342375, 2.4881016305057306, 10191097.440000001, 33366929.519999992, 71539644.12, 12721663.0, 33048347.0, 20749121.0]
[263.98, 844.84, 1008.7, 119.06, 83.5, 152.5, 217.89208057088766, 553.0395180919973, 517.4890415876121, 75.10846850266837, 63.48461166587811, 112.2459489746712, 2.0, 88.0, 27.0, 9.0, 3.0, 3.0, 925.0, 2275.0, 2152.0, 271.0, 321.0, 363.0, 47332.333675653426, 2.835584510314559, 224057.6004702875, 2.8746316058933625, 267595.3889930656, 2.2172408824015895, 5810642.999999999, 50674514.0, 63995735.0, 12954488.0, 45106193.0, 15100245.0]
[306.58, 679.22, 1115.62, 125.78, 91.7, 177.42, 234.17733468812187, 502.7426935504556, 489.3800280321365, 74.76119532572102, 73.91314538851996, 106.986760577071, 6.0, 27.0, 3.0, 1.0, 2.0, 4.0, 909.0, 2027.0, 2050.0, 272.0, 299.0, 360.0, 55075.02814131073, 2.1363084102676866, 283754.24756798276, 2.5105643825590533, 191961.4939492353, 2.2270252633974064, 7386677.0, 35451751.0, 73965547.0, 11393470.0, 35670901.0, 18152999.0]
[234.46, 685.8, 924.16, 123.88, 101.62, 138.4, 182.96137765737805, 558.9936657667482, 524.5528070146406, 79.1963821066058, 68.79335812743102, 103.2976677532717, 1.0, 4.0, 14.0, 2.0, 6.0, 5.0, 736.0, 1988.0, 1931.0, 278.0, 265.0, 337.0, 43846.914517327226, 2.9826846730226215, 358045.85762898275, 2.569659438299669, 266311.2576126395, 2.2302506731495146, 4388843.0, 38827303.99999999, 56186212.0, 7998852.0, 33357903.0, 11043327.0]
[361.9, 744.76, 1079.24, 132.72, 90.44, 172.32, 260.0506426346489, 554.9526385381082, 501.58778750227617, 82.51754049773854, 72.04594905690537, 107.13246425784848, 23.0, 7.0, 107.0, 5.0, 9.0, 2.0, 1084.0, 2089.0, 1965.0, 278.0, 341.0, 339.0, 57455.92058015094, 2.6791899240392967, 353489.96405492007, 2.6665898950971574, 203731.10615034323, 2.606821922093316, 9862271.0, 42824022.0, 70565874.0, 14992668.0, 38679686.0, 18112504.0]
[397.72549019607845, 649.7254901960785, 956.4705882352941, 116.62745098039215, 88.56862745098039, 135.7843137254902, 291.5676990636221, 577.3666453279535, 528.5485541723173, 76.07731877092245, 56.62411320346158, 104.05004828936703, 17.0, 11.0, 30.0, 2.0, 0.0, 0.0, 1381.0, 2344.0, 1893.0, 274.0, 244.0, 333.0, 124428.83537489104, 2.7838890873321254, 404363.0391198271, 2.754281965872245, 243977.56028805723, 2.3319613541207636, 12564410.999999998, 38960854.32, 61837310.28, 14637338.0, 35106168.0, 16333823.0]
[414.38, 745.36, 933.4, 128.32, 86.8, 151.0, 323.26414863996035, 588.8097215257789, 494.6125261458793, 79.6780357925263, 67.47607285670428, 99.99693872865329, 9.0, 19.0, 31.0, 2.0, 0.0, 1.0, 1099.0, 2498.0, 1986.0, 307.0, 299.0, 343.0, 79279.38864789461, 2.53822275298433, 255395.6004838549, 2.6887818387409292, 221913.2714445995, 2.432039956569372, 13706025.000000004, 44766224.0, 55549213.99999999, 20730345.0, 34678653.0, 17961496.0]
[434.29411764705884, 554.1764705882352, 999.4901960784314, 135.2549019607843, 111.31372549019608, 148.8235294117647, 330.1692471516781, 409.5607259434114, 462.9432955578477, 83.24994730022475, 71.94650518158014, 105.44187135713267, 29.0, 12.0, 145.0, 0.0, 1.0, 1.0, 1537.0, 1624.0, 2039.0, 276.0, 308.0, 359.0, 161171.0693671958, 2.4416119217592023, 193083.66760934406, 2.764103727154052, 275684.3045349462, 2.5424494746947475, 15371162.340000002, 24530682.78, 62897114.76, 15274423.0, 28071648.0, 19761687.0]
[496.96, 604.1, 926.78, 116.0, 92.48, 139.7, 386.91943790480644, 489.48441220933523, 510.9594931826489, 67.14316109353695, 64.44274155229206, 87.96387245422325, 29.0, 25.0, 16.0, 10.0, 3.0, 4.0, 1489.0, 1835.0, 1906.0, 236.0, 275.0, 329.0, 98592.48185525721, 2.594619500147547, 157850.26221398197, 2.590521477730834, 230763.65547937044, 2.3607833979675155, 19684088.0, 29986995.000000004, 55738959.0, 19380068.0, 28962890.0, 20852932.0]
[570.76, 560.12, 1077.28, 127.78, 103.6, 143.76, 449.73958723524726, 470.0066712509602, 475.84292726547005, 80.71043985780784, 68.13492017268953, 110.11636887346745, 26.0, 9.0, 139.0, 1.0, 2.0, 1.0, 1829.0, 2037.0, 2004.0, 271.0, 243.0, 351.0, 293861.4404799755, 2.6350330390170003, 317489.0039976241, 2.6677365930826906, 279002.69709227333, 2.739555282300049, 26199368.000000004, 26511128.000000004, 69121508.00000001, 21626423.0, 31627370.0, 30711891.0]
[701.8235294117648, 501.03921568627453, 1035.3921568627452, 114.07843137254902, 75.52941176470588, 157.88235294117646, 527.491410579636, 405.474337574368, 513.0436269336701, 69.50678906042342, 58.65606633287863, 98.28217479458289, 8.0, 3.0, 80.0, 8.0, 2.0, 0.0, 2145.0, 1530.0, 2063.0, 247.0, 269.0, 310.0, 202401.0561954462, 2.48541007861009, 105791.3746542966, 2.8373321200277637, 169782.09145223076, 2.342998547991897, 39813383.580000006, 21443997.540000003, 69191262.42, 23909501.0, 26638722.0, 33801345.0]
[614.8, 570.68, 983.14, 124.2, 104.46, 145.22, 449.1015520810774, 435.8456214237855, 535.6948952681242, 68.7948740378057, 66.67809051781582, 111.07917566000445, 2.0, 6.0, 21.0, 4.0, 5.0, 1.0, 2162.0, 2106.0, 2197.0, 263.0, 266.0, 333.0, 216325.2540167743, 2.4669385908972545, 188694.8334949225, 2.5100381618652823, 388661.1368791037, 2.659606641445309, 28781870.0, 25591891.999999996, 62389694.99999999, 22479189.0, 31963189.0, 28914596.0]
[712.12, 465.56, 1021.48, 113.76, 84.0, 156.9, 526.5065319283943, 390.4050309143894, 576.4459455692835, 61.33000730407887, 57.72065028555859, 105.26918846849883, 14.0, 10.0, 2.0, 9.0, 4.0, 1.0, 1788.0, 1487.0, 2024.0, 224.0, 263.0, 327.0, 235897.7560909707, 2.5807642728655145, 110123.56689034235, 2.688124152153546, 230340.67386907717, 2.523686059340958, 38938992.0, 18305694.000000004, 68453276.0, 22575213.0, 25929420.0, 34787940.0]
[662.4705882352941, 351.2549019607843, 946.843137254902, 114.56862745098039, 95.45098039215686, 149.7843137254902, 480.97826782261905, 271.54144016243674, 480.27181356182126, 69.36058099582523, 75.31435818633528, 105.75260067260571, 2.0, 8.0, 8.0, 0.0, 1.0, 1.0, 1726.0, 1124.0, 1967.0, 251.0, 292.0, 318.0, 296711.29793489823, 2.6047018309732275, 97507.64472514858, 2.8983439581978336, 302737.0367531043, 2.158273382122347, 34628220.72, 10178700.360000001, 58400262.18, 14151833.0, 18507778.0, 30690304.0]
[760.44, 295.74, 1088.24, 109.06, 89.22, 166.3, 611.5959437139417, 236.92931952162357, 568.0403319972186, 62.14479799924807, 60.972489614545985, 106.77828450024998, 5.0, 22.0, 43.0, 2.0, 0.0, 1.0, 2425.0, 1182.0, 2542.0, 200.0, 252.0, 378.0, 270645.0563815555, 2.45784769469928, 35949.64225252742, 2.768832155436297, 228378.0203151269, 2.4604715196778133, 47241880.0, 7123747.000000001, 75024136.0, 14161808.0, 19145002.0, 40656643.0]
[672.64, 302.76, 920.8, 105.82, 87.16, 129.96, 473.1376276453581, 212.26586717451053, 474.7042473466817, 67.11266494424407, 67.61486372032681, 95.22582397133881, 11.0, 9.0, 73.0, 0.0, 1.0, 0.0, 2136.0, 891.0, 1911.0, 269.0, 286.0, 313.0, 308281.931744479, 2.5668173466075404, 43771.66649754716, 2.9205957255355446, 266228.681984979, 2.5431827407320795, 33591330.00000001, 6790964.0, 53435494.0, 10731531.0, 14245096.0, 29109012.0]
[729.6078431372549, 293.9019607843137, 951.7450980392157, -363.3137254901961, 71.37254901960785, 543.2941176470588, 558.0613614444695, 193.37220636916368, 485.55509854751836, 2345.43425821485, 380.594953239494, 1963.623694032211, 25.0, 4.0, 26.0, -11856.0, -2250.0, 6.0, 2122.0, 742.0, 1822.0, 193.0, 1351.0, 12151.0, 244669.26941437196, 2.459540718055675, 39624.166465784656, 2.817286272054493, 218417.341128344, 2.6215750005331873, 43574738.639999986, 6400435.739999999, 59144641.86, 10804357.0, 14654992.0, 33714299.0]
[678.54, 278.26, 999.96, 113.64, 90.32, 152.04, 600.6418407140203, 218.28392014969486, 508.0404113767297, 73.15618182201358, 71.22841670947611, 103.4117902724198, 13.0, 1.0, 125.0, 1.0, 0.0, 3.0, 2686.0, 892.0, 2060.0, 262.0, 281.0, 339.0, 530080.5088800613, 2.725585103963962, 54050.12286554587, 2.8458453432321105, 302250.6937084588, 2.2312856705692288, 40698586.99999999, 6206176.999999999, 62643147.999999985, 10166939.0, 14088424.0, 34177851.0]
[702.66, 272.02, 977.4, 104.64, 101.3, 151.9, 576.5646187478354, 204.92323002549426, 496.7598688973766, 61.91724562771223, 61.88773575382035, 98.13011978064262, 4.0, 2.0, 31.0, 0.0, 5.0, 0.0, 2439.0, 754.0, 2302.0, 229.0, 278.0, 315.0, 222675.38985765935, 2.427586016211515, 47828.95864523198, 2.7389406259842217, 199513.2452980487, 2.4285088755215587, 40975464.99999999, 5757427.000000001, 59857286.0, 10618150.0, 12773212.0, 34717925.0]
[495.88, 390.66, 969.48, 88.22, 90.24, 160.86, 361.4580247739278, 252.22921305504514, 467.4073624248762, 53.76945874636968, 62.22328457142987, 96.59361748467397, 4.0, 23.0, 29.0, 1.0, 2.0, 6.0, 1300.0, 1158.0, 1906.0, 180.0, 260.0, 361.0, 185859.01207326417, 2.703042952639243, 40991.45279947094, 2.891760975391541, 229080.95893167623, 2.2312550823977833, 18696792.0, 10748121.000000002, 57699586.0, 10835266.0, 17669524.0, 21371481.0]
[661.72, 373.54, 990.38, 95.98, 86.56, 152.62, 632.2607005574423, 271.46392326173486, 485.8753048228884, 64.3705757346333, 61.44855488910364, 97.43776454323896, 12.0, 16.0, 23.0, 0.0, 5.0, 2.0, 2635.0, 1129.0, 1866.0, 233.0, 255.0, 318.0, 269975.0977229659, 2.6039305412463882, 60706.01946999214, 2.768610501742952, 196736.28169106384, 2.127484537415658, 41481594.0, 10587546.999999998, 60610293.0, 13645755.0, 15986735.0, 34018533.0]
[539.4117647058823, 417.72549019607845, 965.3921568627451, 98.47058823529412, 94.03921568627452, 143.84313725490196, 421.508110312036, 321.50975589747645, 480.9285218587632, 75.57760328064829, 76.0815249017299, 90.33080815514043, 16.0, 13.0, 109.0, 2.0, 0.0, 4.0, 1735.0, 1145.0, 1963.0, 262.0, 315.0, 313.0, 234162.27237616864, 2.803683100941464, 116317.02395380875, 2.878338294419719, 243913.74761630694, 2.552930024885505, 24197125.439999998, 14349002.999999998, 60277608.89999998, 13663298.0, 19231960.0, 26089649.0]
[549.3921568627451, 465.7450980392157, 873.0, 97.86274509803921, 95.37254901960785, 131.13725490196077, 428.1447922575434, 345.7570154392969, 471.9249516607487, 65.46266710357686, 65.94087072046099, 87.98773087376289, 21.0, 18.0, 55.0, 1.0, 1.0, 2.0, 1513.0, 1209.0, 1739.0, 243.0, 251.0, 293.0, 120187.52941001045, 2.8954649978617004, 96818.87868660844, 2.884093419718735, 234822.4884696925, 2.506606683111104, 25049993.340000007, 17381043.78, 51004321.74, 17906362.0, 18212837.0, 23126203.0]
[555.9, 434.9, 941.32, 81.4, 97.0, 139.06, 451.79994895700355, 345.3592775824111, 469.0029998598634, 58.40394171768944, 74.69611906974573, 98.6853192977454, 9.0, 20.0, 106.0, 2.0, 2.0, 4.0, 1733.0, 1422.0, 2024.0, 214.0, 295.0, 346.0, 332398.379066084, 2.9100673619133026, 169093.13920533028, 2.8630325814425173, 274320.4105206732, 2.3133999821317994, 25453276.999999996, 15301279.000000004, 55082394.00000001, 12376608.0, 17624304.0, 28805695.0]
[576.9, 582.86, 943.08, 115.96, 93.06, 156.3, 459.75367184559843, 383.31518495933364, 589.8714436214046, 67.245502087652, 62.49682767459286, 95.97517748812737, 29.0, 17.0, 2.0, 2.0, 4.0, 1.0, 1807.0, 1892.0, 2255.0, 226.0, 280.0, 326.0, 185113.85261212382, 2.832710066306347, 125431.21629663168, 2.592130796346406, 303464.4635556228, 2.2391154804325293, 26997978.999999996, 24185885.0, 61519461.999999985, 22035626.0, 25238016.0, 29914165.0]
[416.5, 574.58, 921.3, 90.94, 94.7, 128.86, 342.77702933063455, 448.9681635001915, 540.3490274152175, 64.89313350047294, 71.47148710771138, 96.74962637696144, 32.0, 2.0, 29.0, 1.0, 4.0, 2.0, 1468.0, 2024.0, 2325.0, 237.0, 286.0, 322.0, 165963.2118782309, 2.6297596997442083, 327467.1853482008, 2.4935419349109598, 354574.56419033924, 2.5449603822617997, 14430920.999999998, 26384157.000000007, 56746561.0, 16056231.0, 27301427.0, 22294648.0]
[372.14, 660.68, 942.0, 101.86, 93.8, 154.96, 290.4227748701284, 445.30945167950574, 496.18849282118913, 65.58185724726007, 66.33803353942255, 86.73321986742697, 1.0, 3.0, 7.0, 3.0, 2.0, 4.0, 1049.0, 1711.0, 2175.0, 226.0, 285.0, 301.0, 69878.12156007029, 2.805447381902636, 176981.5276056219, 2.626088316078915, 184039.10577204518, 2.3717706964354766, 11057333.0, 31541627.999999996, 56432148.00000001, 16109353.0, 29523699.0, 18925789.0]
[435.96078431372547, 609.8039215686274, 1002.0588235294117, 104.29411764705883, 99.84313725490196, 143.01960784313727, 307.6162518973478, 485.5377233380675, 480.2458708522003, 68.37318015644645, 78.86022382646897, 86.2815137085757, 11.0, 32.0, 58.0, 3.0, 3.0, 3.0, 1130.0, 2110.0, 1827.0, 258.0, 339.0, 318.0, 84379.89966700057, 2.577240156923004, 299339.7616624266, 2.8830657132328295, 310825.1262444066, 2.5345859497378282, 14713030.799999999, 31367290.92, 63996861.42, 14395202.0, 27829416.0, 24191292.0]
[332.7, 716.54, 962.58, 117.62, 103.06, 159.56, 310.9770809850128, 563.1904817870328, 518.42926386601, 73.52797329685387, 68.57512192434496, 98.8714192829273, 0.0, 6.0, 74.0, 2.0, 5.0, 0.0, 1214.0, 2168.0, 1954.0, 256.0, 305.0, 317.0, 103727.38202947323, 2.8621773551617187, 164843.86781248415, 2.5144880194401416, 242521.93123710348, 2.402850490850599, 10273095.0, 41213471.0, 59497688.99999999, 14495328.0, 33595688.0, 17583265.0]
[347.9, 632.08, 1019.24, 105.06, 99.84, 151.12, 242.7622713853272, 553.263521372621, 496.6188354816016, 74.61367440465096, 72.03070773734531, 100.67276550430962, 5.0, 41.0, 130.0, 1.0, 1.0, 1.0, 1097.0, 2141.0, 2159.0, 278.0, 264.0, 348.0, 70758.76678782144, 2.785469327289833, 537673.5930450975, 2.742347215658261, 286045.5497956359, 2.3264804364866665, 8939463.0, 34975182.00000001, 64027391.99999999, 12080555.0, 32684246.0, 19557523.0]
[264.08, 733.9, 945.08, 124.24, 95.24, 149.42, 209.10956409480264, 565.9955379502491, 514.2289190861301, 69.85307028736409, 65.92344353993703, 86.79746304954273, 8.0, 28.0, 27.0, 13.0, 0.0, 9.0, 854.0, 1991.0, 2209.0, 238.0, 314.0, 314.0, 55384.05298210165, 2.9120379314215783, 232017.11383593018, 2.5110099222217857, 268769.957444671, 2.4920986997204704, 5629525.999999999, 42627657.0, 57615948.0, 10022485.0, 32449877.0, 12488416.0]
[328.84, 577.24, 939.32, 111.52, 90.8, 139.34, 199.20611415909738, 447.03625201122657, 512.4447781100369, 81.36595085896603, 79.89355162863104, 93.91759523048677, 30.0, 16.0, 123.0, 3.0, 3.0, 14.0, 647.0, 1604.0, 2149.0, 292.0, 327.0, 335.0, 29782.982571099892, 2.6802704738547183, 220727.2459299555, 2.5378770052916235, 245038.0445757691, 2.2662282067150636, 7351258.000000001, 26452529.999999996, 56983485.99999999, 9553054.0, 27131867.0, 16396536.0]
[332.22, 708.3, 932.12, 140.78, 92.5, 163.28, 234.54482970821834, 602.8959449259576, 497.74391579836083, 91.80264768757478, 68.38374612942667, 107.20284796704284, 7.0, 11.0, 130.0, 3.0, 3.0, 3.0, 932.0, 2334.0, 1748.0, 354.0, 285.0, 348.0, 44630.06999462448, 2.767852870756765, 228121.50173847718, 2.675858684138096, 225371.71861078526, 2.5380679570461973, 8214059.0, 42895136.99999999, 55582085.99999999, 11871562.0, 33379086.0, 15090793.0]
[324.7843137254902, 651.5490196078431, 1013.0, 55.23529411764706, 338.27450980392155, -38.05882352941177, 274.6014795098883, 527.3410021504299, 535.8899887103696, 463.9484707695583, 1816.9547939168035, 1343.7114781345688, 12.0, 17.0, 69.0, -3139.0, 1.0, -9421.0, 1114.0, 2158.0, 2019.0, 297.0, 13051.0, 331.0, 77902.9951356171, 2.8026560883854508, 437270.28031950747, 2.537080694464534, 327756.7172492191, 2.3601329092769867, 9333026.520000001, 36265843.980000004, 68027393.46000001, 13738927.0, 32715050.0, 14723017.0]
[402.48, 791.38, 978.92, 117.68, 81.86, 158.42, 304.64688424737363, 574.5302567475165, 535.855441974678, 85.47954523195139, 59.047545698879176, 103.93838245296476, 7.0, 63.0, 21.0, 3.0, 3.0, 5.0, 1363.0, 1899.0, 2096.0, 314.0, 241.0, 354.0, 71484.65554412651, 2.5927438357338213, 230087.80420423133, 2.7227609257160816, 315397.06356632523, 2.1073128677736754, 12647183.999999998, 47488280.99999999, 61984130.0, 19338653.0, 38482742.0, 17271104.0]
[406.3921568627451, 564.5686274509804, 976.2745098039215, 140.98039215686273, 95.49019607843137, 154.05882352941177, 321.6187854234496, 440.80899513970724, 502.21354336303483, 90.56721044529934, 72.01898987045558, 108.39620136604528, 3.0, 3.0, 10.0, 6.0, 0.0, 5.0, 1256.0, 2189.0, 1921.0, 321.0, 292.0, 377.0, 135913.37792493426, 2.92131319620233, 275081.6630024547, 2.8772581527084236, 252303.62755598297, 2.574579064310864, 13866712.320000002, 26490678.06, 62444022.6, 14816116.0, 28407539.0, 19462866.0]
[459.14, 535.66, 937.16, 131.1, 92.54, 157.78, 302.9499864428356, 437.2011450402318, 457.68094938348855, 81.21079902051832, 62.57801987462187, 95.09292769685442, 45.0, 6.0, 15.0, 4.0, 0.0, 3.0, 1202.0, 1434.0, 1804.0, 288.0, 291.0, 335.0, 90694.10945731626, 2.8080078511504807, 125776.38979134195, 2.9029592929676156, 168529.1827043064, 2.076248688563217, 15037632.999999998, 23712678.999999996, 54177564.00000001, 15377207.0, 25662484.0, 19027033.0]
[428.32, 412.98, 910.22, 112.1, 96.94, 151.62, 357.81596227270643, 309.333482949178, 515.2474852150257, 75.02904199613069, 77.0471390296425, 104.5292440283716, 7.0, 2.0, 13.0, 7.0, 1.0, 0.0, 1355.0, 1254.0, 1893.0, 254.0, 319.0, 336.0, 145243.76775439808, 2.7221429552951446, 149069.85568960037, 2.5409595416619455, 253716.3658249687, 2.3032056895780637, 15446482.0, 13216297.000000002, 54433541.0, 11355932.0, 19747286.0, 18017307.0]
[593.78, 424.04, 915.8, 119.88, 98.86, 156.66, 423.6090462698273, 321.2942551110227, 491.7674911033896, 65.01103203083524, 62.87013177485597, 96.27672912718094, 5.0, 5.0, 1.0, 9.0, 6.0, 5.0, 1611.0, 1573.0, 1831.0, 237.0, 279.0, 299.0, 162594.33044245664, 2.5231373659436023, 72780.59007995873, 2.6256178639676997, 215327.05867292476, 2.0631035666316486, 26421521.0, 14048765.999999996, 53784410.0, 15876969.0, 20608159.0, 24218620.0]
[609.9, 357.58, 928.22, 111.26, 106.6, 137.08, 405.3351976438508, 300.2004833508461, 468.760166257104, 68.73516463312544, 75.80829742965919, 99.5534601536854, 52.0, 8.0, 84.0, 6.0, 0.0, 1.0, 1641.0, 1339.0, 2029.0, 259.0, 321.0, 328.0, 240317.34806227332, 2.377282520682956, 120532.87793259, 2.796270244821998, 295846.3320705715, 2.337363249532094, 26649435.0, 10809068.999999998, 53846687.0, 12708560.0, 18604861.0, 27640605.0]
[713.2156862745098, 328.05882352941177, 978.7843137254902, 117.25490196078431, 93.13725490196079, 155.64705882352942, 539.8306146829945, 278.59722983294046, 536.6828975745543, 62.07667617946531, 62.44390109781519, 101.66234770639753, 1.0, 1.0, 65.0, 15.0, 0.0, 2.0, 2351.0, 1173.0, 2150.0, 236.0, 302.0, 336.0, 163125.71617400108, 2.599839022248888, 59000.63575586809, 2.9135262593657743, 264281.98291027534, 2.2173879007776622, 41323629.239999995, 9556964.46, 64525589.63999999, 15169607.0, 18104553.0, 33461854.0]
[586.6274509803922, 266.078431372549, 958.4705882352941, 104.09803921568627, 98.82352941176471, 146.64705882352942, 388.78101603778515, 222.37291589914946, 462.5269874479186, 68.04564788491936, 72.62856349463424, 101.2633840100975, 7.0, 1.0, 71.0, 5.0, 0.0, 3.0, 1351.0, 901.0, 1885.0, 257.0, 299.0, 395.0, 178958.8572558172, 2.4561627289090824, 37959.66309539474, 2.708409713971019, 218653.1507829623, 2.3071956662892052, 25610419.080000002, 6204833.399999999, 58699490.400000006, 8205475.0, 14386124.0, 27819333.0]
[648.12, 246.32, 870.7, 96.26, 101.02, 155.3, 583.6114390900291, 183.68689420326322, 482.05090128384927, 53.07053835054178, 57.57674204476835, 97.14164915215306, 1.0, 17.0, 0.0, 3.0, 11.0, 12.0, 2973.0, 741.0, 2013.0, 177.0, 274.0, 330.0, 248665.8858330224, 2.4942162928240106, 49864.18701926206, 2.787820300520598, 255785.06738616314, 2.148184819754357, 37692490.0, 4686979.999999999, 49292205.00000001, 6580632.0, 11128761.0, 26947300.0]
[572.04, 303.06, 919.16, 90.82, 87.84, 148.14, 430.7719677082822, 254.2770793076413, 472.22752039711554, 60.20803729654406, 67.82792152775662, 100.12115314019535, 2.0, 18.0, 32.0, 0.0, 5.0, 6.0, 1789.0, 1160.0, 2015.0, 210.0, 268.0, 310.0, 254858.0462467197, 2.8313542385624357, 43681.100284897184, 3.007469836127466, 218948.03261944384, 2.5304390891553, 25454148.0, 7760452.999999997, 53169698.00000001, 9094743.0, 14051418.0, 27016994.0]
[753.08, 318.48, 935.88, 96.94, 95.0, 142.5, 585.70633583455, 269.04982013427497, 499.59475986206326, 62.29043560087647, 66.58246383092111, 99.21616268922877, 21.0, 1.0, 10.0, 1.0, 1.0, 8.0, 2214.0, 1223.0, 1916.0, 211.0, 262.0, 334.0, 293998.3184104559, 2.883858518438873, 44822.66699247806, 3.022946908444129, 193435.45644891151, 2.58358346801168, 45166017.99999999, 8618477.999999998, 56023719.99999999, 13805083.0, 13764898.0, 36683390.0]
[746.72, 379.84, 983.26, 117.36, 75.84, 173.68, 551.5953500566168, 294.43334438496316, 524.3371251554925, 77.89049351231404, 59.342093674158924, 107.36898803582315, 3.0, 2.0, 15.0, 0.0, 0.0, 2.0, 2170.0, 1129.0, 2104.0, 268.0, 242.0, 360.0, 348027.7105033388, 2.6836818734144656, 100452.90233308851, 2.594948254418889, 246591.63002861827, 2.61144938218036, 42788152.00000001, 11461779.999999998, 61811553.00000001, 17046387.0, 16881112.0, 35429440.0]
[644.94, 424.74, 1002.32, 116.56, 87.4, 166.08, 575.7357815908975, 332.51722741929063, 503.07351026931826, 79.96584985390415, 59.238018680091386, 117.67160113759698, 5.0, 1.0, 18.0, 2.0, 3.0, 2.0, 2194.0, 1343.0, 1871.0, 271.0, 252.0, 360.0, 312816.438631811, 2.6017123814800223, 111476.70697237668, 2.7700467121087446, 247704.6895626274, 2.5117056141074, 37039492.99999999, 14438021.000000002, 62633333.99999999, 17545952.0, 19341153.0, 35216552.0]
[688.74, 444.52, 982.62, 139.42, 87.72, 167.12, 573.3792351898862, 352.347534837584, 531.6761285917262, 86.69512379480128, 68.52827213371611, 109.04513950185763, 46.0, 23.0, 58.0, 8.0, 1.0, 3.0, 2776.0, 1525.0, 2204.0, 302.0, 291.0, 367.0, 290478.571567174, 2.8670776217570717, 87158.69485181372, 2.5743413253685588, 252837.01485855697, 2.6806912987346903, 39827563.00000001, 15963191.999999998, 62128399.00000001, 20926169.0, 20665863.0, 35286628.0]
[481.64, 468.14, 936.38, 86.64, 106.54, 149.32, 412.6916010182669, 385.76840943017316, 519.408646875444, 63.39276981885334, 70.16022770074515, 112.7537392474667, 23.0, 11.0, 21.0, 0.0, 3.0, 5.0, 1521.0, 1653.0, 2008.0, 264.0, 298.0, 348.0, 233142.3177851924, 2.4973333795244352, 201001.2227993276, 2.7428726193014743, 310978.04133647826, 2.2471990725607403, 19944258.0, 18249798.999999996, 57059857.0, 15454044.0, 19375371.0, 23995886.0]
[474.48, 612.58, 938.18, 111.68, 87.72, 164.14, 414.6567914479125, 460.421638616304, 491.899055929659, 74.0381699682326, 61.87678342101028, 108.07537241411191, 4.0, 25.0, 30.0, 2.0, 3.0, 3.0, 1491.0, 2006.0, 1964.0, 264.0, 256.0, 344.0, 167407.34688708995, 2.677068877264797, 208595.04217579102, 2.578377441790888, 197176.29427318496, 2.4481629998285017, 19681635.999999996, 29150128.999999996, 55865354.99999999, 19003412.0, 26986422.0, 23356989.0]
[426.9, 560.1, 912.58, 102.22, 99.12, 153.9, 323.22300698573105, 379.79163191606705, 522.0645080947803, 75.84497884716252, 77.81706438952887, 109.7286541930612, 6.0, 11.0, 23.0, 2.0, 3.0, 1.0, 1226.0, 1521.0, 2067.0, 287.0, 318.0, 360.0, 135643.14638274, 2.7029387809066843, 153757.9176632928, 2.666018293956626, 282176.62951191154, 2.3398812674343135, 14231363.0, 22753443.0, 54995129.0, 15336062.0, 25962779.0, 21601142.0]
[387.9, 655.64, 1017.92, 115.9, 96.9, 161.38, 284.848778355485, 475.9878561304621, 506.0066886708039, 78.60992563387441, 75.18202401301708, 105.93642490875827, 34.0, 23.0, 45.0, 6.0, 0.0, 5.0, 1075.0, 2267.0, 2008.0, 273.0, 306.0, 347.0, 57137.23147324909, 2.922234436699003, 161075.83972336026, 2.445467514849753, 222313.24745761437, 2.022799721645781, 11499123.0, 32594848.0, 64354152.0, 14642973.0, 32181072.0, 22581204.0]
[340.44, 613.58, 928.16, 114.02, 102.04, 146.26, 236.13038252419025, 496.40483355373385, 507.84090229206265, 84.32141858776488, 75.38444596783577, 106.51775937009043, 13.0, 12.0, 8.0, 2.0, 2.0, 1.0, 1037.0, 2259.0, 1784.0, 277.0, 342.0, 350.0, 44952.32009648919, 2.8544753566500343, 269551.74918550707, 2.475799912381708, 260126.79836136644, 2.4481340879215, 8527090.0, 30898490.999999996, 55711266.000000015, 12917934.0, 28717211.0, 16887461.0]
[282.16, 677.96, 1000.58, 128.82, 105.32, 168.54, 247.09531830152227, 528.4266581666982, 482.4269465686076, 77.08111020879504, 72.12812862382825, 111.5532653955417, 2.0, 17.0, 36.0, 9.0, 2.0, 13.0, 1300.0, 2144.0, 2237.0, 292.0, 306.0, 355.0, 62841.21731418799, 2.8107905286908985, 248687.40802779948, 2.7103356528604756, 239512.78449006254, 2.681932674941797, 6972462.0, 36663990.0, 61462069.0, 12634610.0, 33754462.0, 15404057.0]
[234.48, 757.28, 969.2, 124.54, 99.74, 146.42, 191.22881261857535, 608.2761537194052, 522.8908654230413, 83.32655455422089, 66.48087341944482, 110.79749684050832, 1.0, 21.0, 39.0, 0.0, 1.0, 11.0, 693.0, 2634.0, 2395.0, 298.0, 253.0, 352.0, 29526.69151559592, 2.8403707063384176, 300304.6296582706, 2.76310655332628, 219344.0646201323, 2.431235378028718, 4540898.0, 46803644.0, 60364760.0, 11043991.0, 41108710.0, 11634449.0]
[229.64, 769.04, 964.02, 144.82, 93.48, 171.5, 194.77215993492058, 643.4073822951029, 479.0571305029435, 92.76032095059364, 67.35778366609283, 100.39762782789934, 1.0, 1.0, 15.0, 8.0, 0.0, 8.0, 630.0, 2315.0, 1983.0, 346.0, 246.0, 317.0, 34744.047976058064, 2.8653645121127855, 448006.33978106716, 2.670755535615745, 281815.63188330404, 2.468249509715295, 4495600.000000001, 49855806.0, 57712019.000000015, 8882868.0, 36257579.0, 11153753.0]
[365.02, 734.48, 987.88, 132.6, 104.82, 153.68, 271.793025244263, 607.7536839939049, 569.6535158877415, 91.03419406901958, 68.2811385197334, 119.74146299082734, 2.0, 6.0, 13.0, 6.0, 0.0, 0.0, 979.0, 2480.0, 2413.0, 312.0, 312.0, 387.0, 73153.51624521057, 2.80855908493233, 265054.4458682946, 2.77257454024045, 368544.01965452125, 1.8486130913135013, 10281681.0, 45071905.99999999, 64696095.99999999, 15154613.0, 39324706.0, 16205834.0]
[402.01960784313724, 725.5490196078431, 1002.0784313725491, 142.15686274509804, 105.86274509803921, 165.7450980392157, 262.38334476075863, 534.8375571601341, 521.912898600418, 82.37435827950821, 71.9107835050747, 106.2146587128641, 26.0, 44.0, 8.0, 5.0, 5.0, 1.0, 1071.0, 2145.0, 2002.0, 313.0, 284.0, 332.0, 79920.30647986004, 2.8515030648541533, 261169.67568407123, 2.5894800567152934, 265153.3739813561, 2.447203962062507, 11918556.180000003, 41973052.01999999, 66128511.48, 18675781.0, 36930524.0, 19269809.0]
[388.2, 492.44, 976.56, 137.14, 126.88, 144.4, 307.0938166829446, 432.59870455616647, 439.64759356854466, 90.79647795021162, 86.12275055561861, 110.76524173002198, 2.0, 1.0, 89.0, 4.0, 5.0, 1.0, 1220.0, 1585.0, 2133.0, 317.0, 362.0, 346.0, 158513.613488013, 2.6435610584276916, 290920.3993215571, 2.8555191501618418, 239409.3105973393, 2.677865594451371, 12155986.0, 21294798.0, 57154681.99999999, 13766006.0, 24584093.0, 19691173.0]
[545.9, 587.5, 939.58, 120.64, 94.98, 179.24, 380.3840835529375, 450.6828945373581, 473.7984627088886, 76.86637225519017, 64.54313223238663, 101.69553599257111, 7.0, 2.0, 2.0, 0.0, 3.0, 1.0, 1461.0, 1709.0, 1881.0, 269.0, 259.0, 328.0, 123348.2045928766, 2.7170859815012816, 129866.192850441, 2.5325748628126683, 165094.53375339092, 2.792971933901343, 21990251.0, 27210451.000000007, 55140293.00000001, 20805840.0, 28170033.0, 23633834.0]
[505.98, 404.94, 833.06, 110.26, 96.68, 137.02, 342.758765052636, 315.9255537467713, 460.0789821279802, 75.18923338036191, 71.61559515488058, 102.35701624954787, 22.0, 12.0, 9.0, 10.0, 1.0, 0.0, 1388.0, 1150.0, 1663.0, 264.0, 296.0, 305.0, 142970.78582177774, 2.491388845759978, 114210.19856249893, 2.5932706764654974, 239437.75042798222, 1.9969912519806758, 18557483.0, 13089458.999999998, 45071409.00000001, 11827862.0, 18377628.0, 20490064.0]
[609.46, 387.14, 945.46, 124.46, 116.12, 166.62, 426.4709579317022, 306.9566219437236, 505.2432111854444, 63.85832852846196, 78.1332300154874, 110.36523594919936, 3.0, 47.0, 4.0, 6.0, 7.0, 0.0, 1453.0, 1330.0, 1913.0, 249.0, 352.0, 350.0, 144732.2882034437, 2.580136289495393, 91995.97605291144, 2.62096672018465, 306605.43722307554, 1.5767967711548052, 27484070.999999993, 12110764.999999998, 57202995.0, 13653764.0, 18829545.0, 24572891.0]
[707.2941176470588, 386.4901960784314, 885.9411764705883, 112.27450980392157, 109.76470588235294, 132.37254901960785, 524.436890163827, 332.38010605624515, 550.6212640922871, 70.06256587689964, 79.93286889266372, 110.11575015125015, 1.0, 1.0, 6.0, 0.0, 2.0, 3.0, 1941.0, 1625.0, 2094.0, 233.0, 337.0, 418.0, 258108.43712924168, 2.9029003869669303, 141938.81949741938, 2.801833770458734, 257598.2228610023, 2.548966632637706, 40050520.32, 13404773.7, 56292442.38, 15953288.0, 19405134.0, 31159567.0]
[592.28, 335.66, 949.76, 109.18, 113.98, 164.02, 428.189403065932, 283.43891182174315, 462.4599512721207, 61.49023151223755, 83.24012229197933, 109.83354567299575, 12.0, 5.0, 39.0, 1.0, 2.0, 5.0, 1548.0, 1138.0, 1852.0, 235.0, 327.0, 409.0, 226521.38656298356, 2.736476119546471, 61209.03785370819, 2.596965213009987, 231160.23669262382, 2.5456396006791953, 26523742.000000004, 9569925.0, 55581794.00000001, 11150221.0, 16993152.0, 26556336.0]
[671.32, 325.28, 925.2, -373.94, -130.76, 102.76, 507.2663205851538, 279.4457371297691, 506.0169796296063, 2367.8654333834606, 1873.6264363146518, 962.3527623401274, 5.0, 7.0, 11.0, -11855.0, -13046.0, -5841.0, 1888.0, 1124.0, 1824.0, 206.0, 1355.0, 3158.0, 219371.02661894602, 2.588792368293086, 99121.12240063306, 2.736564432919493, 217585.82834574828, 2.236184170783386, 35142164.0, 9116760.0, 55346357.99999999, 10140804.0, 16427215.0, 27198550.0]
[584.34, 262.06, 914.68, 85.16, 106.64, 148.68, 405.6990243608517, 229.86246198231547, 516.3015429623528, 55.41581591081398, 84.89339293057681, 110.157853342652, 4.0, 10.0, 12.0, 2.0, 0.0, 1.0, 1662.0, 851.0, 2273.0, 197.0, 357.0, 338.0, 173774.3183516599, 2.7179155195545963, 25615.753649796283, 2.8643632496943283, 220857.06288829833, 2.496644785308721, 25137655.0, 6022773.0, 54893772.0, 7523569.0, 13754117.0, 25917312.0]
[755.44, 247.52, 940.04, 107.02, 104.7, 167.5, 646.0651436162752, 203.05525939346398, 512.8514508239641, 59.08882625128969, 70.76873805370762, 110.88848047493849, 7.0, 7.0, 31.0, 1.0, 2.0, 0.0, 2940.0, 939.0, 2404.0, 214.0, 234.0, 346.0, 271409.7474269581, 2.2519003725706623, 28845.548589752296, 2.699648053060902, 199963.71196331808, 2.2044063911780025, 48987088.00000001, 5083648.000000001, 57071574.0, 9494912.0, 13496476.0, 37782678.0]
[577.04, 259.14, 925.74, -133.12, -68.4, 231.94, 382.03595086732616, 240.9388109297564, 485.8240552433167, 1692.8064807367937, 1095.9902427690213, 563.0200058068767, 34.0, 1.0, 34.0, -11852.0, -7649.0, 0.0, 1489.0, 857.0, 1997.0, 264.0, 270.0, 4057.0, 179078.76596194613, 2.8536912669510404, 52101.65780705706, 2.6490400494456003, 271402.6524368291, 2.46628264734325, 23800380.0, 6202201.0, 54414953.00000001, 7437700.0, 12266737.0, 25444520.0]
[641.78, 310.5, 880.0, 99.2, 97.88, 170.92, 431.1370012856134, 226.67591267656806, 489.94118764086244, 64.8382603097893, 62.9267925806631, 99.89358419470845, 10.0, 6.0, 14.0, 3.0, 1.0, 8.0, 1738.0, 877.0, 1829.0, 223.0, 289.0, 363.0, 128577.5058063817, 2.654129029289824, 47072.456249259136, 2.842363553894093, 170983.4076985505, 2.2157493468904907, 29702154.999999996, 7338228.999999999, 50482076.00000001, 9831337.0, 12294619.0, 27631312.0]
[492.9, 292.28, 878.82, 102.08, 100.6, 156.08, 471.12406832500295, 178.01937982095302, 483.8502336172099, 70.74439185965088, 85.05316464615841, 119.31416940333685, 7.0, 5.0, 41.0, 11.0, 1.0, 2.0, 2497.0, 687.0, 1953.0, 233.0, 328.0, 371.0, 425617.6467382639, 2.9175483269724545, 34192.187762842266, 2.8145890360270993, 270521.48063757963, 2.2671524298690047, 23023457.0, 5824233.999999998, 50087671.00000001, 7349351.0, 12806064.0, 22508861.0]
[547.58, 388.34, 903.14, 107.72, 88.5, 168.52, 387.39665323641543, 299.0011678360921, 490.3944688738249, 61.65573942530924, 70.79122798188821, 100.93910874120787, 10.0, 4.0, 23.0, 1.0, 4.0, 6.0, 1522.0, 1197.0, 1945.0, 208.0, 326.0, 370.0, 94964.86168255366, 2.758933574691368, 86103.53050851656, 2.9203764138094552, 173018.18695566108, 2.567672243687561, 22345925.0, 11921081.0, 52566942.99999999, 10484151.0, 15550374.0, 22725540.0]
[509.72, 443.64, 909.36, 92.46, 85.18, 145.2, 446.9485218954078, 353.41158060556313, 539.5923162491308, 65.18019293482037, 57.130602257334154, 112.24117619061668, 13.0, 12.0, 136.0, 1.0, 1.0, 4.0, 2035.0, 1614.0, 3174.0, 256.0, 244.0, 347.0, 328644.42496393167, 2.5982674061167086, 206068.08686278595, 2.652723798816286, 224578.56579640528, 2.519088747885948, 22779110.0, 15960910.0, 55613613.99999999, 15241388.0, 18353785.0, 22210751.0]
