[384.1860465116279, 404.3953488372093, 442.09302325581393, 67.76744186046511, 42.30232558139535, 148.06976744186048, 329.37200388545716, 313.8832918940295, 401.6631385314416, 59.139398361314136, 40.92183890326541, 123.37638798347676, 9.0, 18.0, 9.0, 2.0, 0.0, 12.0, 1491.0, 1413.0, 1971.0, 220.0, 179.0, 357.0, 141599.21121621813, 2.586886483462639, 143659.17497887215, 2.6065458585353416, 302752.09467032424, 2.459262148508641, 9376719.320000002, 9606187.1, 13054959.959999999, 7448105.0, 7586706.0, 7005240.0]
[468.4418604651163, 525.3255813953489, 647.6511627906976, 85.51162790697674, 46.16279069767442, 124.88372093023256, 378.87429139778084, 375.53578999624835, 446.0929800432347, 78.95911301578307, 39.29008734344007, 115.71726818955588, 9.0, 24.0, 59.0, 0.0, 3.0, 0.0, 1585.0, 1442.0, 1970.0, 356.0, 170.0, 378.0, 91932.8488073054, 2.6799478013321014, 125264.13077500733, 2.400282723866153, 132472.22141407052, 2.2612953823146222, 13299680.700000001, 15299158.339999998, 22699177.98, 13285686.0, 14979298.0, 11657610.0]
[387.0232558139535, 411.3720930232558, 504.5813953488372, 85.25581395348837, 48.48837209302326, 99.67441860465117, 313.5379135859234, 343.0662176298452, 349.3938446699437, 64.03685435273296, 41.941780563188196, 91.0674059433405, 18.0, 2.0, 19.0, 3.0, 1.0, 5.0, 1532.0, 1200.0, 1594.0, 261.0, 172.0, 296.0, 142350.1485664443, 2.626912490885004, 189097.8987556691, 2.354220310842057, 179161.164702579, 2.4738578046172703, 9089936.840000002, 10509137.219999997, 13824583.420000002, 8914105.0, 9669695.0, 8170480.0]
[466.4418604651163, 448.25581395348837, 623.7906976744187, 98.18604651162791, 52.0, 104.83720930232558, 302.69899415611366, 295.6661641448934, 368.523925574623, 56.43000544878732, 45.66127879234637, 92.09620493513916, 8.0, 0.0, 29.0, 0.0, 0.0, 3.0, 1216.0, 1382.0, 1327.0, 227.0, 200.0, 312.0, 89140.38555103786, 2.725199009176872, 66538.34984934737, 2.2461858651438633, 73562.04757974666, 2.5832710438774162, 11355220.7, 10588068.019999998, 19294919.580000006, 8586241.0, 14021298.0, 11702477.0]
[489.30232558139534, 425.5581395348837, 602.4651162790698, 99.81395348837209, 59.06976744186046, 94.06976744186046, 369.9856197259384, 369.7152251798533, 385.5673215774886, 70.28623648168744, 51.5282610154657, 91.94677428994223, 0.0, 30.0, 4.0, 1.0, 2.0, 3.0, 1345.0, 1404.0, 1533.0, 267.0, 226.0, 297.0, 107932.05627814775, 2.0672238940525394, 79254.9737491466, 2.088995031880454, 131859.7285231742, 2.472971466131504, 13798075.639999999, 11634287.26, 18792093.920000006, 11297671.0, 13458472.0, 14545443.0]
[530.8372093023256, 382.1860465116279, 599.1627906976744, 89.13953488372093, 57.627906976744185, 98.55813953488372, 401.2144617243856, 429.91683890270343, 392.7577061310954, 68.603963996033, 49.85312869573028, 106.58001740824578, 18.0, 9.0, 34.0, 8.0, 1.0, 1.0, 1756.0, 1538.0, 1808.0, 295.0, 230.0, 332.0, 291497.46357651416, 2.5471902368865096, 313124.92349572876, 2.3919375817530524, 238343.9216887069, 2.222435548247011, 16234871.879999999, 12077532.12, 18847495.12, 10353174.0, 13107818.0, 15117146.0]
[475.48837209302326, 371.5581395348837, 619.5813953488372, 94.27906976744185, 66.34883720930233, 114.5813953488372, 285.92801059449374, 379.4509380624276, 371.2323898377852, 65.3369747216745, 53.89579174354288, 98.19228768040496, 39.0, 1.0, 34.0, 2.0, 5.0, 0.0, 1022.0, 1476.0, 1741.0, 259.0, 242.0, 317.0, 86058.7253549827, 2.5442052674003257, 116006.16599576484, 1.9511227361075236, 89611.76089121289, 2.3392495669150284, 11313762.68, 10305957.06, 19173746.439999998, 7915968.0, 11687748.0, 12903202.0]
[543.0, 456.16279069767444, 625.2558139534884, 93.55813953488372, 60.58139534883721, 126.67441860465117, 393.2222199796373, 416.4346933441041, 409.301559164439, 71.83257727772977, 44.178874804130366, 103.9133615612711, 25.0, 3.0, 19.0, 0.0, 13.0, 1.0, 1675.0, 1763.0, 1771.0, 281.0, 191.0, 319.0, 156004.42237586432, 2.6624431420630548, 91597.76341676137, 2.3597686083184164, 120505.45045411636, 2.061943762274633, 16488524.580000002, 13958817.379999999, 20508242.84, 12165737.0, 14117104.0, 13062183.0]
[465.48837209302326, 336.48837209302326, 594.3720930232558, 73.55813953488372, 61.093023255813954, 88.16279069767442, 328.01265742803446, 392.02929750168903, 358.31829580335375, 61.443083351133616, 51.723538877146034, 100.6275381774076, 5.0, 4.0, 73.0, 0.0, 0.0, 0.0, 1283.0, 1721.0, 1642.0, 269.0, 218.0, 344.0, 141679.43100799227, 2.7421421531593615, 320197.77742649295, 2.289423580466655, 207358.11364947414, 2.3607074548372067, 11899039.12, 9738212.580000002, 17701746.359999996, 7260464.0, 11447507.0, 11571620.0]
[548.7674418604652, 434.90697674418607, 631.7906976744187, 105.55813953488372, 62.51162790697674, 106.48837209302326, 379.98915004618743, 425.3212687097046, 349.1467530272932, 73.72545671533565, 46.2911963722319, 94.26365559606968, 7.0, 13.0, 58.0, 8.0, 1.0, 6.0, 1428.0, 2010.0, 1499.0, 307.0, 214.0, 304.0, 92353.903895764, 2.664311042961061, 111360.64129000125, 2.307806045183906, 104865.54297929743, 2.250915194764793, 16351798.339999998, 13528590.34, 19164070.58, 12149000.0, 13290759.0, 13286381.0]
[577.7441860465116, 437.4651162790698, 714.2325581395348, 94.34883720930233, 61.53488372093023, 120.27906976744185, 392.27881805718937, 477.49975561385963, 461.99045739522853, 82.4869062396977, 47.55315263556555, 113.76507238318868, 18.0, 12.0, 27.0, 0.0, 1.0, 1.0, 1470.0, 2404.0, 1812.0, 353.0, 203.0, 413.0, 128403.70374032382, 2.4475605887762306, 140158.31055982082, 2.602749812624368, 220648.53461474236, 1.9065539722602278, 17901735.060000006, 15312651.740000002, 26573817.680000003, 11701604.0, 17043308.0, 17326192.0]
[615.6279069767442, 416.2325581395349, 611.8837209302326, 89.90697674418605, 58.395348837209305, 104.44186046511628, 431.0778861929275, 413.97054399519914, 482.639874090419, 79.21754674357743, 53.251934699879, 94.77273626583438, 30.0, 13.0, 3.0, 2.0, 0.0, 0.0, 1685.0, 1545.0, 1855.0, 313.0, 231.0, 307.0, 201109.52444894027, 2.675845752519876, 284914.0056093844, 2.60214740974231, 350553.2817482742, 2.2492070774291264, 20727448.24, 12596710.68, 22259212.299999997, 12000772.0, 13640424.0, 18600214.0]
[547.7209302325581, 313.4418604651163, 665.8604651162791, 93.97674418604652, 68.13953488372093, 103.90697674418605, 395.38717164808975, 386.70416293925706, 391.4322042737869, 67.47503537361871, 58.62860564416073, 97.44346687120897, 4.0, 4.0, 86.0, 0.0, 1.0, 4.0, 1643.0, 1880.0, 1499.0, 299.0, 266.0, 311.0, 126028.3665673812, 2.7201953517824644, 105610.56262800413, 2.5906316475839373, 160037.00298311663, 2.3503382171866547, 16740610.36, 9034518.44, 21930104.920000006, 9844398.0, 9617993.0, 15057337.0]
[634.7674418604652, 353.90697674418607, 643.2558139534884, 96.93023255813954, 70.90697674418605, 111.97674418604652, 466.4312758651642, 357.91291930762844, 388.0120943760127, 94.72476302898315, 62.390786084656376, 93.819352347272, 29.0, 5.0, 20.0, 1.0, 0.0, 3.0, 1637.0, 1457.0, 1414.0, 365.0, 227.0, 299.0, 187757.4866571397, 2.5673594373284185, 65572.15034997814, 2.3087051198573487, 114138.89213272184, 2.665554328599651, 22758540.339999996, 9258782.360000001, 20739500.280000005, 11153206.0, 11951055.0, 18201998.0]
[563.4651162790698, 280.6744186046512, 764.4186046511628, 84.34883720930233, 59.72093023255814, 109.97674418604652, 415.0509061627667, 318.224966915084, 460.1091088280888, 64.63409233115964, 52.37289628978648, 94.68179499477712, 11.0, 3.0, 123.0, 4.0, 2.0, 0.0, 1628.0, 1555.0, 1906.0, 243.0, 226.0, 322.0, 245988.99961821956, 2.6370043479351066, 136048.76793028993, 2.589145396059849, 224591.0592921589, 2.0884352676206306, 17963182.06, 6570983.94, 29255356.160000004, 6748468.0, 10355889.0, 18284186.0]
[598.2727272727273, 359.20454545454544, 654.4318181818181, 82.11363636363636, 47.93181818181818, 109.93181818181819, 477.2725496828423, 392.7486076564341, 466.3298761420545, 92.34092944943549, 56.25911718454866, 101.34018182552904, 11.0, 3.0, 11.0, 2.0, 0.0, 0.0, 2142.0, 1614.0, 1936.0, 366.0, 273.0, 349.0, 253926.22005645148, 2.7255225994998007, 177789.3942639024, 2.524961013341624, 186310.78022818064, 2.1156281655744498, 22478598.560000002, 10832836.08, 24811861.360000003, 14143656.0, 13026283.0, 19021389.0]
[690.3953488372093, 418.8139534883721, 794.046511627907, 114.97674418604652, 61.348837209302324, 144.46511627906978, 387.6719980513032, 366.89587570615765, 473.41021945074084, 87.35709101757023, 58.14263402592686, 122.04514169476671, 68.0, 21.0, 20.0, 4.0, 0.0, 2.0, 1743.0, 1846.0, 1881.0, 311.0, 225.0, 371.0, 118840.73313595033, 2.5330744293587135, 51223.49169877132, 2.3363398516915495, 190095.3442159235, 2.2255853123229623, 23054818.94, 11348688.14, 31411369.28, 12302630.0, 16661063.0, 23437843.0]
[518.8372093023256, 362.4651162790698, 701.1162790697674, 76.3953488372093, 60.93023255813954, 98.0, 511.228069979421, 374.51011486354435, 424.30487743413516, 67.88685949532001, 53.91501043257461, 99.97785469078354, 47.0, 7.0, 13.0, 3.0, 2.0, 2.0, 2368.0, 1514.0, 1640.0, 286.0, 251.0, 319.0, 467851.90544208646, 2.6524208097863333, 223642.30013680374, 2.5644269640758126, 196199.8617067021, 2.439163574737465, 19394833.52, 9924580.599999998, 24680888.87999999, 9520006.0, 12293362.0, 17943473.0]
[596.6511627906976, 339.09302325581393, 585.1162790697674, 91.44186046511628, 62.97674418604651, 112.5813953488372, 447.37029957194505, 377.3069871725326, 391.61474079109007, 65.38323009311056, 58.51149190018472, 102.1728769707638, 12.0, 0.0, 64.0, 9.0, 1.0, 1.0, 1881.0, 1630.0, 1837.0, 235.0, 241.0, 315.0, 170637.83156099266, 2.811331061746651, 67051.71373321112, 2.4713180573501745, 122669.17438122428, 2.6357115683416166, 20393670.2, 9394174.740000002, 18199951.24, 7928238.0, 10017269.0, 14314743.0]
[530.4651162790698, 326.0, 642.3488372093024, 55.604651162790695, 45.651162790697676, 45.7906976744186, 412.0921850657303, 239.57641190830358, 386.7701349898209, 43.19840138955966, 28.951423783501838, 61.8206153547099, 7.0, 6.0, 46.0, 0.0, 0.0, 0.0, 1937.0, 972.0, 1720.0, 186.0, 103.0, 263.0, 225249.01787669657, 2.686946893922213, 58053.91092898048, 2.6723507284751387, 173889.02867979277, 2.3768646896166903, 16539819.28, 6003260.959999999, 20661624.7, 7596798.0, 9528906.0, 15817015.0]
[655.8372093023256, 362.3255813953488, 691.3953488372093, 91.72093023255815, 51.72093023255814, 106.09302325581395, 446.66829762846646, 306.48123697173594, 400.0150675456687, 75.64463458812665, 52.40425536219788, 105.41862443960053, 5.0, 14.0, 40.0, 1.0, 0.0, 3.0, 2113.0, 1399.0, 1915.0, 286.0, 246.0, 319.0, 131599.81721849713, 2.714917564112818, 52397.35477950865, 2.612199293396448, 112883.56205596248, 2.2707027361168137, 23112321.979999997, 8247506.640000001, 23457093.4, 9031628.0, 13655329.0, 17983519.0]
[584.6744186046511, 295.09302325581393, 733.2325581395348, 83.06976744186046, 55.30232558139535, 100.86046511627907, 423.1205907658135, 237.19379397983218, 466.0234940536441, 74.18714923657191, 37.65162039371513, 102.50820673193714, 81.0, 11.0, 69.0, 2.0, 2.0, 3.0, 1862.0, 934.0, 1688.0, 293.0, 178.0, 325.0, 127613.17985223084, 2.367304271592945, 48681.549349419474, 2.8570259406847094, 278262.0155863027, 2.455585283625572, 19107998.580000002, 5252357.98, 27726022.46, 6992319.0, 11102383.0, 18485761.0]
[576.4186046511628, 457.93023255813955, 682.6279069767442, 68.53488372093024, 51.06976744186046, 109.51162790697674, 452.40201425587014, 433.8976396378274, 552.3885374856316, 67.89780445191818, 49.40811353692794, 94.71470245728767, 31.0, 8.0, 20.0, 0.0, 0.0, 14.0, 1611.0, 2171.0, 1908.0, 249.0, 222.0, 330.0, 237322.1106744417, 2.732971518125833, 308227.2703533817, 2.628658553309074, 300572.6573871469, 2.081648706862826, 19679509.0, 14554919.5, 28253379.62, 12503362.0, 17609691.0, 15910875.0]
[675.3720930232558, 284.5581395348837, 651.8139534883721, 94.72093023255815, 61.906976744186046, 115.34883720930233, 524.2796883187544, 299.4622404312025, 398.7237530286299, 79.17140103579831, 54.43030228934036, 113.9118045893673, 2.0, 1.0, 29.0, 0.0, 0.0, 0.0, 1771.0, 1385.0, 1388.0, 296.0, 190.0, 330.0, 168024.16606189258, 2.369582519663132, 32767.99386379673, 2.440899913771417, 127950.28330697429, 2.1567378108586235, 26795868.820000004, 6233550.04, 21453756.079999994, 8347791.0, 9869226.0, 18604296.0]
[601.1162790697674, 289.90697674418607, 618.2325581395348, 76.55813953488372, 52.95348837209303, 95.53488372093024, 516.7485899398978, 233.44070461085775, 398.07715435514586, 79.53415029484457, 46.33673513807176, 103.58855168341293, 40.0, 1.0, 4.0, 0.0, 0.0, 0.0, 1946.0, 841.0, 1359.0, 310.0, 178.0, 311.0, 435347.7819360431, 2.490789518111752, 57704.80449956463, 2.5443535820418677, 194604.49444272788, 2.379372024785409, 23007473.36, 5076366.719999999, 19857952.119999997, 8064384.0, 9406848.0, 17612617.0]
[588.3953488372093, 357.93023255813955, 633.9069767441861, 98.51162790697674, 62.18604651162791, 98.69767441860465, 499.1650714435858, 340.3951062367739, 413.1961838869492, 88.93587098177439, 57.21690385173543, 104.27014705030138, 10.0, 6.0, 14.0, 3.0, 2.0, 2.0, 1735.0, 1449.0, 1752.0, 336.0, 243.0, 329.0, 132281.14738022743, 2.3648399037990337, 80003.7828601452, 2.5845640584974774, 136372.16883852953, 2.0735084738342144, 21802679.58, 8922839.700000001, 21026778.12, 10480271.0, 11271921.0, 15464651.0]
[587.2325581395348, 407.9767441860465, 669.3255813953489, 90.27906976744185, 71.69767441860465, 105.74418604651163, 485.76972975196804, 373.70567030447734, 432.39437030663134, 84.04996404673189, 61.42146936719119, 101.1606673572048, 27.0, 11.0, 63.0, 0.0, 0.0, 1.0, 1953.0, 1906.0, 1845.0, 331.0, 261.0, 318.0, 240226.6114360775, 2.4783978690401547, 142253.14383853646, 2.5391012044694565, 161886.93699279433, 1.9099438963658548, 21275576.979999993, 11199509.100000001, 23320091.099999998, 13393631.0, 13611072.0, 16558919.0]
[523.3023255813954, 286.7674418604651, 593.0930232558139, 82.69767441860465, 54.53488372093023, 82.51162790697674, 422.6420603595187, 277.1490777464018, 420.1897991754661, 86.02118645003931, 44.231183159357535, 95.73733214548251, 20.0, 5.0, 22.0, 1.0, 3.0, 0.0, 1658.0, 1382.0, 1710.0, 320.0, 193.0, 332.0, 246725.909187289, 2.760599932934962, 108303.64510084382, 2.856710596641455, 225167.51869663352, 2.5796741175189526, 16578782.440000001, 5815506.620000001, 19385388.14, 7131066.0, 8835927.0, 14595322.0]
[596.8372093023256, 357.3953488372093, 585.4186046511628, 94.37209302325581, 61.93023255813954, 115.06976744186046, 419.9926263656904, 283.20059687982604, 416.45300612709275, 90.1018004301415, 55.317436908583396, 114.88014361744015, 15.0, 6.0, 3.0, 2.0, 0.0, 0.0, 1684.0, 1113.0, 1634.0, 330.0, 190.0, 322.0, 101553.21034409343, 2.4130457873145432, 73607.74579606851, 2.8509750370536735, 162950.99701541135, 2.40382642014922, 19544162.200000007, 7620425.599999999, 18938002.379999995, 9544210.0, 9767179.0, 15555078.0]
[536.0, 490.8139534883721, 385.51162790697674, 60.23255813953488, 107.34883720930233, -68.95348837209302, 880.7104275202248, 1415.3841688795837, 772.958551592917, 74.31715728625278, 336.27595553715287, 906.7029217231801, 4.0, 20.0, -4032.0, 2.0, 8.0, -5848.0, 5876.0, 9457.0, 1223.0, 459.0, 2251.0, 338.0, 1502395.9262929566, 3.0164662204293795, 4074953.4804255897, 3.0559747296810187, 1120399.9613831758, 2.9684358861489395, 38640715.04, 81268062.41999999, 27076371.58, 61176917.0, -31811952.0, -14418191.0]
[783.1627906976744, 312.95348837209303, 739.953488372093, 116.76744186046511, 57.372093023255815, 119.65116279069767, 703.9119915982651, 239.7070586687776, 432.0793552274073, 92.70841057271535, 55.48145260904935, 116.15340507501485, 39.0, 18.0, 94.0, 4.0, 0.0, 0.0, 2672.0, 835.0, 1635.0, 327.0, 206.0, 335.0, 266724.4013043435, 2.239165397044728, 60301.8374988272, 2.584625872874829, 123152.35013307662, 2.433855866474145, 40578633.88000001, 5697253.18, 26991038.08, 11652270.0, 10063634.0, 25347133.0]
[326.93023255813955, 303.27906976744185, 487.30232558139534, 55.348837209302324, 56.97674418604651, 66.65116279069767, 287.0439152853193, 261.71734349260913, 276.1951117532091, 42.46224301599079, 37.99717306031935, 91.27428149759076, 17.0, 1.0, 42.0, 0.0, 0.0, 1.0, 1497.0, 1008.0, 1275.0, 180.0, 129.0, 344.0, 145276.19415339708, 2.796947544159894, 97368.37505790826, 2.787551875693171, 112052.43561432612, 2.355065799151567, 6928626.120000001, 5875427.9799999995, 11536771.0, 4669197.0, 5680431.0, 8570517.0]
[666.1627906976744, 449.8139534883721, 593.4883720930233, 94.62790697674419, 55.395348837209305, 112.67441860465117, 568.5044678901602, 329.0723799245933, 443.14887169056425, 77.9187682189153, 46.399476359362446, 111.88402178153532, 2.0, 44.0, 20.0, 5.0, 2.0, 2.0, 2140.0, 1778.0, 1544.0, 276.0, 168.0, 332.0, 186684.60340139698, 2.3361646779198773, 74430.01326337278, 2.7993678773551807, 121341.3886632627, 2.3105276175715073, 28084608.060000006, 11393644.639999997, 20118686.919999998, 16055169.0, 10850240.0, 18211683.0]
[625.3023255813954, 388.6744186046512, 630.1162790697674, 80.95348837209302, 65.23255813953489, 119.04651162790698, 514.7600242962836, 309.65085722088696, 410.59075960320797, 60.159293897979154, 52.65513912842169, 114.40174688317693, 5.0, 12.0, 65.0, 1.0, 1.0, 4.0, 2138.0, 1224.0, 1911.0, 254.0, 181.0, 338.0, 157815.72581385844, 2.5313191862729947, 77086.68498592243, 2.37625052581927, 100254.69877322111, 2.412008937217353, 24030292.0, 9049804.94, 20772062.46, 13652199.0, 10454384.0, 16303444.0]
[588.2325581395348, 334.2325581395349, 649.4651162790698, 94.88372093023256, 61.0, 116.51162790697674, 550.5836659404663, 258.4040613355926, 374.024085603181, 81.85300683959123, 44.52714527865745, 117.58975742830972, 36.0, 25.0, 47.0, 1.0, 0.0, 0.0, 2439.0, 1074.0, 1455.0, 319.0, 163.0, 364.0, 544594.8700265308, 2.3346231558857418, 82148.16058705973, 2.728543129668685, 167896.20313351697, 2.292789443869064, 23745231.240000002, 6542916.119999999, 20651318.46, 10674565.0, 9392542.0, 15628251.0]
[684.8837209302326, 461.0, 706.4186046511628, 108.67441860465117, 53.25581395348837, 124.16279069767442, 564.6309460212685, 450.3212609851306, 481.4200340341428, 70.90628319604505, 43.61688894347486, 112.22234100480175, 10.0, 2.0, 2.0, 7.0, 1.0, 0.0, 2464.0, 1783.0, 1949.0, 274.0, 183.0, 400.0, 212854.6322618327, 2.492826728989486, 229708.7863232212, 2.829615528669117, 146752.00681945818, 2.554840812194656, 28861398.76, 15183773.860000001, 26825388.319999997, 18074056.0, 12559389.0, 24727523.0]
[522.5813953488372, 373.6511627906977, 644.6046511627907, 78.4186046511628, 50.48837209302326, 128.65116279069767, 436.34074892156843, 228.402514759833, 425.62928982719694, 73.96242049599034, 41.77397919474529, 117.79257065280763, 9.0, 27.0, 6.0, 2.0, 0.0, 4.0, 1606.0, 1085.0, 1733.0, 269.0, 159.0, 357.0, 143736.11711012688, 2.3030253356974253, 30951.812150386057, 2.7087165395562396, 148415.37478411323, 2.2817214947566598, 16975920.98, 7047267.419999999, 21909260.240000002, 9899530.0, 9763506.0, 15173279.0]
[583.0930232558139, 320.1162790697674, 606.1395348837209, 82.13953488372093, 49.7906976744186, 108.97674418604652, 482.5735973454495, 225.97515764247035, 435.4038399876246, 74.44831425234968, 47.232735893423026, 109.61436479813979, 33.0, 12.0, 2.0, 0.0, 2.0, 0.0, 1858.0, 963.0, 1595.0, 268.0, 161.0, 339.0, 386493.378288333, 2.162607796285866, 63949.11934424871, 2.8816419712687407, 274375.64489177836, 2.0909807190865193, 20984633.819999997, 5633964.06, 20434145.24, 9014362.0, 8800122.0, 16920087.0]
[689.4651162790698, 440.30232558139534, 664.1860465116279, 97.27906976744185, 51.83720930232558, 108.95348837209302, 516.2994862174845, 235.44947237588354, 355.3689736312275, 68.77857002258887, 40.98195318996733, 107.75743339476513, 44.0, 33.0, 20.0, 1.0, 2.0, 3.0, 1911.0, 1119.0, 1662.0, 262.0, 155.0, 359.0, 199670.0360139554, 2.1494570124103816, 41852.55556406401, 2.373438963996063, 97961.53142041857, 2.254479171502563, 27207225.740000002, 9171534.499999998, 20874962.32, 14842686.0, 12297098.0, 22074506.0]
[555.3953488372093, 385.1860465116279, 681.4418604651163, 97.44186046511628, 57.0, 137.06976744186048, 485.92587811874216, 326.5751029945525, 401.80505237085055, 71.45771387783641, 52.662899202198815, 109.1751313364247, 11.0, 20.0, 20.0, 0.0, 0.0, 0.0, 1634.0, 1250.0, 1785.0, 263.0, 222.0, 324.0, 203077.2258994603, 2.3833018054313824, 71327.70674761756, 2.562238642186432, 140464.56411085936, 2.2564079148566907, 19935795.88, 9338904.260000002, 23003620.55999999, 13658780.0, 11408876.0, 16813660.0]
[504.7906976744186, 330.93023255813955, 751.6511627906976, 79.44186046511628, 65.46511627906976, 120.83720930232558, 426.91175390903925, 382.44908751416943, 431.70922112662663, 75.2090110880153, 58.024358118855595, 111.52683431792978, 30.0, 1.0, 61.0, 0.0, 6.0, 3.0, 1753.0, 2110.0, 2016.0, 289.0, 297.0, 379.0, 289498.09885650454, 2.547587651155804, 272339.7465240706, 2.9185699445142554, 306308.62308454537, 2.3231374032785155, 16006010.400000002, 9333033.04, 27624728.220000003, 10450156.0, 12497847.0, 16282898.0]
[511.7906976744186, 309.90697674418607, 657.6744186046511, -200.1860465116279, 60.74418604651163, 335.7906976744186, 855.1754361404875, 755.4541621704406, 1114.6509964351267, 1867.250885479633, 100.33470012277144, 1288.868875781794, -4048.0, -4048.0, -5831.0, -12150.0, -450.0, 4.0, 1683.0, 1337.0, 2384.0, 277.0, 245.0, 8550.0, 1351015.7850707578, 2.947335838575542, 1211952.6317204065, 2.9461365604395815, 2560589.0180808264, 3.0021698723807253, 36101620.94, 24165726.520000003, 60872347.99999999, 28306236.0, 39129430.0, 44764215.0]
[691.6976744186046, 476.0232558139535, 806.9767441860465, 123.37209302325581, 76.25581395348837, 149.0, 548.9423829113285, 288.57032553542905, 437.92494945030484, 78.18324727867703, 46.14629584435829, 114.88317046958122, 18.0, 22.0, 9.0, 3.0, 3.0, 3.0, 1842.0, 1238.0, 1648.0, 301.0, 175.0, 335.0, 202301.63099232517, 2.3944081926818868, 102286.80736237195, 2.5081357212293476, 217004.3334529039, 2.1840775203202623, 28577240.140000004, 11387413.939999998, 31008830.8, 15502221.0, 15698802.0, 23832805.0]
[537.6511627906976, 365.5813953488372, 572.6046511627907, 93.90697674418605, 44.76744186046512, 86.09302325581395, 470.9078811807459, 311.814446697768, 379.6082027523895, 86.20292060942415, 31.754142743827128, 90.07135106957953, 31.0, 18.0, 18.0, 3.0, 0.0, 0.0, 1849.0, 1113.0, 1423.0, 314.0, 119.0, 345.0, 300126.02938704856, 2.6478803054759874, 98904.2564184904, 2.595234067695267, 136333.43175013023, 2.4360829186031996, 18699526.099999994, 8454252.360000001, 17329835.92, 12124989.0, 8396501.0, 12890422.0]
[829.5116279069767, 494.48837209302326, 840.2558139534884, 134.67441860465115, 68.72093023255815, 166.41860465116278, 569.1186323770426, 297.68954522751216, 510.49164411907185, 82.55841248999533, 47.69462662227134, 129.48234528638946, 24.0, 37.0, 10.0, 6.0, 1.0, 4.0, 2187.0, 1423.0, 1949.0, 331.0, 173.0, 388.0, 266386.97965810605, 2.6113257681052855, 71965.49007641703, 2.732132387370679, 282523.2955624543, 2.2835852825658414, 37144675.37999999, 12243224.019999998, 35521917.29999999, 18742797.0, 15757006.0, 31340380.0]
[554.3488372093024, 415.6744186046512, 654.6511627906976, 86.11627906976744, 56.325581395348834, 122.74418604651163, 494.8114062915635, 261.2346802006481, 484.0522346725329, 72.28225406344005, 35.496962264552636, 117.3730505742584, 7.0, 13.0, 18.0, 0.0, 1.0, 12.0, 1780.0, 1322.0, 1723.0, 250.0, 125.0, 368.0, 318133.3175822675, 2.42715217276467, 63678.14592527682, 2.477835385646052, 317193.65469588595, 2.2399750653330712, 20207611.78, 8854554.84, 24311603.159999996, 11735827.0, 11654120.0, 17833560.0]
[629.3488372093024, 401.2093023255814, 579.0, 99.88372093023256, 44.348837209302324, 123.93023255813954, 544.659259306785, 347.9300393647533, 471.0454431621322, 82.30900237239736, 45.13729517020699, 123.8629033493689, 42.0, 20.0, 14.0, 0.0, 1.0, 3.0, 2029.0, 1867.0, 2155.0, 286.0, 192.0, 401.0, 139765.08073643385, 2.086332535905328, 75902.3200687473, 2.5962682991817116, 84435.50348630316, 2.2420996893116123, 25362168.84, 10325147.96, 20411655.380000003, 14078773.0, 12980095.0, 20695402.0]
[531.2790697674419, 394.83720930232556, 711.6279069767442, 91.95348837209302, 61.02325581395349, 128.62790697674419, 433.18358175706055, 254.20013958189546, 419.6199540886068, 71.5485028589072, 45.87741864499614, 122.38736770633798, 2.0, 22.0, 43.0, 1.0, 2.0, 0.0, 1666.0, 1084.0, 1834.0, 248.0, 157.0, 368.0, 132657.08241389782, 2.380637576922398, 56522.335599865924, 2.4999367247849023, 135577.02221921989, 2.0880294673878415, 17215726.82, 8099041.4, 25087242.319999997, 10379166.0, 12347415.0, 17801797.0]
[593.9767441860465, 309.86046511627904, 639.9302325581396, 89.95348837209302, 50.7906976744186, 113.18604651162791, 471.027422534637, 216.9170986471394, 331.362008581094, 71.32319247734621, 38.71603466237021, 104.28378310989716, 76.0, 18.0, 44.0, 0.0, 2.0, 1.0, 1931.0, 839.0, 1492.0, 265.0, 141.0, 319.0, 420279.00699247554, 2.462613322331247, 45654.279897064946, 2.6529400541026225, 152664.03396572065, 2.457797220333937, 21060683.62, 5250134.88, 19109709.98, 7911582.0, 8375487.0, 17782472.0]
[571.2325581395348, 418.86046511627904, 618.8139534883721, 87.55813953488372, 49.58139534883721, 108.69767441860465, 538.6191709321912, 284.9743999693196, 421.7326650296908, 79.1103215003253, 49.40707128787072, 112.61407652934928, 8.0, 6.0, 15.0, 1.0, 0.0, 4.0, 2150.0, 1229.0, 1355.0, 271.0, 220.0, 349.0, 277309.30933831574, 2.3493779264135304, 103858.83860892702, 2.9931313710800413, 174189.88339422157, 2.3624810113071573, 22545614.660000004, 9421242.38, 20585024.5, 11749306.0, 10644742.0, 17132713.0]
[583.1627906976744, 437.3953488372093, 647.1627906976744, 92.51162790697674, 60.51162790697674, 107.62790697674419, 557.9652203802056, 324.47526426633624, 409.28782108348236, 82.52773620138213, 49.37532258750473, 103.18384500164971, 5.0, 7.0, 5.0, 0.0, 0.0, 2.0, 1870.0, 1108.0, 1670.0, 286.0, 204.0, 312.0, 141769.2593813842, 1.8062422871321504, 97970.95827518552, 2.4251704053029743, 124868.36852427368, 2.222527539686685, 23821181.280000005, 10877682.479999999, 21538648.400000002, 12583378.0, 12258663.0, 18593933.0]
[604.0, 424.86046511627904, 632.3255813953489, 93.67441860465117, 57.674418604651166, 100.06976744186046, 522.683415062074, 284.4598541760748, 437.4398854444232, 72.34860084546756, 45.954802293346866, 104.89709137300261, 7.0, 22.0, 43.0, 0.0, 0.0, 1.0, 2275.0, 1210.0, 1876.0, 262.0, 158.0, 322.0, 372011.3565175194, 2.621141147787253, 104555.06988720743, 2.5530873444467765, 288170.8050763833, 2.2083612480360792, 23358805.719999995, 9597864.02, 21697615.96, 13468520.0, 11902542.0, 20043744.0]
[644.6976744186046, 489.90697674418607, 637.9767441860465, 100.74418604651163, 60.604651162790695, 114.16279069767442, 596.8297809052556, 326.4910714124827, 407.47418781071815, 79.38366541323694, 51.50087356396594, 112.89331884414429, 4.0, 3.0, 61.0, 2.0, 0.0, 0.0, 3332.0, 1734.0, 1806.0, 296.0, 178.0, 371.0, 491454.8613065023, 2.717000435289191, 139257.80635594242, 2.8441209396956855, 148225.8546909709, 2.1491244259041338, 28236338.720000003, 12725789.8, 21048581.699999996, 16892631.0, 14109997.0, 22050125.0]
[719.3953488372093, 475.6511627906977, 829.6744186046511, 126.13953488372093, 63.16279069767442, 123.32558139534883, 654.8112828657794, 357.6310871035982, 601.0625401629634, 94.55851838823679, 59.87523942990527, 109.62636130017194, 32.0, 19.0, 18.0, 0.0, 2.0, 0.0, 2472.0, 1407.0, 2031.0, 312.0, 190.0, 398.0, 214393.3483246982, 1.5976087126662062, 108766.91502752552, 2.252469525041635, 270927.72845119855, 2.0744772896569774, 34625701.84, 12986251.979999997, 38504835.04, 20083821.0, 18000647.0, 32078299.0]
[630.5581395348837, 460.6046511627907, 636.2790697674419, 108.13953488372093, 52.74418604651163, 107.76744186046511, 547.8850810302321, 271.15538855010124, 460.64056463753843, 86.11000201717314, 45.78266100530273, 114.08973853304339, 4.0, 26.0, 3.0, 1.0, 0.0, 4.0, 1964.0, 1141.0, 1659.0, 319.0, 221.0, 358.0, 458791.2238373784, 2.3544372811735492, 61575.77307898177, 2.6719939284183543, 279968.96741144534, 2.1632644837519766, 25545811.519999996, 10501284.559999999, 22635685.039999995, 15029127.0, 12670172.0, 21734701.0]
[603.8837209302326, 494.06976744186045, 658.6046511627907, 110.6046511627907, 61.651162790697676, 104.16279069767442, 508.9216054000537, 354.73104468629515, 538.3064775640132, 92.0049531624414, 48.14456589072334, 96.03122761758732, 24.0, 3.0, 25.0, 3.0, 0.0, 9.0, 1850.0, 1325.0, 1886.0, 331.0, 213.0, 349.0, 332125.4352231311, 2.3375250620116983, 113510.29439612509, 2.6156577002703574, 243068.42000690076, 2.325905288476623, 22840825.140000004, 13572128.7, 26507079.96, 14435696.0, 14273519.0, 21856572.0]
[623.8837209302326, 479.3720930232558, 689.4186046511628, 135.32558139534885, 59.395348837209305, 124.6046511627907, 572.391982294781, 270.29939513839395, 510.57783477145915, 95.05605387154529, 41.31478435648714, 107.96607481605015, 30.0, 53.0, 31.0, 4.0, 4.0, 0.0, 2007.0, 1063.0, 1806.0, 299.0, 187.0, 338.0, 174518.73795154327, 1.5619813796556785, 54003.7190828356, 2.8040039140632804, 203946.56248861036, 2.086353299405831, 26227847.42000001, 11136906.260000002, 26992633.380000006, 15326686.0, 13680951.0, 21156658.0]
[527.1627906976744, 404.72093023255815, 655.7906976744187, 123.30232558139535, 61.0, 108.95348837209302, 536.296512256693, 318.3422331526841, 468.4737914171291, 93.47511379626562, 45.45798688270931, 105.95640466683683, 20.0, 11.0, 44.0, 0.0, 3.0, 0.0, 2122.0, 1259.0, 1951.0, 344.0, 159.0, 333.0, 290657.4057898974, 2.204253511222867, 81262.05778789436, 2.360107883681815, 269058.1068618278, 2.2949054000665794, 20665380.320000004, 9717753.179999998, 23830845.1, 12171559.0, 13603266.0, 17965625.0]
[512.8372093023256, 367.48837209302326, 640.7906976744187, 109.55813953488372, 57.674418604651166, 121.4186046511628, 568.9263878332407, 298.1569075641871, 392.67468409671386, 96.47138789387527, 39.68010232455638, 106.98247131860067, 7.0, 7.0, 34.0, 6.0, 0.0, 4.0, 2354.0, 1307.0, 1616.0, 367.0, 171.0, 348.0, 600259.7087776149, 2.3490085600481394, 105142.55913317313, 2.662721215592566, 206577.80543154394, 2.474230505236643, 21417035.799999997, 8205043.279999999, 20753924.200000003, 10763273.0, 9139887.0, 15884788.0]
[603.2558139534884, 440.13953488372096, 647.1395348837209, 124.46511627906976, 52.53488372093023, 110.11627906976744, 472.27721343977703, 340.3253752202826, 450.5324670608868, 94.1896134293073, 49.042425189202646, 108.57019000284377, 29.0, 19.0, 7.0, 3.0, 0.0, 3.0, 2178.0, 1352.0, 1588.0, 349.0, 195.0, 336.0, 197241.87220153923, 2.1999809253812295, 127242.09861581268, 2.359029806543286, 147291.27018619908, 2.02618144857721, 21514085.080000002, 11347337.08, 22818458.26, 14812461.0, 11476241.0, 18180678.0]
[561.5348837209302, 492.5581395348837, 488.48837209302326, -31.186046511627907, 132.27906976744185, 58.883720930232556, 724.5264906536645, 333.6507514157068, 820.7413713656064, 770.044842720646, 473.74065265719645, 245.73545679995425, 4.0, 63.0, -4021.0, -4941.0, 5.0, -1348.0, 4083.0, 1375.0, 2029.0, 314.0, 3150.0, 382.0, 197239.92230822422, 2.315991235000334, 96203.63993018013, 2.335356893191899, 191926.05308952284, 2.6903545428862277, 30621369.84, 12992828.4, 33155224.819999997, 17074226.0, 6189277.0, -777541.0]
[625.5909090909091, 311.09090909090907, 397.6818181818182, 313.22727272727275, 110.5909090909091, -160.5909090909091, 808.5817707043817, 1128.2838340364501, 1981.6838244601104, 1273.3752048246254, 334.30395013852905, 1991.8508783982545, -3128.0, -6722.0, -12124.0, 5.0, 0.0, -13050.0, 2269.0, 1272.0, 1727.0, 8550.0, 2252.0, 368.0, 545847.2385273892, 2.538334616240365, 932099.4860463241, 2.957235216721633, 2707171.4659255245, 3.0061768229553256, 39893575.04, 51918470.56, 154723958.39999998, 37165818.0, 94604823.0, 60611476.0]
[620.0232558139535, 479.7906976744186, 748.046511627907, 118.69767441860465, 72.72093023255815, 115.09302325581395, 533.041474682791, 376.51380535870413, 476.87853866818483, 89.71370731486458, 52.516811630905096, 112.08666161533617, 10.0, 17.0, 4.0, 1.0, 0.0, 0.0, 2044.0, 1386.0, 1703.0, 313.0, 213.0, 360.0, 170986.8419094248, 2.010018744526539, 130603.60905695656, 2.6359824267540035, 258062.1678399208, 2.3095978837273754, 24479070.1, 13633229.980000002, 28907193.76, 15435651.0, 16647403.0, 22890571.0]
[523.1860465116279, 373.74418604651163, 716.1627906976744, 100.13953488372093, 55.76744186046512, 127.18604651162791, 497.6046076102493, 347.8458260715415, 427.74090568009336, 79.84347228449664, 43.48116023844192, 110.25149946371606, 1.0, 30.0, 75.0, 0.0, 4.0, 0.0, 1907.0, 1502.0, 1805.0, 310.0, 179.0, 377.0, 444046.80031681864, 2.4129809896446575, 151471.65534225933, 2.6016686623085894, 256167.2881689469, 2.4238916251423257, 19065985.86, 9535942.300000003, 25575238.140000004, 11924477.0, 10553839.0, 18093781.0]
[690.0232558139535, 985.0697674418604, 232.2093023255814, 23.13953488372093, 128.62790697674419, -91.6046511627907, 772.9759587332736, 2325.6929166671293, 1992.3662595748706, 2067.0390783666903, 1417.8325178689008, 1883.726943354771, -1330.0, 12.0, -11230.0, -8549.0, -5850.0, -11249.0, 3160.0, 12152.0, 2182.0, 9452.0, 6751.0, 4051.0, 218618.66142742857, 2.5404549578833264, 443563.1965856676, 2.103398518319946, 216981.5915971423, 2.303450608560011, 39188769.82, 231251576.52000004, 145373186.54000002, 49575895.0, -52488286.0, 28800850.0]
[679.0, 527.1395348837209, 757.8372093023256, 126.09302325581395, 59.116279069767444, 116.81395348837209, 610.5945970156974, 346.7518380763141, 536.89769931979, 88.96088331221719, 56.35525466788497, 127.70692933691755, 6.0, 0.0, 3.0, 4.0, 6.0, 0.0, 2218.0, 1394.0, 1992.0, 323.0, 296.0, 414.0, 293608.39491722017, 2.1749048377413107, 104674.1528170515, 2.5491340354084313, 322124.85450627323, 2.1730299067594907, 30515762.7, 14618812.340000002, 31650171.499999993, 19713243.0, 16743815.0, 25270741.0]
[604.4186046511628, 421.48837209302326, 764.8604651162791, 105.02325581395348, 60.95348837209303, 147.2325581395349, 556.1470871116459, 290.6461907455624, 486.6209330139812, 94.77378791027387, 45.27532361030364, 131.68719018031263, 8.0, 2.0, 43.0, 0.0, 3.0, 1.0, 2143.0, 1330.0, 2065.0, 324.0, 226.0, 439.0, 540913.0830662233, 2.5021651951922896, 86094.8594236817, 2.804081253531541, 310549.7733940245, 2.3561732926234966, 24681502.92, 9620832.04, 30186939.980000004, 13668414.0, 14198380.0, 22907656.0]
[626.1860465116279, 383.95348837209303, 763.4651162790698, 102.74418604651163, 58.651162790697676, 144.7906976744186, 554.2891739625562, 287.51852557194525, 460.1874022425258, 99.70530220014233, 58.92484467560603, 118.84194348147476, 19.0, 33.0, 83.0, 4.0, 1.0, 3.0, 2332.0, 1294.0, 1863.0, 348.0, 251.0, 405.0, 225291.20762131386, 2.5278891615272543, 95279.19186382918, 2.4422258906550764, 142547.56943349465, 2.5045828274929094, 25597571.48, 8437530.520000001, 29204085.539999995, 13850633.0, 12254260.0, 20654637.0]
[768.25, 408.54545454545456, 807.0909090909091, 128.61363636363637, 66.13636363636364, 173.8181818181818, 610.8947355371273, 316.2036034204349, 503.0645997715805, 100.27177392932899, 60.40660325413028, 129.10249627894322, 42.0, 4.0, 7.0, 8.0, 3.0, 20.0, 2042.0, 1244.0, 2303.0, 351.0, 275.0, 408.0, 367243.1526986105, 2.2042034361409093, 70474.68887452815, 2.711091120632682, 242162.30835632427, 1.9969382459740777, 36974455.76, 10246153.28, 34798362.720000006, 17687490.0, 13450824.0, 27189077.0]
[582.9767441860465, 402.90697674418607, 665.2558139534884, 101.65116279069767, 48.906976744186046, 113.95348837209302, 575.2923682529603, 290.3726516993775, 436.59658250867045, 89.67769901707267, 43.6761970444011, 124.18322743284122, 19.0, 17.0, 61.0, 3.0, 2.0, 2.0, 2096.0, 1160.0, 1641.0, 342.0, 193.0, 370.0, 570206.1999616384, 2.4473679873708596, 102786.4088737462, 2.6658726816768343, 245756.33302436507, 2.4893409045232424, 24522414.96, 9048616.420000002, 23251135.439999998, 11135583.0, 10256808.0, 19233444.0]
[754.3023255813954, 420.51162790697674, 750.3488372093024, 119.79069767441861, 68.25581395348837, 146.4418604651163, 630.3253708123298, 266.85687015193525, 450.14965150338145, 93.04186414101449, 52.36597087679483, 129.40032058648399, 9.0, 98.0, 40.0, 7.0, 0.0, 3.0, 2380.0, 1099.0, 1749.0, 306.0, 228.0, 418.0, 226254.24781666984, 2.0267993438400795, 54503.22366441115, 2.5434637015398973, 126778.78827660125, 2.4677031545828783, 35391424.34, 9111373.200000001, 28139770.18, 16421288.0, 13581341.0, 25452459.0]
[627.4186046511628, 377.6744186046512, 758.5581395348837, 130.13953488372093, 62.48837209302326, 150.53488372093022, 544.8558670291638, 255.95625751011147, 471.18949288580285, 97.64380881437653, 53.79341971309947, 125.65511166477135, 21.0, 4.0, 41.0, 8.0, 0.0, 0.0, 2305.0, 1185.0, 2041.0, 392.0, 226.0, 399.0, 211423.23981880772, 2.2377168603279607, 63681.82647622085, 2.7270073630050673, 252961.10117226405, 2.2091823908141106, 25280197.939999998, 7641103.4399999995, 29298024.2, 12330876.0, 13434786.0, 22536360.0]
[677.4651162790698, 248.06976744186048, 715.6279069767442, 977.3023255813954, 258.1860465116279, -140.11627906976744, 1223.4551259374919, 3093.9643808962487, 2376.1022406980464, 2756.451381023588, 3049.5442692764527, 3641.354929727737, -4037.0, -9440.0, -8521.0, -1342.0, -13050.0, -11249.0, 5023.0, 12151.0, 10353.0, 11250.0, 11250.0, 13053.0, 2460883.954950097, 2.73165232494094, 15038567.922826365, 2.7634755017753165, 9364134.74002893, 2.871989838088641, 71038252.34000002, 348038572.90000004, 222866849.99999997, -80188419.0, 33336057.0, 58692602.0]
[740.4651162790698, 324.2093023255814, 748.2790697674419, 131.11627906976744, 52.395348837209305, 132.06976744186048, 678.3546041652907, 257.56243423770877, 462.5514810772236, 116.15162694929369, 49.11800151766866, 127.77554638782233, 12.0, 0.0, 44.0, 10.0, 0.0, 1.0, 2290.0, 1088.0, 2004.0, 368.0, 229.0, 420.0, 234012.46920983642, 1.6889120784862208, 55628.921359543536, 2.4155652787057362, 146291.12260526483, 1.7169942181431508, 36896870.68, 6283172.8999999985, 28433913.399999995, 11931824.0, 10753175.0, 27390415.0]
[675.1162790697674, 313.13953488372096, 716.4883720930233, 121.67441860465117, 62.18604651162791, 130.53488372093022, 560.0293873795215, 255.11198114472802, 414.2408071281051, 104.0887261015315, 46.878899616307976, 132.57941893665623, 53.0, 14.0, 0.0, 1.0, 3.0, 0.0, 2059.0, 1285.0, 1921.0, 368.0, 206.0, 438.0, 373374.0171067787, 2.187650808352143, 98509.59370414008, 2.947531540066747, 271119.37517833273, 2.365767222340152, 28183238.879999995, 5976890.780000001, 25181917.139999997, 10409698.0, 10078533.0, 22213015.0]
[637.3023255813954, 352.1162790697674, 672.9767441860465, 116.06976744186046, 56.30232558139535, 127.44186046511628, 637.6648819412352, 250.8343419662359, 521.8369791224301, 100.54598458720913, 48.05628390787546, 130.41112688533858, 4.0, 3.0, 8.0, 9.0, 2.0, 0.0, 2609.0, 857.0, 2119.0, 359.0, 246.0, 414.0, 495803.95840723015, 2.365021693802741, 78247.47780206936, 2.1745425782789547, 309458.34716665134, 2.1983759122490616, 29706572.359999996, 6857590.98, 26584132.520000003, 10471821.0, 11094925.0, 20248940.0]
[676.0, 350.1162790697674, 762.4418604651163, 112.5813953488372, 83.11627906976744, 153.95348837209303, 689.1639862906361, 275.8894886848309, 499.7302273334504, 95.86827087160488, 56.17583334932998, 146.44939862146634, 16.0, 12.0, 66.0, 0.0, 4.0, 0.0, 2920.0, 1225.0, 2147.0, 355.0, 242.0, 402.0, 196936.04414826084, 2.1371865163513815, 41498.07781940786, 2.642822742202591, 130095.04704581753, 2.4706830359082903, 34054058.120000005, 7282334.660000001, 30517382.94, 11934066.0, 14169440.0, 24732127.0]
[748.1162790697674, 406.9767441860465, 688.2325581395348, 108.51162790697674, 58.74418604651163, 130.2093023255814, 558.7035677650932, 273.47198762893197, 446.6817785579361, 92.87661351364514, 54.060853288218425, 123.01849611987988, 44.0, 19.0, 12.0, 5.0, 2.0, 2.0, 2002.0, 965.0, 2057.0, 344.0, 215.0, 396.0, 290929.2762187622, 2.188284613070421, 51909.82059632688, 2.7085990941846387, 201822.6455229335, 2.040039725387042, 31971737.539999995, 8826303.84, 24722925.679999992, 14568633.0, 12118440.0, 23574148.0]
[648.4651162790698, 395.8837209302326, 656.9302325581396, 112.18604651162791, 80.83720930232558, 122.11627906976744, 629.9552648076805, 329.7372120558983, 471.21314534926194, 92.00938249619502, 65.59069701477276, 133.40721928461593, 3.0, 2.0, 47.0, 2.0, 2.0, 1.0, 2721.0, 1417.0, 1982.0, 306.0, 280.0, 422.0, 671768.9341864192, 2.4854850118924094, 151504.25799783753, 2.739008598716799, 358997.9049407379, 2.3367483809766085, 29884341.240000002, 9722856.419999998, 23979140.92, 13104055.0, 12366260.0, 19855912.0]
[694.3953488372093, 366.93023255813955, 689.3255813953489, 140.8372093023256, 68.04651162790698, 138.37209302325581, 641.9043520032473, 253.4215756730498, 550.6901177237363, 108.28730089388931, 59.25166402661178, 130.53735521841904, 1.0, 67.0, 22.0, 7.0, 1.0, 3.0, 2697.0, 932.0, 1913.0, 398.0, 202.0, 399.0, 334070.04415048636, 2.2954176263438444, 33211.03927964229, 2.5779811768227185, 214772.2243631045, 2.335660645816706, 32714125.659999993, 7298622.2, 28525514.580000002, 13083226.0, 12879690.0, 22998316.0]
[695.8604651162791, 472.90697674418607, 810.6511627906976, 119.53488372093024, 80.25581395348837, 145.3953488372093, 562.5094531013234, 239.1957570448551, 473.72339144880596, 106.95756809688804, 53.657686185873736, 126.74780725723926, 22.0, 8.0, 33.0, 3.0, 0.0, 2.0, 2464.0, 897.0, 1845.0, 390.0, 210.0, 426.0, 260257.41900219815, 2.093536608865253, 59344.1212942387, 2.857240547768128, 171243.05160077848, 2.3253464076187593, 29335499.56, 10336836.219999999, 32407431.6, 14560146.0, 16923527.0, 23739354.0]
[618.6744186046511, 358.90697674418607, 641.5116279069767, 111.3953488372093, 53.74418604651163, 114.4186046511628, 542.9126791549023, 307.90736191522717, 461.3100069157618, 112.2291744463053, 50.101845333972726, 115.13619937938915, 2.0, 4.0, 21.0, 5.0, 3.0, 0.0, 2025.0, 1619.0, 2110.0, 379.0, 230.0, 385.0, 497858.6800934514, 2.421744225083258, 169805.55907581397, 2.7948736903893927, 380378.23333817924, 2.2043128704949098, 24800913.060000002, 8187976.579999999, 22905230.540000003, 8608326.0, 12424587.0, 18193416.0]
[659.6279069767442, 607.2790697674419, 1165.3953488372092, 289.3488372093023, 469.86046511627904, 318.0232558139535, 1189.4012904309664, 1013.1462623122139, 1413.5910895832926, 1699.528322291931, 1807.3161710036259, 1881.5264508267153, -4042.0, 5.0, 25.0, -4049.0, 1.0, -4949.0, 2130.0, 4959.0, 8562.0, 10350.0, 8552.0, 11251.0, 1867273.058437704, 2.4728715251162137, 1449561.1708917462, 2.829019584894267, 2882659.4987180824, 2.8182429125772472, 67188406.44, 50713703.779999994, 122400671.32, -25088938.0, 83985716.0, -22814705.0]
[725.1162790697674, 320.8837209302326, 721.0930232558139, 119.53488372093024, 71.04651162790698, 112.6046511627907, 519.5541224523712, 303.52439372449953, 467.3555704556012, 106.95178015331186, 51.64298389094666, 113.33875467458137, 24.0, 0.0, 34.0, 4.0, 5.0, 2.0, 1838.0, 1301.0, 1851.0, 383.0, 223.0, 358.0, 304641.75818630366, 2.294945048637223, 106144.45491242154, 2.7729891670336038, 314940.5149230589, 2.3036668505580655, 29193953.880000003, 7135325.399999999, 27118055.78, 11194293.0, 11152408.0, 23496084.0]
[722.3720930232558, 329.3953488372093, 568.4186046511628, -119.83720930232558, 303.4418604651163, 17.27906976744186, 540.8367865436377, 510.0419749082695, 1002.8952428928229, 1459.4604503725168, 1569.8142338130874, 643.1010557329449, 3.0, -2226.0, -4925.0, -9446.0, 1.0, -4049.0, 1882.0, 1317.0, 1998.0, 347.0, 10350.0, 350.0, 327985.69461874757, 2.5855820989348475, 235725.57379342074, 2.652809475563189, 862299.8061268514, 2.7801450660510865, 29862216.88, 13408736.440000003, 48277682.4, 12580593.0, 23787009.0, 24416652.0]
[645.1395348837209, 366.6511627906977, 780.046511627907, 108.46511627906976, 72.6046511627907, 131.2325581395349, 488.22416696564943, 327.5675781765119, 510.0734752622538, 95.97205665668902, 59.644637940006504, 106.27409244144357, 76.0, 25.0, 4.0, 3.0, 3.0, 2.0, 2087.0, 1340.0, 1830.0, 319.0, 307.0, 327.0, 131524.5211880352, 2.697645445794039, 58802.880015550996, 1.9817869930348995, 193195.3964412672, 1.9329742789775408, 24000927.299999997, 8847029.84, 31898834.48, 9926716.0, 16209593.0, 22551665.0]
[779.7674418604652, 417.0232558139535, 739.2093023255813, 106.32558139534883, 64.90697674418605, 109.09302325581395, 641.408822797401, 381.08638493079684, 512.7838845872194, 93.54772678774151, 64.38937133287064, 112.11023783025611, 17.0, 9.0, 83.0, 1.0, 3.0, 7.0, 2593.0, 2015.0, 2344.0, 365.0, 319.0, 347.0, 608312.4598485515, 2.52859877757344, 292637.6673619127, 2.8364629224269646, 397097.1167471028, 2.2006254537126293, 37345176.63999999, 11676725.680000002, 29704652.840000004, 16366208.0, 16813905.0, 24601894.0]
[772.6976744186046, 380.30232558139534, 728.6511627906976, 119.44186046511628, 76.95348837209302, 116.34883720930233, 570.7398095739933, 336.1738874652678, 525.7990238774893, 88.93183647779573, 66.09587318303043, 104.09333808813132, 63.0, 5.0, 19.0, 2.0, 1.0, 4.0, 2552.0, 1772.0, 1961.0, 357.0, 262.0, 364.0, 364947.2781753698, 2.733028955393049, 95882.52909760621, 2.573781131909177, 327121.1792775343, 2.4930985977232836, 33845212.279999994, 9430437.499999998, 29619786.319999997, 15793552.0, 13492816.0, 23614242.0]
[670.5116279069767, 318.1162790697674, 700.7906976744187, 117.3953488372093, 77.11627906976744, 144.8139534883721, 566.2325103823989, 311.5632786986362, 470.3048939196144, 105.50719667055975, 64.1995435758607, 131.76733749012263, 2.0, 13.0, 35.0, 6.0, 0.0, 1.0, 2489.0, 1647.0, 2070.0, 407.0, 212.0, 377.0, 191575.17272589833, 2.578607046139726, 91034.97186764903, 2.4662023173871113, 175474.959072231, 2.3081878091865478, 28206452.000000007, 7248529.779999999, 26150422.479999997, 9748442.0, 11615160.0, 19167117.0]
[613.4186046511628, 287.0232558139535, 650.1162790697674, 113.04651162790698, 60.55813953488372, 110.88372093023256, 563.5319415698059, 298.79380438946225, 404.464737959308, 103.71296320875963, 48.30868122988396, 115.66190657880439, 29.0, 1.0, 58.0, 5.0, 1.0, 4.0, 1988.0, 1683.0, 1584.0, 372.0, 229.0, 357.0, 448193.9611768889, 2.162927363301364, 128094.58287414402, 2.677244865704667, 226294.83913089213, 2.4672714564037603, 25385487.739999995, 6271211.159999998, 21538573.580000006, 8461040.0, 9355974.0, 17747145.0]
[849.2790697674419, 550.0, 931.8837209302326, 43.348837209302324, -274.9767441860465, 451.48837209302326, 775.4583997801496, 1578.8573625975753, 1448.7717492397994, 647.1713132924046, 1576.1251383780548, 1317.8701318359795, 16.0, -1345.0, -1339.0, -4049.0, -8550.0, 3.0, 4060.0, 10352.0, 9485.0, 452.0, 186.0, 6761.0, 380882.00368402945, 2.3805217304684776, 1003871.5727120998, 2.976391354521453, 774851.9692540903, 2.861608282097375, 48392993.78, 101226045.43999998, 107927398.5, 13180204.0, -13027425.0, 62358776.0]
[576.6363636363636, 325.45454545454544, 600.75, 78.75, 57.36363636363637, 107.4090909090909, 543.5506048587227, 318.4434858806011, 479.1906997680423, 81.88992186054143, 54.35930887058765, 116.35197566442436, 22.0, 19.0, 6.0, 0.0, 0.0, 0.0, 2488.0, 1682.0, 2373.0, 373.0, 236.0, 410.0, 425605.8176450805, 2.5492315610595133, 119575.1876383518, 2.7751830741237438, 260323.54791045675, 2.62922544814648, 24054492.0, 7938460.6400000015, 22663031.6, 8838727.0, 12012131.0, 14585875.0]
[714.8837209302326, 338.6511627906977, 653.0232558139535, 119.37209302325581, 59.83720930232558, 121.74418604651163, 637.3898862624309, 274.8986725635232, 449.4415841258219, 106.39459869386808, 43.44395965058682, 115.07846040300709, 6.0, 4.0, 18.0, 0.0, 2.0, 0.0, 2236.0, 1121.0, 1580.0, 358.0, 200.0, 346.0, 225748.60712066627, 2.139589892349968, 45113.49152560494, 2.5652763754792502, 149734.28424393057, 2.1151959173752393, 33573275.120000005, 6970599.279999999, 23065886.279999997, 11433376.0, 11016191.0, 20602875.0]
[734.9767441860465, 274.5813953488372, 625.6046511627907, 112.65116279069767, 54.2093023255814, 105.6046511627907, 592.05620262382, 196.30663969535732, 392.8937902971261, 94.39831609699962, 42.71810040114862, 112.41422963962637, 1.0, 22.0, 24.0, 7.0, 0.0, 4.0, 2045.0, 1017.0, 1438.0, 364.0, 167.0, 386.0, 381151.15481687814, 1.6805612551697122, 46708.77952835537, 2.705102155392478, 210133.9674054197, 2.421830701271314, 32637419.680000003, 4180036.02, 20048958.98, 9796083.0, 8410247.0, 23596729.0]
[744.5813953488372, 376.6046511627907, 1189.7209302325582, -29.441860465116278, -88.48837209302326, 353.5581395348837, 636.8414332266684, 595.5996633859615, 2210.1493197302025, 1055.3969756926624, 712.8402737036913, 1581.9536640966564, -428.0, -2235.0, 6.0, -6748.0, -4048.0, -1350.0, 2172.0, 2262.0, 11253.0, 478.0, 168.0, 10350.0, 376546.4518602808, 2.418015726673886, 669195.184027818, 2.8613915216219312, 10718700.37349794, 2.7750623252232005, 35150846.220000006, 18058083.92, 228780351.04, 15271179.0, 14638053.0, 22575315.0]
[648.8863636363636, 293.3181818181818, 575.3409090909091, 103.93181818181819, 53.34090909090909, 98.27272727272727, 513.4292920639219, 245.6894213326184, 327.1575214922038, 93.82403067179037, 33.584287011012385, 110.53598038571364, 12.0, 12.0, 15.0, 1.0, 4.0, 1.0, 2181.0, 1044.0, 1326.0, 430.0, 141.0, 370.0, 400665.9114705215, 2.3712514521305827, 43764.15812830922, 2.8505294550789655, 152027.79704768895, 2.399623037127217, 26278180.71999999, 5615443.680000002, 16867077.040000003, 8140876.0, 7273414.0, 17921021.0]
[697.0, 383.6279069767442, 694.3720930232558, 118.06976744186046, 62.25581395348837, 133.3953488372093, 690.139426906932, 302.64642447958454, 509.8905122089967, 98.72916183966962, 52.414144321136675, 134.27710146503614, 36.0, 13.0, 74.0, 6.0, 0.0, 0.0, 2642.0, 1223.0, 1979.0, 388.0, 172.0, 422.0, 642237.1744996988, 2.3655982892535583, 114093.67611360335, 2.6666168563772104, 253708.44928476732, 2.2946513600863234, 35168899.339999996, 8750766.600000001, 27220781.919999998, 13167512.0, 13466436.0, 25547024.0]
[674.2790697674419, 336.06976744186045, 655.7209302325581, 120.3953488372093, 53.093023255813954, 121.74418604651163, 524.7819649549432, 273.9081698175536, 457.3648291380169, 100.34515185927584, 51.04984210296386, 124.15219021201662, 39.0, 38.0, 3.0, 2.0, 0.0, 2.0, 1924.0, 1381.0, 1893.0, 369.0, 251.0, 397.0, 186787.46012939562, 1.8010492762284713, 34920.7647855875, 2.6258814812348765, 130728.80809740147, 2.0750390991355507, 26760348.240000002, 6886555.7799999975, 23455963.36, 10142931.0, 10932596.0, 20852398.0]
[720.6046511627907, 276.5348837209302, 695.4883720930233, 118.34883720930233, 61.348837209302324, 126.06976744186046, 532.0524562186775, 186.62508237962132, 400.9520439257533, 91.52982436679166, 45.49823843839097, 120.31890073365096, 105.0, 24.0, 3.0, 4.0, 3.0, 0.0, 2302.0, 736.0, 1749.0, 357.0, 182.0, 373.0, 314033.03860745905, 2.2258036941152364, 43329.780112846325, 2.5869048001734556, 195716.5479682922, 2.148562567375927, 29427486.880000003, 4085938.26, 23694119.72, 8917513.0, 9353723.0, 21290399.0]
[673.8604651162791, 310.4418604651163, 632.2093023255813, 119.51162790697674, 54.04651162790697, 118.30232558139535, 575.68690156879, 216.87952573299893, 482.85409203725374, 98.25243777250111, 48.3912396087852, 124.53237002859575, 6.0, 6.0, 12.0, 0.0, 0.0, 0.0, 2161.0, 985.0, 1633.0, 369.0, 206.0, 394.0, 520265.60812212416, 2.3904231429396967, 49233.970202800876, 2.5368798684873894, 326200.33093293774, 2.155782771503796, 28762896.080000002, 5262882.66, 23201792.94, 9026783.0, 10009458.0, 19620771.0]
[680.6046511627907, 286.6744186046512, 661.1395348837209, 132.53488372093022, 63.74418604651163, 113.83720930232558, 609.6262765996137, 257.7409848712308, 503.3791329554858, 104.1298065459438, 48.30512790646352, 121.39740528971036, 0.0, 14.0, 14.0, 3.0, 2.0, 1.0, 2568.0, 1389.0, 1951.0, 403.0, 192.0, 373.0, 152992.88838369082, 2.3874022208456505, 25376.93142163118, 2.654221188625919, 140333.8861691617, 2.138486761455481, 30553763.520000003, 5438565.18, 25316627.539999995, 8104590.0, 9331559.0, 20882785.0]
[837.0909090909091, 397.40909090909093, 696.6136363636364, 142.6818181818182, 84.70454545454545, 125.13636363636364, 595.2812826696542, 335.31063821698217, 442.85102833582454, 104.25433407471135, 52.92187288844889, 131.58419197292287, 12.0, 14.0, 91.0, 4.0, 2.0, 2.0, 2206.0, 1476.0, 1670.0, 379.0, 206.0, 403.0, 354469.1377429996, 2.521433237891857, 135858.09131785572, 2.3878476449581765, 246456.86313238612, 2.2315274922400645, 40540899.52, 10369677.120000001, 26210744.559999995, 19082684.0, 14202756.0, 28396952.0]
