[887.1, 772.44, 574.9, 121.12, 29.74, 135.52, 866.4857065132908, 698.9456537805894, 579.2183420395991, 110.98090293526418, 32.00051657746309, 105.7996257853804, 24.0, 7.0, 1.0, 0.0, 1.0, 1.0, 3146.0, 2957.0, 2631.0, 476.0, 153.0, 413.0, 772377.7105905595, 2.799803767000956, 541173.7384889835, 2.737899618684058, 456105.91805363644, 2.8621337731105205, 76136396.99999999, 53770903.99999999, 32964701.000000004, 59385945.0, 35769077.0, 41984919.0]
[1001.78, 857.3, 554.02, 92.84, 43.42, 198.74, 1022.4728585789514, 916.7399704765728, 349.154517574751, 78.73058166809082, 39.75696062788687, 106.57043469471452, 44.0, 6.0, 6.0, 0.0, 3.0, 0.0, 4444.0, 4230.0, 1669.0, 338.0, 201.0, 471.0, 1520435.3412651513, 2.6983048065618513, 1152850.8842139088, 2.8242004567384673, 138727.96158733984, 2.9238500970984154, 101405245.0, 77928361.00000001, 21320442.999999996, 80818844.0, 24656900.0, 30854748.0]
[1244.74, 1145.4, 507.3, 84.2, 57.16, 182.74, 970.2564948065464, 1046.2903175368817, 374.0592144545665, 55.3050907351619, 41.48044043613219, 109.0829697327419, 101.0, 30.0, 7.0, 10.0, 2.0, 1.0, 3545.0, 4427.0, 1505.0, 240.0, 166.0, 423.0, 779161.5496055447, 2.192390614129627, 838645.9756698258, 2.5137374013023597, 122533.89096368157, 2.7133279187439903, 123597369.0, 119238505.99999997, 19723759.0, 108541835.0, 29581364.0, 34910116.0]
[864.8, 907.2, 789.08, 53.74, 48.74, 183.12, 754.6151607384564, 904.6256413679683, 605.4750821479286, 47.74028803893852, 34.64974011152058, 105.75031046415565, 21.0, 3.0, 24.0, 1.0, 2.0, 4.0, 3002.0, 4315.0, 2316.0, 205.0, 140.0, 400.0, 656516.0031164754, 2.963306414755279, 866224.3096751287, 2.899772743984341, 421800.04241202376, 2.8910009208352063, 65296710.0, 81249621.99999999, 49095766.0, 65779740.0, 45627313.0, 42740383.0]
[821.84, 889.86, 749.52, 57.48, 54.52, 177.96, 828.0918158695955, 946.5258281025965, 516.483606630808, 52.569580712865985, 41.80676636964062, 101.7481805483418, 23.0, 0.0, 68.0, 0.0, 4.0, 7.0, 3190.0, 4355.0, 2159.0, 227.0, 164.0, 396.0, 736546.842714225, 2.876122677181372, 845192.8236600733, 3.0237706270246485, 337344.1813738839, 2.749837717122412, 67372116.0, 83492187.0, 41160022.0, 65418288.0, 37370110.0, 36940726.0]
[833.02, 1074.74, 688.2, 59.74, 49.62, 145.72, 686.2341627480002, 1060.5757737364806, 546.0128203623061, 51.86828294353115, 32.555064811761, 98.16604841402393, 5.0, 15.0, 8.0, 0.0, 5.0, 0.0, 2480.0, 4511.0, 1976.0, 216.0, 145.0, 366.0, 335193.2802757223, 2.5468455752248653, 613053.3976198024, 2.575413938384522, 282567.27547747776, 2.6843766397060422, 57771065.0, 112869531.00000001, 38289332.0, 73940111.0, 49362148.0, 36813184.0]
[715.44, 1046.22, 587.76, 56.92, 56.12, 168.46, 681.680850575118, 1175.5064959585789, 513.7114873592939, 45.92533425605754, 36.89789552098536, 111.69934317311863, 3.0, 51.0, 2.0, 7.0, 0.0, 6.0, 2965.0, 4994.0, 2162.0, 226.0, 174.0, 499.0, 683193.963266667, 2.51269029821806, 2068488.8852743183, 2.781199878042945, 190276.4523184473, 2.89097243495593, 48362469.999999985, 122437774.99999999, 30204166.0, 70050769.0, 37414630.0, 25428728.0]
[829.26, 1310.56, 595.08, 69.14, 48.66, 175.36, 776.0828855902715, 1310.2907476073037, 501.92091579678737, 59.54247669195703, 42.890753487131434, 112.799580256854, 13.0, 3.0, 6.0, 0.0, 0.0, 0.0, 2941.0, 5943.0, 1808.0, 233.0, 167.0, 454.0, 543433.2126674404, 2.275652444902232, 1628731.6228407156, 2.56255872101716, 180269.39268723526, 2.8732872087359325, 63896535.0, 170004606.00000003, 30050316.0, 90126673.0, 51748226.0, 31041957.0]
[697.3725490196078, 981.8627450980392, 725.9411764705883, 52.490196078431374, 55.705882352941174, 169.54901960784315, 745.5923272347782, 1158.5829278840224, 626.4033975567088, 46.525422104058165, 38.96834310957912, 104.75501204725055, 6.0, 6.0, 19.0, 0.0, 2.0, 8.0, 3175.0, 5067.0, 2197.0, 210.0, 135.0, 387.0, 719235.8319984729, 2.509540600902434, 1330601.1071090163, 2.5658865184122424, 417809.8861870367, 2.877495793978867, 53650110.95999999, 118608146.93999998, 47425492.61999999, 59383436.0, 51096829.0, 38495239.0]
[748.5, 1227.5, 872.2, 54.88, 54.92, 174.92, 730.1175261838441, 1247.1012143268526, 703.5754459638748, 56.37615648843191, 45.07175231941684, 119.16304042815302, 30.0, 11.0, 7.0, 0.0, 0.0, 0.0, 3149.0, 6171.0, 2403.0, 274.0, 210.0, 507.0, 448968.87499279575, 2.7758142394982452, 1004292.5693368275, 2.7219569212678514, 581371.7791379871, 2.8806234933122457, 54133121.0, 151545623.00000003, 62292543.99999999, 77282921.0, 62398058.0, 40453644.0]
[790.7, 1489.56, 770.28, 62.68, 56.4, 167.26, 692.363277595848, 1386.919669554051, 615.9550089586288, 52.207763907726395, 44.72272855025274, 119.62096772040991, 35.0, 37.0, 7.0, 1.0, 1.0, 0.0, 2721.0, 5353.0, 2472.0, 229.0, 187.0, 489.0, 433217.82820119784, 2.5708074623606243, 1536959.9346772032, 2.15319912685321, 279393.2339112773, 2.8587708995881718, 54749302.99999999, 205193211.99999997, 48257192.00000001, 85184255.0, 75633810.0, 39164674.0]
[586.5, 1222.78, 654.72, 47.82, 53.6, 171.98, 524.771330180672, 1247.7283078475384, 595.2114026776965, 45.15130571936171, 41.35609423787799, 115.95961471520143, 6.0, 50.0, 10.0, 0.0, 0.0, 1.0, 2424.0, 5806.0, 2685.0, 161.0, 170.0, 457.0, 400084.0831520399, 2.5725953981109173, 2326331.7384810424, 2.65461885635322, 271235.15383878106, 3.00504450758494, 30692974.999999996, 151044017.00000003, 38792468.0, 54610248.0, 45873108.0, 19777924.0]
[597.0980392156863, 1358.4705882352941, 578.5882352941177, 62.19607843137255, 52.68627450980392, 170.66666666666666, 597.0469413673253, 1243.4476804906778, 538.149985653464, 48.62757226423838, 43.66348139856849, 110.96678181630152, 7.0, 58.0, 10.0, 3.0, 2.0, 6.0, 2960.0, 4837.0, 2129.0, 235.0, 193.0, 407.0, 266854.46323066147, 2.504900847555726, 1250878.8675641806, 2.356305421234504, 206803.18918481685, 2.6586217616150343, 36726203.64, 174854179.32000002, 32184317.04, 58631912.0, 53099423.0, 22873028.0]
[578.48, 1281.44, 752.26, 63.72, 55.78, 193.56, 594.6127273362084, 1297.5871668254908, 698.7477081120458, 52.16067797230603, 30.455246523650512, 92.53728647283269, 23.0, 21.0, 11.0, 2.0, 1.0, 7.0, 2275.0, 5763.0, 3062.0, 230.0, 153.0, 443.0, 427975.78931639716, 2.445395685537401, 1339068.4029600201, 2.6340992269775505, 477559.19990199985, 2.8472535438830193, 34056606.0, 164607314.0, 52218925.00000001, 56665014.0, 62193237.0, 31790528.0]
[460.34, 932.48, 676.24, 54.44, 48.8, 150.14, 472.98783735495175, 1164.921162962699, 552.5383562270051, 57.43111579296096, 37.37127566591699, 102.50077351624509, 5.0, 14.0, 22.0, 1.0, 0.0, 8.0, 2096.0, 4344.0, 2463.0, 218.0, 151.0, 399.0, 223128.1076314435, 2.948379993922529, 1244695.3238464696, 2.8278633090534684, 437890.6895393584, 2.9326951068077274, 21557803.0, 109970971.99999999, 37824660.0, 34163028.0, 43159377.0, 21332843.0]
[529.2, 1395.82, 653.16, 54.5, 54.86, 158.76, 500.0434266855516, 1327.3166530828355, 563.5059480337255, 47.68572712488058, 37.47435041165504, 102.19720032907966, 47.0, 34.0, 9.0, 1.0, 0.0, 6.0, 2927.0, 5656.0, 2037.0, 191.0, 161.0, 387.0, 142387.14337182467, 2.853868262266434, 1656972.510092724, 2.681120377205195, 198114.54981189276, 2.6877059952348055, 26254760.0, 183742378.99999997, 36890308.0, 50221384.0, 61001965.0, 21996987.0]
[406.84, 1149.58, 487.44, 48.96, 60.34, 166.04, 505.6637327436534, 1244.963749820591, 416.5484101028158, 45.4492136390517, 52.53749292900553, 115.41654109868166, 9.0, 22.0, 18.0, 1.0, 0.0, 4.0, 2436.0, 5626.0, 2176.0, 239.0, 277.0, 485.0, 420013.3875153176, 2.72567835110277, 2659513.8587346347, 2.715189061387019, 237296.2235090031, 2.7253643353468417, 20805034.0, 142023511.0, 20382004.0, 35787342.0, 31807679.0, 10136456.0]
[553.78, 1491.26, 818.64, 68.6, 58.98, 182.56, 508.81913269443635, 1232.7133306289036, 695.4353433171871, 50.76476361108949, 45.534239191794015, 106.10798504257781, 2.0, 151.0, 36.0, 1.0, 1.0, 9.0, 2026.0, 5417.0, 2641.0, 228.0, 250.0, 393.0, 179853.3917403882, 2.2984772612360813, 1161510.6227378352, 2.054515791560887, 263883.915696668, 2.6080861544672893, 28019562.999999996, 185652344.99999997, 57206458.00000001, 54235328.0, 77257252.0, 27634309.0]
[374.6, 845.4, 736.74, 58.12, 53.24, 151.2, 412.86900625565323, 954.8725312943127, 619.7436537202544, 49.70223170778847, 39.816702474192496, 95.87470565103952, 11.0, 18.0, 10.0, 3.0, 0.0, 4.0, 1988.0, 4165.0, 2222.0, 235.0, 201.0, 373.0, 292134.52285236964, 2.780650865468013, 1714451.0440343411, 2.75363444108473, 490055.24552878377, 2.7616703865526517, 15368838.0, 80412354.0, 45959318.99999999, 25513681.0, 44384407.0, 19997533.0]
[430.0, 1032.88, 403.5, -59.66, 53.96, 150.4, 591.5231463375387, 2153.171127354598, 1714.0968735274955, 913.4594840383407, 43.12675196086389, 117.16114839774127, -1965.0, -11025.0, -11025.0, -6378.0, 0.0, 1.0, 2247.0, 5746.0, 1795.0, 237.0, 169.0, 514.0, 121146.62259300999, 2.9295245252143585, 787089.1212249228, 2.5066364764988274, 311721.43960426847, 2.710204371092573, 26390082.0, 280513204.0, 152108889.0, 58737006.0, 169881898.0, 40020216.0]
[303.5, 910.48, 539.1, 41.66, 46.68, 150.66, 315.03075651596373, 1129.5252432336522, 407.51638254285723, 34.96622860500032, 32.46124219585503, 97.64797457589948, 2.0, 2.0, 11.0, 0.0, 1.0, 2.0, 1280.0, 4743.0, 1783.0, 191.0, 139.0, 376.0, 174202.26151257433, 2.8988686317381536, 2333134.4596399185, 2.5856576289404325, 188759.68575486506, 2.9373712819243245, 9468587.0, 103964227.99999999, 22668851.000000004, 19273061.0, 29399411.0, 10100263.0]
[479.76, 1585.4, 678.26, 54.42, 62.18, 194.08, 501.8130621932386, 1387.8717225908695, 447.9850494043255, 42.3113291144177, 53.71758728455206, 115.23407234221754, 11.0, 45.0, 20.0, 0.0, 0.0, 9.0, 1922.0, 5988.0, 1999.0, 207.0, 222.0, 461.0, 180507.12525738822, 2.5006014058301074, 1713015.170364671, 2.4149677873336706, 143335.53675712566, 2.621325700650032, 23847483.999999996, 220057866.0, 32835671.0, 48707758.0, 57040195.0, 17370942.0]
[307.42, 970.88, 575.68, 60.88, 51.44, 163.94, 316.9500115095728, 896.6625793599785, 458.04929954790515, 45.626093501013926, 41.397604189772395, 96.12670422575675, 11.0, 30.0, 6.0, 0.0, 0.0, 6.0, 1474.0, 4272.0, 2018.0, 234.0, 196.0, 429.0, 175804.00903350735, 2.9579387021185632, 1346655.1453420636, 2.520547268321087, 263816.00348698685, 3.020516702958091, 9647761.0, 86526584.00000001, 26851022.000000004, 20653825.0, 31680919.0, 11042369.0]
[501.24, 1275.04, 559.82, 56.42, 53.02, 135.94, 504.431931857561, 1212.2870098642954, 431.31274178314027, 46.21736134609935, 44.97686026373643, 102.7454572211922, 11.0, 27.0, 2.0, 4.0, 2.0, 1.0, 2705.0, 5403.0, 1741.0, 232.0, 209.0, 403.0, 142606.729641397, 2.8647528448531863, 1048391.0878600058, 2.2967613055247105, 235450.78165736108, 2.7820828975315326, 25030204.000000004, 153298700.0, 24785425.000000004, 43968641.0, 39008379.0, 16536134.0]
[346.22, 1164.34, 534.38, 50.08, 49.8, 162.34, 347.01292630161225, 1175.2036664131967, 492.9628412539254, 40.91047468284266, 37.20599030110225, 101.5288458055751, 5.0, 9.0, 8.0, 2.0, 0.0, 2.0, 1559.0, 5052.0, 2693.0, 190.0, 175.0, 430.0, 200823.23453747956, 2.901333369301121, 1939462.6670208175, 2.522171696235674, 70229.3301379006, 2.8685731782307977, 11893895.0, 135458461.0, 26185705.000000004, 26721557.0, 34660231.0, 9470059.0]
[439.66, 1352.38, 469.92, 62.4, 50.58, 158.68, 395.5876336772515, 1296.1153087088308, 447.28837613844985, 50.40408146739139, 42.216202518725446, 95.73015646672086, 5.0, 64.0, 14.0, 3.0, 2.0, 5.0, 1659.0, 5872.0, 1828.0, 235.0, 197.0, 390.0, 125712.74823100463, 2.8911014316365464, 1665468.6982282146, 2.6012404093131294, 170402.69185402818, 2.8802099388571585, 17333035.0, 173762413.0, 20844518.000000004, 37930114.0, 43867779.0, 11496923.0]
[381.6666666666667, 1204.5882352941176, 655.5490196078431, 56.15686274509804, 53.88235294117647, 159.80392156862746, 422.7274141413905, 1063.9306589523696, 517.6256683637507, 44.68170656947633, 41.212448148016406, 88.93885981006123, 10.0, 12.0, 14.0, 5.0, 0.0, 6.0, 2422.0, 4166.0, 2554.0, 199.0, 145.0, 371.0, 223079.89264088377, 2.89494927864686, 1199786.419934754, 2.472091960535283, 227428.37955845165, 2.917662273008957, 16691346.3, 133212097.92, 36020062.74, 31930749.0, 48118861.0, 15575723.0]
[315.62, 1050.58, 625.8, 54.34, 52.38, 155.84, 379.6185459223025, 1163.6481179673601, 475.5255309783533, 45.92700952687463, 37.18233616179838, 100.59706653734176, 1.0, 8.0, 13.0, 3.0, 3.0, 5.0, 2065.0, 4472.0, 2492.0, 200.0, 173.0, 420.0, 124778.8215218631, 3.0393272097400326, 1378593.2491415658, 2.4571083520725945, 276885.8337814491, 2.9927680220925077, 12042200.999999998, 121535687.0, 30661383.999999996, 21610401.0, 39522410.0, 12389667.0]
[420.54, 1372.22, 587.18, 60.84, 50.06, 148.86, 424.6963962404106, 1246.1843361203978, 565.4408679093162, 45.31583495820399, 40.99497729314295, 93.1340946798579, 8.0, 7.0, 2.0, 0.0, 1.0, 10.0, 1956.0, 4756.0, 2611.0, 188.0, 163.0, 330.0, 110981.22903524889, 2.8956855364991116, 1396495.3531474797, 2.6510538332857965, 242185.696984562, 2.649949095381754, 17680678.999999996, 170245181.00000003, 32905462.999999996, 39072474.0, 50474822.0, 12357289.0]
[357.2, 1075.74, 441.34, 48.38, 54.02, 155.26, 401.9300375712678, 1261.197840247476, 341.7626942538836, 37.422513141101554, 38.292371489445706, 92.58968294445717, 2.0, 20.0, 6.0, 3.0, 5.0, 6.0, 1838.0, 6022.0, 1484.0, 155.0, 184.0, 405.0, 262480.9405770995, 2.810157716129238, 2956616.266879469, 2.6583243610236815, 95044.25117289458, 2.6986648114884266, 14295432.0, 135801207.0, 15462334.999999998, 24610710.0, 25586115.0, 7749477.0]
[459.12, 1612.82, 542.54, 69.2, 59.52, 174.38, 520.7252650224042, 1379.6887949898007, 400.33558422903155, 47.31570046194055, 48.189354400645584, 100.56673893286903, 3.0, 16.0, 8.0, 8.0, 2.0, 14.0, 2457.0, 5926.0, 1801.0, 252.0, 188.0, 407.0, 193051.80183675056, 2.7329624776837194, 1565048.072264431, 2.3720949736725165, 124668.2187526042, 2.8670497117363944, 23826144.0, 223332935.0, 22570643.0, 47647395.0, 47677045.0, 11805612.0]
[410.66, 1110.98, 645.94, 47.54, 57.56, 168.2, 357.46434730170887, 1141.316881537127, 552.2284136263966, 42.814364364292125, 39.97354227026488, 95.97448640558764, 7.0, 39.0, 29.0, 0.0, 4.0, 3.0, 1961.0, 4531.0, 2161.0, 170.0, 190.0, 385.0, 171836.74982149378, 2.7655935779291942, 1557338.441201318, 2.2896283059487557, 318770.3476280945, 2.811410648446315, 14693339.0, 125541435.00000001, 35804778.99999999, 32225583.0, 40854921.0, 14437272.0]
[435.3921568627451, 1253.0196078431372, 647.0392156862745, 57.94117647058823, 60.254901960784316, 152.90196078431373, 437.53381942114476, 1323.5306492891816, 616.3543773117642, 47.953482361432684, 54.59481408971181, 106.25314205273382, 17.0, 10.0, 12.0, 0.0, 3.0, 9.0, 1964.0, 5388.0, 2459.0, 194.0, 230.0, 401.0, 126277.6162942158, 2.7803692459303715, 1342133.8369631432, 2.6827326171576, 419666.3683789448, 2.744946128395246, 19624468.5, 171012826.67999998, 41153208.66, 41050307.0, 51969239.0, 15912836.0]
[427.27450980392155, 1279.9803921568628, 574.0588235294117, 45.745098039215684, 56.98039215686274, 181.90196078431373, 413.40305167869155, 1340.1391194976152, 597.2629709521495, 38.20620009226508, 38.92736322746684, 110.97698047828852, 22.0, 1.0, 3.0, 0.0, 4.0, 11.0, 2266.0, 5924.0, 2717.0, 149.0, 189.0, 419.0, 191545.47997362958, 2.8356919567039442, 2590785.8844072814, 2.726693013031028, 196214.11119886496, 2.7960859035983323, 18212959.859999996, 176821572.66, 35335730.45999999, 40395192.0, 39179570.0, 9827853.0]
[362.04, 1190.88, 600.66, 48.3, 53.92, 148.46, 452.0552142545132, 1103.1100494621967, 472.11039914366626, 46.32020320000546, 43.2703131488553, 101.92318235828793, 10.0, 27.0, 56.0, 0.0, 2.0, 4.0, 2410.0, 4786.0, 1882.0, 234.0, 196.0, 383.0, 145512.70152242016, 3.0380305846575975, 1026631.3745573618, 2.77934207162848, 156691.14518823425, 2.479693056233802, 16566990.0, 130535495.99999999, 28961145.0, 26333539.0, 48290297.0, 14374569.0]
[409.62, 1324.04, 653.2, 59.1, 52.18, 162.78, 447.84458355595666, 1122.779531305397, 487.58563873645915, 41.15736351406114, 42.612966312604705, 93.85818438213157, 17.0, 19.0, 40.0, 2.0, 0.0, 7.0, 2094.0, 4266.0, 2230.0, 215.0, 169.0, 384.0, 172784.72718004932, 2.722826730441111, 920336.7176090941, 2.3065275197074864, 141078.64541329024, 2.8772201955200623, 18217101.0, 149425156.0, 32982760.000000004, 38232855.0, 46957864.0, 15039599.0]
[470.4, 983.72, 560.6, 51.6, 57.3, 127.24, 596.7942933469024, 1179.4317732514678, 495.2722607262575, 48.684322582389115, 48.151228606615334, 100.11229613156765, 4.0, 22.0, 0.0, 1.0, 0.0, 3.0, 3451.0, 5623.0, 2279.0, 236.0, 236.0, 412.0, 312160.7285804011, 2.8647422850881408, 1195169.9632565617, 2.3375008046488337, 376754.4052415031, 2.979249183237689, 28515815.999999996, 116547158.00000001, 27733054.000000004, 39675449.0, 35208554.0, 13216539.0]
[413.82, 1218.84, 503.26, 44.22, 43.26, 141.94, 411.634655231742, 1277.0006370158062, 464.48829909912695, 34.64177612451799, 35.48141795937929, 101.00523526540795, 22.0, 9.0, 11.0, 2.0, 1.0, 1.0, 1823.0, 5910.0, 1932.0, 130.0, 167.0, 354.0, 146201.9559934875, 2.789351113700242, 1799245.0246616732, 2.629334587681693, 144241.12667271766, 2.857884481862751, 16865061.0, 154184347.99999997, 23235251.0, 35310118.0, 38234578.0, 13058931.0]
[495.36, 1182.62, 455.96, 50.68, 52.68, 156.08, 552.4711003615428, 1314.4182835314002, 418.1337038385142, 47.89633363327723, 47.070698021645036, 102.59447413213334, 22.0, 54.0, 5.0, 0.0, 0.0, 5.0, 2423.0, 6383.0, 1581.0, 188.0, 240.0, 414.0, 270817.62422580353, 2.7274117657317705, 1877909.4733564463, 2.648885843175784, 133696.38935226874, 2.844807799051112, 27225068.0, 154586579.0, 18961930.0, 38882959.0, 35473768.0, 12155602.0]
[552.4313725490196, 1267.862745098039, 792.1176470588235, 62.23529411764706, 68.27450980392157, 182.31372549019608, 653.0626081748046, 1303.7034635162681, 790.6021413342827, 50.170345119520206, 56.525066450689835, 126.03737385332629, 9.0, 4.0, 33.0, 1.0, 0.0, 13.0, 3471.0, 4760.0, 4409.0, 246.0, 246.0, 538.0, 572134.1617194245, 2.8252568817017516, 1611599.3325776632, 2.638703194944112, 370380.9824492417, 2.800370823316013, 37626514.79999999, 170302677.17999998, 64517607.120000005, 59536332.0, 69374841.0, 27947319.0]
[572.92, 1065.1, 576.58, 60.52, 50.82, 123.9, 629.5703374492149, 1213.5783023432675, 494.2384407616739, 54.913007269197514, 51.73349682630734, 105.62645965662125, 0.0, 3.0, 27.0, 0.0, 1.0, 1.0, 2889.0, 5280.0, 2119.0, 255.0, 221.0, 440.0, 349252.03045591345, 2.687105343154121, 1073640.121032329, 2.3411619690499137, 368979.23494562024, 2.876750320808831, 35833448.0, 128887743.0, 28591534.999999996, 42039226.0, 40639081.0, 19335730.0]
[405.88235294117646, 1172.6274509803923, 468.03921568627453, 36.90196078431372, 49.19607843137255, 145.47058823529412, 409.07391249302725, 1285.6182631058773, 416.6100316019437, 27.74473276278637, 36.997848374111236, 101.51460051464055, 2.0, 23.0, 3.0, 2.0, 0.0, 4.0, 1602.0, 5657.0, 1476.0, 126.0, 162.0, 388.0, 182904.22782292278, 2.7764895363669244, 2299777.3321678913, 2.5691712426115116, 139659.46436396774, 2.853957504832034, 17104214.76, 155823898.56, 20247297.84, 42643260.0, 32663273.0, 11256720.0]
[659.08, 1524.04, 615.08, 61.0, 74.52, 172.34, 725.7179651200315, 1391.76896628363, 565.1606901707564, 46.22262013608594, 60.66005645381145, 121.10437562664022, 17.0, 12.0, 20.0, 2.0, 1.0, 3.0, 3469.0, 6405.0, 2974.0, 176.0, 234.0, 503.0, 318000.2806918563, 2.7277328911292247, 1612360.791306152, 2.629746570109376, 238768.06277768087, 2.644379133548598, 47525983.99999999, 211048918.0, 34567094.0, 73962008.0, 47829799.0, 25146084.0]
[470.46, 1260.84, 590.04, 40.76, 64.32, 159.32, 500.8406080719469, 1188.0852089279915, 503.23281259618733, 36.217911906363994, 49.8816722302871, 117.63701347269706, 2.0, 49.0, 24.0, 5.0, 4.0, 0.0, 1999.0, 4870.0, 2147.0, 159.0, 213.0, 446.0, 253831.69077083273, 2.7439856510122014, 1080654.4911214511, 2.2101748598477577, 256596.76889496474, 3.010218337129421, 23357854.999999996, 148651652.00000003, 29816279.99999999, 47659132.0, 43929290.0, 18241531.0]
[495.96, 1167.42, 618.5, 43.6, 61.08, 158.54, 600.4400073687459, 1388.93815101571, 430.7004380621626, 44.429719783046124, 49.66493445365366, 116.84547793682782, 2.0, 5.0, 88.0, 0.0, 4.0, 10.0, 3100.0, 6479.0, 1717.0, 177.0, 217.0, 495.0, 390499.995269908, 2.671210922069317, 1988885.5281308596, 2.34289660321692, 238859.4052849617, 2.8825836387627106, 29964698.000000004, 162671783.0, 28216752.999999993, 48950895.0, 38507015.0, 16097967.0]
[613.4, 1585.12, 722.68, 47.08, 64.3, 152.56, 661.4460657976458, 1693.4612260343113, 605.5165593718057, 48.4013155496705, 69.93736264599596, 123.73987858011017, 4.0, 13.0, 27.0, 0.0, 3.0, 0.0, 3515.0, 7466.0, 2664.0, 211.0, 335.0, 474.0, 210542.45043534852, 2.5475612436033654, 2331273.298867934, 2.5007063478272378, 279337.2153377341, 2.7662153082426046, 40251012.0, 266153005.99999997, 44079184.0, 73210613.0, 55949033.0, 23786142.0]
[412.80392156862746, 1171.137254901961, 613.4901960784314, 34.0, 48.90196078431372, 161.7058823529412, 450.6446502337665, 1502.8908945044261, 429.9186607975523, 27.1794039669747, 41.299033839527425, 124.12482332195233, 3.0, 3.0, 33.0, 0.0, 3.0, 1.0, 1979.0, 6888.0, 2054.0, 106.0, 206.0, 528.0, 356275.3336312366, 2.87294260772502, 4158368.1605970804, 2.653427400247986, 199079.47846704454, 2.8513613112728575, 19221686.819999997, 186541412.76, 29005111.679999996, 43786883.0, 42822701.0, 12364385.0]
[614.9, 1560.06, 705.9, 53.48, 63.38, 169.44, 745.3540522901221, 1452.49549382841, 589.0253190913037, 56.01903466588798, 71.83651791479352, 118.36456309182394, 3.0, 123.0, 32.0, 0.0, 1.0, 0.0, 3616.0, 5638.0, 2264.0, 243.0, 349.0, 448.0, 327396.1525309792, 2.3958947995810504, 1517128.9195653962, 1.9003818697574306, 195763.79242959246, 2.6599298500664514, 46127181.0, 225066775.0, 41915330.99999999, 74528360.0, 68688441.0, 25703093.0]
[538.6, 1027.66, 696.7, 44.62, 62.38, 140.42, 620.6936541039372, 1300.9542747145108, 680.6371339879021, 51.548229843516445, 65.8430074696855, 114.67043993949953, 23.0, 8.0, 1.0, 1.0, 3.0, 0.0, 3019.0, 5653.0, 2713.0, 263.0, 349.0, 602.0, 599472.780384796, 2.6977787698974964, 2735926.439104612, 2.3612635647750393, 670037.5094609557, 2.983664231762408, 33382267.999999996, 135735873.0, 46969623.0, 53991899.0, 53170264.0, 30689562.0]
[548.78, 1249.2, 707.92, 54.4, 53.5, 138.26, 578.4140629024033, 1513.0299105450895, 546.739308098849, 41.91390592874973, 45.802704670161575, 108.65087506808781, 12.0, 0.0, 4.0, 4.0, 0.0, 0.0, 2307.0, 6460.0, 2224.0, 179.0, 195.0, 470.0, 312216.74779619946, 2.469227173907903, 2678848.98585366, 2.3646563686758513, 304291.39358188206, 2.625351152002917, 31451552.999999996, 190198748.0, 39704806.0, 62627473.0, 63579461.0, 23115254.0]
[552.44, 1467.9, 578.96, 45.66, 53.62, 155.7, 767.1233878880881, 1593.8139118837826, 401.1922008723703, 47.579197134882385, 52.134398531143354, 124.77641227902207, 4.0, 5.0, 40.0, 0.0, 0.0, 1.0, 3930.0, 6474.0, 2038.0, 222.0, 281.0, 474.0, 386914.5752638471, 2.686319405283474, 2944731.347922163, 2.5911067700204433, 149721.86947153692, 2.8817430240205684, 44094933.99999999, 232208416.99999997, 24646538.000000004, 71834285.0, 49217695.0, 18911153.0]
[669.44, 1554.1, 654.28, 52.78, 69.36, 178.18, 667.3094671124929, 1425.1561496974316, 477.8581054869655, 48.20292564581871, 53.21184462282119, 112.55704948049723, 24.0, 28.0, 26.0, 1.0, 0.0, 0.0, 2725.0, 6054.0, 1809.0, 243.0, 272.0, 493.0, 362537.89338545117, 2.5598521594153687, 1856405.5777952739, 2.3534554109527726, 206499.60015010636, 2.9083955983013885, 44227289.99999999, 220283773.0, 32593186.000000004, 82170441.0, 53794477.0, 27012866.0]
[576.48, 1121.68, 649.08, 47.76, 59.54, 131.16, 631.5159357790246, 1376.7782184713492, 469.2269299994777, 43.0948455651684, 49.06314548515983, 113.91016152196075, 17.0, 14.0, 44.0, 1.0, 0.0, 0.0, 2886.0, 5809.0, 2241.0, 199.0, 239.0, 421.0, 489308.6192885896, 2.6880201394702308, 2130598.238699007, 2.5473916664592133, 320457.42779324204, 2.9412204362119425, 36158266.0, 155788696.0, 31853763.999999996, 57186681.0, 48111003.0, 20314567.0]
[691.6, 1550.26, 503.76, 59.42, 61.6, 152.48, 693.5239206915855, 1481.928746118189, 421.55061477398715, 41.57024544217233, 44.77654269268904, 101.29916090471826, 5.0, 13.0, 14.0, 9.0, 1.0, 4.0, 3070.0, 5892.0, 1829.0, 184.0, 174.0, 406.0, 350064.45087209274, 2.6632406936802577, 2028669.1255844135, 2.1559131300477428, 152606.2077984932, 2.5257827962603097, 47483324.0, 227774831.0, 21396248.000000004, 87816119.0, 38670687.0, 16373147.0]
[561.46, 1163.4, 568.86, 50.94, 56.06, 147.32, 762.0907656585539, 1304.8940061732749, 369.6772453293355, 44.27484198337766, 57.6574720364382, 108.11982015432731, 2.0, 53.0, 94.0, 0.0, 0.0, 0.0, 4604.0, 6045.0, 1545.0, 194.0, 294.0, 485.0, 537714.0613596395, 2.7942395736661023, 1890604.391649126, 2.747693911614095, 127747.07316337567, 2.8607262276169734, 44220201.00000001, 151109648.0, 22876487.0, 58684797.0, 43661344.0, 20358037.0]
[706.8, 1575.6, 611.58, 59.48, 74.46, 189.62, 826.3492862326093, 1474.8605191747483, 379.51242027482726, 55.04367097392501, 59.385014944849516, 114.93563238542143, 8.0, 33.0, 5.0, 4.0, 1.0, 3.0, 3552.0, 6135.0, 1728.0, 241.0, 238.0, 513.0, 501858.90196642664, 2.539376333029505, 1670715.4846285346, 2.0696541903395826, 100969.53913049558, 2.817396908464234, 58438115.99999999, 230711232.0, 25758959.000000004, 91659996.0, 49197072.0, 27759666.0]
[619.18, 1113.06, 618.34, 53.48, 65.6, 143.36, 819.2439443829679, 1277.3024734069174, 500.20010730400566, 47.513796063107094, 56.903068315104676, 107.28747573216359, 6.0, 16.0, 6.0, 1.0, 2.0, 2.0, 4080.0, 5232.0, 2307.0, 248.0, 260.0, 495.0, 1229475.249830342, 2.8098997916633692, 2819995.3082954194, 2.636556348711662, 356061.3304424291, 2.6408326647725358, 52056065.00000001, 141888707.0, 31377025.0, 65652541.0, 41248376.0, 26096623.0]
[761.0980392156863, 1680.3725490196077, 574.156862745098, 72.17647058823529, 57.72549019607843, 164.94117647058823, 676.8593429923816, 1625.826976781777, 532.3644004833163, 52.55309919780295, 42.23888181823593, 125.54463935424815, 12.0, 5.0, 3.0, 5.0, 1.0, 10.0, 2929.0, 7499.0, 2175.0, 219.0, 207.0, 500.0, 346554.6293092893, 2.121328660090386, 2279469.825081203, 2.2522101523405613, 251087.86453677953, 2.706188065522231, 53498704.2, 281695353.3000001, 31602715.079999994, 103976490.0, 54731492.0, 25192450.0]
[521.56, 917.28, 433.3, 61.7, 65.2, 153.08, 575.8445496018196, 1019.0237633166764, 368.0498108480782, 47.10312178224128, 44.3570853461785, 93.37478574136006, 3.0, 21.0, 6.0, 4.0, 2.0, 4.0, 3004.0, 5213.0, 1673.0, 212.0, 187.0, 393.0, 586469.1837986101, 2.5473690287100763, 1972226.1014532086, 2.5324250903768433, 119416.0312686474, 2.776508739932528, 29849492.0, 92952191.99999999, 16025016.999999998, 47390560.0, 22386654.0, 12266923.0]
[870.32, 1639.94, 585.34, 71.68, 61.88, 165.18, 789.6658926665228, 1392.0311163833917, 401.31475814133825, 58.70035983618804, 49.449888054185, 114.76181011653871, 17.0, 5.0, 37.0, 1.0, 0.0, 0.0, 3183.0, 6140.0, 1813.0, 217.0, 191.0, 425.0, 415563.95431421907, 2.2787514091336174, 1563997.32207106, 1.8444226554255019, 155525.12607348379, 2.8184045658845123, 68427884.0, 229419941.0, 25022768.999999996, 107276886.0, 45238653.0, 26253118.0]
[586.6078431372549, 973.9803921568628, 523.2941176470588, 49.3921568627451, 59.84313725490196, 136.49019607843138, 713.307958133971, 1032.7660042855027, 417.92273420418985, 37.67709035017038, 43.10933659847695, 96.48199263054626, 1.0, 22.0, 11.0, 6.0, 2.0, 2.0, 3136.0, 4080.0, 2085.0, 157.0, 233.0, 389.0, 910337.2911965378, 2.7469984989006915, 1799877.8188824106, 2.733149235466279, 183338.18310316635, 2.8055273049445075, 43849758.17999999, 103745025.18, 23152616.880000003, 57747530.0, 29238747.0, 18702619.0]
[783.56, 1216.52, 572.84, 72.48, 65.24, 131.56, 707.8984465389402, 1207.0624020525945, 471.38330345432286, 49.73818801422882, 46.44661627358129, 98.25106532111849, 10.0, 33.0, 12.0, 0.0, 2.0, 1.0, 2973.0, 5981.0, 1886.0, 210.0, 241.0, 386.0, 316485.27240159875, 1.8981381630208247, 982410.0266257672, 1.9359026160717783, 230323.64510867643, 2.4095191581926914, 55253204.0, 145389028.00000003, 27295192.0, 73397636.0, 40305894.0, 28009409.0]
[558.8627450980392, 1020.5686274509804, 444.0980392156863, 58.68627450980392, 59.3921568627451, 155.5686274509804, 678.9380537164741, 1149.3609051103479, 329.80571583294073, 48.645036826413616, 40.715146288020414, 93.21443126511275, 0.0, 20.0, 11.0, 0.0, 5.0, 1.0, 3422.0, 5479.0, 1214.0, 200.0, 196.0, 367.0, 820013.2830301203, 2.7257143734920177, 2351290.225785556, 2.774671216878203, 91835.50280662763, 2.9774802999030436, 39756081.0, 121554523.01999998, 15806906.340000002, 60556818.0, 23734190.0, 12349405.0]
[818.78, 1512.44, 658.1, 75.2, 66.32, 174.82, 799.5898767620862, 1322.1539655317865, 521.111576833795, 53.147849227894646, 47.534065121118935, 109.72018027320078, 10.0, 17.0, 26.0, 1.0, 9.0, 0.0, 3879.0, 5274.0, 2759.0, 186.0, 235.0, 390.0, 452125.94689218496, 2.422612412141311, 1274713.3780803974, 2.083749214616257, 144513.61988284157, 2.745385738029287, 64847889.0, 200030201.99999997, 34961087.00000001, 100523358.0, 57557270.0, 34735857.0]
[526.84, 824.14, 580.9, 52.78, 52.96, 145.0, 467.0436924017333, 807.0071443428541, 514.3880552934443, 37.56316584862661, 35.94664981125586, 93.27247773079053, 1.0, 26.0, 29.0, 5.0, 0.0, 6.0, 2201.0, 3594.0, 2338.0, 166.0, 167.0, 382.0, 373674.6905509846, 2.6385204722931683, 1204443.635538405, 2.6078900855253804, 397943.94745888025, 2.963597869473367, 24566380.0, 65872103.0, 29837399.0, 34887152.0, 29298695.0, 19231467.0]
[733.3, 1367.14, 569.94, 69.92, 65.28, 146.12, 681.4745791596458, 1207.2277909258357, 487.10068564844335, 53.90007383282209, 50.986608886199576, 104.31714594818779, 48.0, 15.0, 11.0, 5.0, 2.0, 8.0, 3087.0, 5227.0, 2143.0, 209.0, 247.0, 388.0, 265106.97823153326, 2.313871485014658, 1361666.1730143002, 2.427896022405819, 212816.5418388556, 2.79134772284826, 49642416.99999999, 164866137.00000003, 27867666.999999996, 72842964.0, 37547046.0, 22998110.0]
[463.0, 843.78, 374.14, 46.04, 54.1, 146.58, 530.1779447140597, 1007.0839555217767, 296.06170137389967, 40.426279591778574, 37.97380944916684, 88.44301520626436, 8.0, 47.0, 4.0, 0.0, 1.0, 0.0, 2772.0, 5611.0, 1210.0, 168.0, 167.0, 370.0, 580270.1649009131, 2.638562146424027, 2022150.8344313335, 2.612970211687694, 70397.51628348006, 2.814270545149644, 24491794.0, 85294921.0, 11294011.000000004, 39073639.0, 14511333.0, 7145612.0]
[715.64, 1321.26, 529.6, 66.34, 66.06, 170.72, 649.5000827952375, 1151.2391338315883, 395.08898506848936, 47.26806317079607, 47.45584843852661, 105.40844562065823, 20.0, 18.0, 3.0, 1.0, 0.0, 16.0, 2306.0, 5038.0, 1567.0, 183.0, 208.0, 427.0, 306856.4067599833, 2.4939646153766164, 957019.4838606678, 2.547679081877168, 145871.05393727586, 2.8162442673944423, 46277698.00000001, 152228625.0, 21672478.000000004, 67903200.0, 37775149.0, 19292500.0]
[511.04, 825.12, 534.02, 46.18, 61.04, 136.36, 421.79039963528066, 830.6638024213294, 351.04098778068754, 36.50367048919428, 42.786112566712916, 90.5923274671667, 29.0, 12.0, 14.0, 2.0, 2.0, 8.0, 1791.0, 3258.0, 1517.0, 167.0, 216.0, 399.0, 298442.04253686144, 2.4567538346693816, 1148927.2024177266, 2.640192486500334, 154486.78935213093, 3.0481941764779954, 21775544.0, 67851266.0, 20297127.0, 34862426.0, 23803115.0, 14365209.0]
[698.84, 1305.76, 477.8, 63.2, 65.16, 140.98, 699.9096256529357, 1213.5362150781173, 468.4962483242289, 48.42878213186359, 51.752692920173686, 99.12525368626982, 13.0, 26.0, 20.0, 1.0, 0.0, 3.0, 2779.0, 4412.0, 1978.0, 197.0, 239.0, 383.0, 261758.4233137348, 2.217418208201224, 1106033.641922782, 2.0730276982148244, 174799.81018288125, 2.633191445882717, 48422668.00000001, 157411296.0, 22169590.0, 71306718.0, 35389513.0, 18048512.0]
[420.1, 947.48, 358.2, 43.14, 57.64, 136.12, 538.9579988179004, 1050.0398678534223, 267.30552724917453, 37.87789727586282, 40.20242656906193, 82.99044449544188, 1.0, 11.0, 3.0, 1.0, 0.0, 0.0, 2696.0, 4539.0, 1357.0, 150.0, 165.0, 345.0, 523317.75965682726, 2.9582936478142, 1833496.624606067, 2.6018135190350815, 70799.28615132543, 2.8891681473098543, 23057511.000000004, 98912520.0, 9916522.0, 38017701.0, 18260008.0, 7654958.0]
[730.78, 1291.86, 570.74, 59.5, 73.2, 150.98, 759.5997950048622, 1186.79064759733, 446.6936040714792, 42.22836361827854, 55.49885087981185, 101.26273968730844, 6.0, 8.0, 39.0, 2.0, 4.0, 3.0, 3718.0, 5200.0, 2008.0, 166.0, 241.0, 422.0, 385550.77888495347, 2.7182278310491554, 1039694.8900206914, 2.1485538897756116, 173654.98756785446, 2.8060763749262776, 54974571.0, 152460242.99999997, 26064431.0, 71618891.0, 38393875.0, 28614998.0]
[621.34, 1125.38, 632.3, 51.68, 67.42, 146.3, 578.0495921808164, 1085.951757676187, 506.9055883596117, 43.52641234272096, 54.63574743662965, 98.82395190128634, 8.0, 36.0, 6.0, 1.0, 1.0, 7.0, 2690.0, 5347.0, 2033.0, 170.0, 228.0, 354.0, 439569.82803752157, 2.7709387894360447, 1093218.6392140582, 2.6026592157639232, 339092.6795289556, 2.8614198302503144, 35676095.0, 121109277.0, 32580874.999999996, 51065165.0, 42451355.0, 19646157.0]
[704.2, 1318.2, 502.36, 57.38, 55.98, 134.74, 698.9719272632062, 1306.4542604675746, 375.995916174088, 39.526735978864444, 48.98249999869799, 98.62479093896779, 4.0, 13.0, 5.0, 4.0, 0.0, 8.0, 2469.0, 6072.0, 1541.0, 168.0, 218.0, 443.0, 426054.45174629794, 2.6654175776146465, 1708865.1403830328, 2.483649173875733, 149255.62035538576, 2.7885779618653017, 48734408.0, 170516876.0, 19545552.0, 81504672.0, 35738417.0, 18117916.0]
[475.94, 993.92, 458.3, 51.12, 59.64, 143.0, 517.0962256008181, 1081.597266329114, 351.7167952794303, 31.1314789175175, 37.40607830122734, 89.25267960306027, 19.0, 72.0, 0.0, 6.0, 0.0, 1.0, 2834.0, 5190.0, 1703.0, 139.0, 144.0, 339.0, 471213.55654901895, 2.9574717494084464, 2056650.9778610766, 2.7873241572432903, 112597.71392590745, 2.8262953455711304, 24427981.0, 106716628.0, 16563474.999999998, 45273204.0, 25195819.0, 11513710.0]
[682.0, 1324.78, 523.78, 62.92, 67.92, 145.88, 712.3916029252222, 1124.0131143471992, 456.1402080366903, 45.809650529475256, 47.93355945941193, 89.54115232217907, 22.0, 34.0, 7.0, 4.0, 1.0, 4.0, 3356.0, 4048.0, 1968.0, 191.0, 196.0, 408.0, 440361.49726393516, 2.539161806153006, 1104602.3613696457, 2.2444207053382055, 202378.1757389102, 2.9653549378998303, 48123788.0, 149658971.0, 23912405.000000004, 73048893.0, 35580574.0, 19830373.0]
[471.5, 901.32, 566.8, 41.82, 57.14, 132.18, 585.0239224133645, 907.6617962250755, 380.06003822167526, 33.983002954358206, 41.94652085983888, 86.78655261205918, 12.0, 5.0, 67.0, 0.0, 1.0, 3.0, 2601.0, 3637.0, 1523.0, 149.0, 206.0, 356.0, 625487.6602052464, 2.7687879110669016, 1350488.4347321338, 2.4609113884430305, 185600.93840533664, 2.759757395758718, 27886009.0, 80987534.0, 23140948.0, 36538921.0, 32350107.0, 15912231.0]
[599.1, 1384.42, 543.92, 50.38, 56.54, 137.2, 669.4452546546221, 1334.1614516930376, 371.0784525665478, 38.61896013142577, 42.8329503146008, 93.40956556357337, 1.0, 23.0, 18.0, 0.0, 3.0, 0.0, 2954.0, 5035.0, 1534.0, 157.0, 170.0, 344.0, 256038.18334843544, 2.407052079798703, 1243233.6976249244, 2.320871202562217, 148869.0398517014, 2.655571872397773, 39905731.0, 183050289.0, 21539710.0, 70426347.0, 43928076.0, 19218093.0]
[480.74, 966.26, 457.46, 40.32, 59.32, 146.2, 517.884464697977, 1056.6655256329811, 417.09139653225225, 29.735871280598566, 37.33982936681497, 84.20965090844665, 6.0, 22.0, 33.0, 0.0, 2.0, 9.0, 2696.0, 5217.0, 2073.0, 114.0, 198.0, 347.0, 456817.8301220121, 2.652172861359455, 1795424.8407124663, 2.4518271250792423, 66116.54196315997, 2.831125361641006, 24697558.999999996, 101393479.00000001, 18987779.0, 43429709.0, 19003360.0, 10453455.0]
[612.3, 1320.42, 412.84, 56.7, 61.3, 140.38, 630.8423668688832, 1016.7985591039743, 354.3179340187947, 37.32004440358712, 45.33199527837228, 76.08638752987908, 6.0, 85.0, 19.0, 11.0, 0.0, 9.0, 3327.0, 3961.0, 1628.0, 149.0, 177.0, 286.0, 321267.4853162033, 2.621886763721129, 902023.0012402004, 2.178714424754882, 73532.4981214933, 2.6168448987098216, 38245707.0, 137835534.99999997, 14673362.000000002, 61980271.0, 33258177.0, 13188103.0]
[460.29411764705884, 833.5294117647059, 550.4117647058823, 46.6078431372549, 65.7843137254902, 138.58823529411765, 521.5060611006413, 820.9046559239673, 479.4310034393098, 38.09308516325374, 42.447291421474795, 92.27267774820197, 2.0, 46.0, 34.0, 0.0, 0.0, 3.0, 2921.0, 3318.0, 2038.0, 155.0, 201.0, 414.0, 447785.584564768, 2.6231848626310303, 1215663.0712009633, 2.5863505515824845, 286590.4798911843, 3.0734709126833017, 24891909.66, 70510109.16, 27482179.26, 32472344.0, 27743847.0, 14187125.0]
[710.156862745098, 1373.5882352941176, 533.4509803921569, 77.09803921568627, 60.8235294117647, 135.7843137254902, 743.274333541769, 1494.8240053795041, 341.9199504986797, 61.74115480033096, 63.56719464703565, 109.37043727177655, 3.0, 3.0, 18.0, 1.0, 0.0, 5.0, 3493.0, 7046.0, 1748.0, 246.0, 257.0, 507.0, 364953.9071809258, 2.693342055252134, 1412385.5847517783, 2.1793896039821914, 105873.48218350978, 2.6666131437781253, 54410163.96, 212107895.34, 20765700.6, 88445441.0, 40736966.0, 19584875.0]
[488.52, 1102.62, 470.58, 52.68, 73.24, 142.06, 513.8146350423209, 1027.3842929041316, 390.690445342131, 36.479482631490605, 46.78764881496668, 86.09117378733801, 16.0, 5.0, 10.0, 2.0, 3.0, 6.0, 2272.0, 4817.0, 1750.0, 163.0, 211.0, 303.0, 192740.5291816918, 2.735492245343746, 1119214.7619377293, 2.4549708393685736, 91689.44508071581, 2.7333490247905154, 24868858.0, 112508949.0, 18551589.000000004, 43425872.0, 24206578.0, 10185800.0]
[424.3921568627451, 1218.7843137254902, 404.03921568627453, 45.666666666666664, 61.666666666666664, 132.05882352941177, 516.9835230810116, 1209.4231073321773, 362.25449401128566, 40.57766216364204, 43.591589402850026, 91.49544508109808, 16.0, 5.0, 14.0, 6.0, 2.0, 5.0, 2200.0, 5162.0, 1729.0, 201.0, 168.0, 369.0, 249198.5923965218, 3.0103368040839342, 1737917.9668805308, 2.559888404171082, 69621.3739718061, 2.7096101676724964, 23000124.840000004, 151870256.16, 15184788.96, 43680421.0, 32047649.0, 11108087.0]
[443.92, 1143.64, 543.46, 48.04, 67.68, 141.94, 565.9864006442962, 987.0476646266369, 473.0487833496366, 41.005703933746105, 50.060143419527606, 84.83751817324642, 5.0, 74.0, 2.0, 0.0, 0.0, 23.0, 2735.0, 4017.0, 1848.0, 157.0, 191.0, 367.0, 269247.57104887645, 2.6297935172434648, 958684.0801874603, 2.323375344792105, 210775.3348180404, 2.876954530641155, 25549937.999999996, 113134514.00000001, 25732421.000000007, 38298916.0, 33834501.0, 10428167.0]
[465.46, 1224.0, 497.76, 57.16, 56.26, 128.1, 492.911889712967, 1205.406274130961, 443.5906165622091, 47.725558976211445, 36.282795158170984, 90.41723016219908, 32.0, 13.0, 25.0, 2.0, 0.0, 6.0, 2559.0, 5167.0, 1698.0, 200.0, 161.0, 358.0, 263680.9124731637, 3.0218517174676003, 1137052.149894297, 2.5301156832725407, 226048.6652661492, 2.4853562210359073, 22737795.0, 146106010.0, 22030110.000000004, 44848940.0, 35782905.0, 12723922.0]
[476.1730769230769, 1177.9807692307693, 484.5192307692308, 46.59615384615385, 65.92307692307692, 142.03846153846155, 392.83932359540574, 983.1154658689736, 357.87688157804234, 38.39437234874792, 38.0638504609759, 80.13321299584653, 9.0, 37.0, 23.0, 0.0, 0.0, 5.0, 1819.0, 5011.0, 1420.0, 148.0, 150.0, 273.0, 127575.90521702939, 2.9503477224860113, 977091.7635716526, 2.51047595069526, 95527.20205060892, 2.781198929849347, 20447420.239999995, 126307510.16, 19488904.24, 41313082.0, 29637446.0, 12280342.0]
[457.0980392156863, 1134.8431372549019, 438.54901960784315, 46.470588235294116, 74.09803921568627, 149.86274509803923, 619.1160878188181, 1158.7043172880476, 345.3310477628961, 35.02076694829882, 49.618244588844846, 86.72716289787027, 20.0, 75.0, 22.0, 0.0, 0.0, 0.0, 3148.0, 4686.0, 1199.0, 142.0, 193.0, 325.0, 578256.288725645, 2.9238425841709708, 2074550.752459097, 2.675281510151348, 73100.46618890675, 2.845162907505334, 30417528.119999997, 135467323.01999998, 16086689.279999997, 49193606.0, 24414804.0, 9412459.0]
[544.9, 1417.34, 534.82, 81.84, 186.96, 50.8, 645.3995519309361, 1191.6836419322788, 463.28995152460783, 190.1654875445627, 822.3396180088484, 726.3111999574793, 16.0, 61.0, 8.0, 1.0, 3.0, -4948.0, 3063.0, 5155.0, 2341.0, 1370.0, 5875.0, 378.0, 169870.7186469445, 2.2027772165353463, 879732.8932749557, 1.8792470415589806, 113340.18055237921, 2.8207646175846537, 35256289.0, 170028019.0, 24818863.0, 55601210.0, 45898502.0, 17712306.0]
[416.0, 1000.54, 650.24, 45.42, 60.26, 137.22, 521.4459488298096, 934.2465524776244, 589.3108933148884, 42.767568296072014, 44.95749012531001, 100.35453275711048, 12.0, 11.0, 12.0, 0.0, 1.0, 3.0, 2879.0, 3433.0, 2983.0, 164.0, 193.0, 462.0, 500903.87851408444, 3.0353072376321717, 1319083.2695370922, 2.4984452179499668, 434085.9387472164, 3.0141183921844985, 21976188.0, 92822028.99999997, 38157682.0, 31884167.0, 39825077.0, 16701699.0]
[577.52, 1261.96, 471.5, 59.24, 65.26, 145.28, 599.9794976088937, 1156.8770057921508, 440.3233158134822, 45.39601708682094, 51.8509677551235, 93.02754474687941, 18.0, 20.0, 2.0, 1.0, 1.0, 7.0, 2972.0, 5590.0, 1702.0, 183.0, 213.0, 352.0, 237628.93650980797, 2.8721028349371296, 1216313.2489519457, 2.733648032753125, 120913.62167925481, 2.627777717392104, 34315262.0, 145207007.99999997, 20615959.000000004, 56967040.0, 30774829.0, 14394042.0]
[528.44, 1259.44, 426.3, 47.28, 58.46, 148.84, 537.2722169459731, 1142.9412319064515, 398.8507086054907, 37.09614645259873, 44.644724532372564, 90.28669981378933, 2.0, 6.0, 4.0, 2.0, 1.0, 5.0, 2531.0, 5119.0, 2482.0, 163.0, 193.0, 353.0, 288732.2104638669, 2.7725741374638657, 1218870.9186759496, 2.3311050588549653, 56924.84855178674, 2.8640588783067993, 28106851.999999993, 143318874.00000003, 16881596.999999996, 52965792.0, 29548004.0, 12508472.0]
[442.7, 908.74, 559.92, 51.18, 55.64, 149.66, 382.80150182035385, 789.9513756671149, 450.73630645775995, 43.31926563909185, 27.107315075681043, 81.15231584709667, 31.0, 47.0, 20.0, 3.0, 5.0, 0.0, 1561.0, 3940.0, 2186.0, 182.0, 115.0, 377.0, 209532.00891682794, 2.5045910746605577, 1039191.9085146005, 2.4768290827156454, 271051.9893121209, 2.8668890451304367, 16979477.0, 71867555.00000001, 25630517.999999996, 29669068.0, 32750589.0, 14112369.0]
[544.1, 1224.16, 548.74, 54.9, 52.84, 131.98, 580.8265134922046, 1167.5371839553409, 417.6267159528363, 42.24141018827233, 43.48931841644026, 92.29201438026665, 49.0, 36.0, 5.0, 0.0, 0.0, 1.0, 2715.0, 4763.0, 1750.0, 175.0, 218.0, 345.0, 159284.78707995336, 2.4788567250170135, 1015454.789819424, 2.23486546255228, 150694.82668180793, 2.621453894724024, 31332852.999999996, 141722396.00000003, 23601971.000000004, 45983475.0, 36766337.0, 17368363.0]
[441.2, 1172.84, 444.86, 47.5, 51.56, 128.8, 520.1326753819644, 1229.349377616021, 351.7372633784763, 38.79367190137892, 42.58923884393947, 98.65358894761457, 2.0, 10.0, 13.0, 4.0, 1.0, 2.0, 2747.0, 5552.0, 1225.0, 169.0, 205.0, 393.0, 450484.6292635961, 2.991777718140071, 2320190.0687484234, 2.411769034337617, 122685.68634417614, 2.8646279373235064, 22989234.0, 142831378.0, 15957257.000000002, 38324922.0, 27596699.0, 13504977.0]
[596.08, 1302.92, 626.08, 62.3, 67.3, 167.06, 661.5579583414426, 1163.2336147347958, 510.62849788975046, 48.28581994916588, 50.976685347123066, 96.47362122278159, 17.0, 45.0, 2.0, 0.0, 0.0, 8.0, 3167.0, 4313.0, 2059.0, 197.0, 217.0, 395.0, 419060.9029674481, 2.642002204923474, 1133405.3118632592, 2.5004156470261507, 209306.49905836213, 2.9908508649062067, 39210855.99999999, 151182536.0, 32375140.000000004, 59091489.0, 44603050.0, 23563075.0]
[666.5882352941177, 1252.3725490196077, 619.9607843137255, 63.92156862745098, 64.7843137254902, 133.15686274509804, 642.0611863824378, 1217.963052982878, 547.1093843386097, 50.58452061144986, 53.87478583734332, 98.36307692402056, 45.0, 57.0, 10.0, 2.0, 3.0, 13.0, 3383.0, 5529.0, 2355.0, 212.0, 239.0, 397.0, 424129.9443379142, 2.9374164582771556, 927028.4768702291, 2.4472054321579257, 322589.16895814764, 2.7728783164526067, 44138931.239999995, 157245226.73999998, 35259721.080000006, 64192747.0, 47204073.0, 26331131.0]
[536.4, 1168.44, 477.4, 53.5, 60.0, 151.66, 627.0804720028738, 1067.7901299565626, 396.28679575503884, 39.64240668984749, 42.52010328860302, 90.558946864144, 0.0, 31.0, 29.0, 0.0, 0.0, 2.0, 3040.0, 4426.0, 1966.0, 160.0, 210.0, 330.0, 347261.40906580415, 2.8722276697894524, 1381987.313608368, 2.675891363066719, 87843.44559905454, 2.7648727526199672, 33654514.00000001, 124131213.99999999, 19090656.0, 53818893.0, 26010787.0, 11207420.0]
[574.48, 1382.04, 473.14, 62.16, 63.24, 150.2, 647.566251909598, 1413.5959206713833, 342.9776579859846, 48.721348461617595, 49.35112016180069, 96.93780880291345, 23.0, 22.0, 22.0, 4.0, 3.0, 4.0, 2862.0, 5946.0, 1504.0, 220.0, 240.0, 403.0, 349148.7456952368, 2.8599772326639563, 1507480.5150141772, 2.368136560486061, 62665.03558047228, 2.673832049971158, 37049124.0, 193416145.99999994, 16957123.0, 66681284.0, 36722897.0, 17429616.0]
[506.44, 1031.16, 524.34, 49.5, 63.5, 138.5, 477.6236311796397, 995.1382707740587, 489.83052504443424, 40.634382746936, 43.799287106303545, 90.97930915256255, 10.0, 0.0, 2.0, 2.0, 5.0, 7.0, 2395.0, 3895.0, 2058.0, 168.0, 174.0, 369.0, 373854.67450856295, 2.8221051871271836, 1207365.1947820475, 2.6090161810428856, 319548.6085110863, 2.948770236404833, 24002165.999999996, 101689255.99999999, 25503385.0, 40363913.0, 29753639.0, 13532861.0]
[638.98, 1318.42, 582.6, 63.46, 59.24, 141.22, 542.877987945651, 1249.3388306930794, 510.3645355857649, 46.99683445700988, 43.18756434768826, 97.87732638567607, 23.0, 48.0, 11.0, 3.0, 2.0, 2.0, 2089.0, 5483.0, 2040.0, 195.0, 193.0, 389.0, 230476.46500601663, 2.497546502112703, 1227611.5252790907, 2.2869453160003568, 228358.5914913491, 2.7866220629913006, 34855881.0, 163393092.99999997, 29734264.0, 62421255.0, 43895478.0, 23275167.0]
