[244.873417721519, 322.63291139240505, 309.1012658227848, 50.51898734177215, 54.51898734177215, 173.0, 194.0232848231213, 306.73387685524057, 281.464512265834, 38.89494751958305, 61.4153285717561, 108.1307375830592, 0.0, 0.0, 3.0, 0.0, 0.0, 5.0, 817.0, 1427.0, 1504.0, 148.0, 296.0, 421.0, 25924.90952977359, 3.2861032839441653, 82597.17837128551, 2.8900242560930076, 69808.95148487223, 2.8938693821349553, 12123954.620000001, 24587881.0, 21689103.98, 6277170.0, 10300113.0, 5003800.0]
[231.92, 304.58, 237.46, 38.78, 45.38, 152.8, 166.23377195616874, 234.72564010446106, 164.29095768030024, 33.964140753784086, 45.22410861476432, 104.23912853802715, 3.0, 1.0, 3.0, 1.0, 0.0, 7.0, 616.0, 861.0, 623.0, 145.0, 200.0, 309.0, 33140.20931950604, 2.755302158166644, 61383.65016983275, 2.7532805211649034, 27917.932361167095, 2.4496621158977807, 4043394.0, 7338158.999999999, 4141947.0000000005, 3517821.0, 4340514.0, 2625597.0]
[227.56, 370.42, 229.34, 58.36, 80.56, 193.28, 182.0188552690885, 291.9962321534933, 189.62095488266124, 40.309395268830016, 70.1235527698164, 103.4846020292046, 13.0, 6.0, 7.0, 3.0, 3.0, 2.0, 913.0, 1220.0, 1000.0, 162.0, 250.0, 343.0, 24822.43638534638, 2.405099650449881, 62807.83470054279, 2.4704642181821983, 19867.23167510525, 2.579846637980016, 4212590.0, 11038377.0, 4391691.000000001, 3895433.0, 5159814.0, 2298731.0]
[162.14, 307.34, 213.6, 36.0, 37.96, 186.34, 126.96552802285528, 251.2143251147457, 180.60928626655465, 25.832269014722257, 34.28807134755021, 100.99436436085462, 1.0, 3.0, 12.0, 0.0, 1.0, 0.0, 514.0, 941.0, 820.0, 85.0, 141.0, 366.0, 13238.65021917855, 2.718872307907443, 50486.55528570338, 2.6195546015539897, 26285.39520062729, 2.7698308148845534, 2104361.0, 7815217.0, 3879614.0, 2614636.0, 4312368.0, 1733708.0]
[171.5, 287.8, 242.84, 27.84, 49.98, 170.76, 113.61126884320615, 209.49891627015006, 190.27073729133377, 23.425400482277823, 41.340048280532216, 101.00203271343057, 0.0, 2.0, 7.0, 0.0, 0.0, 1.0, 411.0, 728.0, 1060.0, 102.0, 153.0, 319.0, 13808.370890816235, 2.807321163331699, 41342.738282626015, 2.685412526839465, 40964.23296811579, 3.0099242558146604, 2103081.0, 6292042.000000001, 4722508.0, 2182158.0, 4196236.0, 1960445.0]
[314.62, 378.02, 228.24, 44.62, 71.38, 190.06, 243.11439232407045, 286.3329366528498, 206.07909715862567, 30.587372344462274, 64.92409696982268, 109.34749140950157, 6.0, 4.0, 4.0, 1.0, 0.0, 0.0, 1140.0, 1185.0, 868.0, 124.0, 293.0, 341.0, 40865.90351758391, 2.9104810208707583, 84412.50254628487, 2.6558638967369292, 61884.40760010079, 2.7803094919018876, 7845412.999999999, 11162297.0, 4685636.0, 5398379.0, 4337538.0, 4037816.0]
[217.6078431372549, 333.6470588235294, 218.7450980392157, 31.96078431372549, 44.72549019607843, 176.66666666666666, 145.27037942145984, 231.5323583026279, 147.31623714136265, 22.888390755414612, 44.79601697980415, 93.39586000817523, 1.0, 23.0, 12.0, 0.0, 0.0, 9.0, 546.0, 967.0, 595.0, 83.0, 202.0, 329.0, 12479.681243954072, 2.7568899008864416, 37065.0820728416, 2.6859307814319413, 20744.980338028883, 2.665209740318494, 3539589.7199999997, 8524854.0, 3595932.4799999995, 4117299.0, 4299104.0, 2679473.0]
[267.24, 330.36, 238.96, 26.02, 63.14, 155.88, 174.95347019906143, 221.5323959356274, 227.96947164039312, 26.325660640585365, 53.96597945720535, 103.29759662929122, 18.0, 17.0, 1.0, 0.0, 0.0, 1.0, 753.0, 945.0, 926.0, 122.0, 199.0, 346.0, 27257.795269159684, 2.742017321766988, 47972.911052306765, 2.6960352717316836, 51878.72762742537, 2.7855221045156617, 5070688.0, 7861639.999999999, 5401627.999999999, 4469778.0, 5076804.0, 3617300.0]
[253.8, 333.48, 239.06, 23.96, 53.7, 172.92, 180.32974332186748, 259.1213757043961, 169.9664324602517, 17.019748433355115, 41.42770935063652, 108.42788255004206, 3.0, 8.0, 17.0, 0.0, 0.0, 10.0, 594.0, 946.0, 712.0, 61.0, 137.0, 361.0, 28666.68439970183, 3.057358846940707, 62924.77123897939, 2.471782711585379, 29029.65754560515, 2.9851179182182497, 4814144.000000001, 8850495.999999998, 4273025.0, 4585477.0, 4691410.0, 3008727.0]
[178.38, 310.78, 181.44, 19.64, 39.94, 157.3, 149.84398553161887, 220.75106397228978, 147.05977682284058, 14.315340708199605, 36.14562948147736, 95.08776826421676, 8.0, 5.0, 8.0, 2.0, 0.0, 11.0, 713.0, 946.0, 578.0, 55.0, 171.0, 333.0, 17381.42187027905, 2.899228353946705, 55340.610677169956, 2.506059616797683, 20747.301432925975, 2.704970515803403, 2691179.0, 7217031.0, 2705726.0000000005, 3074868.0, 3132886.0, 1687702.0]
[310.8, 350.14, 249.66, 28.8, 55.68, 197.42, 300.32037315275875, 286.2001590153439, 202.5937535552166, 19.091615854043557, 56.176994347130666, 98.54929151010097, 0.0, 6.0, 35.0, 2.0, 0.0, 20.0, 1464.0, 1129.0, 781.0, 79.0, 256.0, 384.0, 156491.55311224164, 2.745926359514774, 81835.86249487124, 2.5499187133518615, 44036.70089925009, 2.8100600504184614, 9249256.0, 10143517.0, 5127673.0, 6879388.0, 5526478.0, 4281227.0]
[224.44, 301.62, 206.02, 17.26, 62.92, 165.5, 203.67522767225998, 207.99832122556435, 140.0691505606267, 13.32147261578318, 44.56723423488313, 92.62107354865913, 1.0, 8.0, 21.0, 0.0, 8.0, 3.0, 700.0, 828.0, 607.0, 62.0, 175.0, 309.0, 38919.73236342941, 2.7838764236530698, 50347.318449731785, 2.718891274880795, 16421.530844291603, 2.5821333436712544, 4551362.000000001, 6668633.0, 3083560.9999999986, 3914787.0, 3301771.0, 2779780.0]
[331.94, 367.18, 288.26, 34.54, 69.64, 194.84, 303.236178580327, 357.97085105365994, 272.57036612551246, 19.506367353942114, 56.05527883896651, 111.29614108498176, 8.0, 5.0, 13.0, 0.0, 1.0, 12.0, 1355.0, 1896.0, 1062.0, 82.0, 224.0, 420.0, 63625.59688216774, 2.6610051294492965, 81573.12274223585, 2.430533744530882, 69850.09090920363, 2.959366582894625, 10014865.0, 13020071.0, 7795126.999999999, 8302143.0, 6236479.0, 5804625.0]
[301.18, 299.6, 197.38, 39.34, 63.94, 156.74, 269.23987408242186, 263.9846161256758, 159.02315195323874, 31.75069338789698, 76.19106220012735, 98.07094683057208, 2.0, 4.0, 9.0, 0.0, 0.0, 3.0, 1201.0, 964.0, 651.0, 109.0, 353.0, 362.0, 59622.44585976563, 2.7583989847631196, 66282.05690353205, 2.7752010636543356, 23099.597253803528, 2.6766364538778222, 8087484.999999998, 7902714.000000001, 3187073.0, 4872254.0, 3677067.0, 3157198.0]
[300.8, 325.66, 221.26, 31.06, 64.9, 172.28, 241.35654039581513, 243.31784956794135, 161.93596744090058, 27.22499601769053, 56.34885870672999, 97.35943085038144, 1.0, 5.0, 11.0, 0.0, 1.0, 4.0, 1031.0, 1227.0, 747.0, 125.0, 188.0, 349.0, 47561.1880609026, 2.6196222216770395, 84887.4224731695, 2.810025546511928, 29270.928500303435, 2.70462046901652, 7378428.0, 8203697.0, 3732739.0, 4752319.0, 4165356.0, 3591530.0]
[269.88, 298.3, 217.86, 32.18, 52.62, 142.9, 204.39324242993067, 224.96206029334942, 190.1547178870245, 25.022186073929817, 57.09922977428265, 94.65237148942138, 12.0, 4.0, 1.0, 0.0, 2.0, 4.0, 754.0, 844.0, 704.0, 97.0, 210.0, 326.0, 54318.44604772457, 2.3951877083013713, 46460.483403393606, 2.463287918276047, 36181.67148091477, 2.8060474448095665, 5688814.000000001, 6928932.999999999, 4144931.0000000005, 4338410.0, 3210246.0, 4084466.0]
[272.44, 280.98, 244.84, 30.52, 47.08, 155.0, 186.8605460590046, 233.36898085326123, 179.22911571049875, 27.281779821046896, 46.59895768300893, 96.06226722118039, 16.0, 9.0, 2.0, 0.0, 0.0, 0.0, 883.0, 883.0, 781.0, 100.0, 182.0, 304.0, 60894.37479486638, 2.693948553064007, 61221.587612193835, 2.7679731582223166, 37881.32627553816, 2.985463030944583, 5422104.0, 6616080.999999999, 4571362.0, 4028874.0, 3523201.0, 3416885.0]
[208.47058823529412, 263.5098039215686, 205.76470588235293, 24.333333333333332, 35.05882352941177, 133.94117647058823, 170.63532494078436, 224.13088788018663, 142.2883815686009, 16.280868117722306, 30.15719600009648, 79.61166039336347, 0.0, 4.0, 4.0, 1.0, 0.0, 2.0, 793.0, 1085.0, 703.0, 76.0, 146.0, 261.0, 36284.06480090398, 2.7617153010133992, 34039.628444595735, 2.709454496717097, 22481.355728466595, 2.822105147492201, 3745725.5999999987, 6174101.820000001, 3235025.8800000004, 2817509.0, 3127860.0, 2600443.0]
[279.16, 261.98, 237.04, 52.74, 67.36, 161.54, 207.25399580107063, 203.9339118640234, 187.27377754267158, 42.02079660047838, 49.914931715502384, 78.13207290432355, 15.0, 5.0, 5.0, 0.0, 0.0, 2.0, 825.0, 753.0, 845.0, 174.0, 212.0, 295.0, 41595.50433073153, 2.857393583299166, 43472.19257242232, 2.6921060133045653, 21567.84475234554, 2.920945768026186, 6001271.999999999, 5469539.0, 4527899.999999999, 4083528.0, 3042988.0, 3810830.0]
[251.04, 273.48, 191.58, 36.92, 49.88, 125.26, 199.95631767861659, 190.96160956205466, 146.37637954873702, 33.81512763753609, 43.211223031966675, 78.7820061295466, 5.0, 6.0, 7.0, 0.0, 2.0, 5.0, 932.0, 818.0, 604.0, 124.0, 168.0, 284.0, 29499.813919964305, 2.86194463664066, 46703.990972072104, 2.7130966145468616, 19840.96452487653, 2.6974433055438003, 5110197.999999999, 5526415.999999999, 2885021.0, 3003038.0, 2828733.0, 2889565.0]
[217.98, 375.24, 175.16, 270.42, 89.4, 164.84, 519.0335795829533, 1196.2485162595026, 157.92498348318185, 1585.2047069249898, 314.6231954291368, 192.4787144341007, -3146.0, 1.0, -442.0, 0.0, 1.0, 2.0, 808.0, 8562.0, 547.0, 11253.0, 2251.0, 1358.0, 26948.990877746797, 2.6788059956132533, 66648.38590696601, 2.6829718381150602, 16270.2937205331, 2.6807362054910953, 15576160.999999994, 77159767.99999997, 2756125.999999999, -24391309.0, -2274931.0, 4357130.0]
[229.04, 267.62, 167.12, 39.56, 37.62, 127.92, 179.66476265193324, 206.72676337106802, 165.61877050279398, 29.523536097044158, 30.630043941149264, 79.86489612247085, 14.0, 9.0, 6.0, 1.0, 1.0, 13.0, 971.0, 1002.0, 876.0, 118.0, 119.0, 275.0, 19276.39139805086, 2.900750783217732, 25271.298122785192, 2.676653621093905, 13510.376216168592, 2.6980628761347925, 4204658.0, 5675085.0, 2740504.0, 2856687.0, 2209363.0, 2560620.0]
