[237.6625, 319.7375, 311.5125, 52.3375, 63.1875, 162.1875, 214.62100500915386, 241.13763829246116, 227.09647722576946, 49.369170862447845, 62.590308173192355, 101.06935753058673, 2.0, 7.0, 12.0, 0.0, 1.0, 5.0, 1294.0, 1105.0, 1042.0, 216.0, 246.0, 316.0, 69880.04246911992, 3.3181715578037894, 56982.952985766125, 2.820192299018077, 40193.8150214485, 2.9750574189278307, 13052142.4, 20435531.200000003, 18939928.0, 6077283.0, 10208803.0, 6139817.0]
[224.42, 283.04, 241.3, 50.66, 50.08, 175.98, 139.91616877871652, 235.82559795972367, 206.11451641636262, 43.473947159565036, 46.38870376217354, 87.99918598881399, 2.0, 2.0, 7.0, 0.0, 1.0, 2.0, 557.0, 852.0, 798.0, 190.0, 174.0, 302.0, 21730.941508179527, 2.7136209660875665, 47768.80414936517, 2.809395627082263, 25665.37016946089, 2.7337056384811578, 3477466.9999999995, 6730654.0, 4992960.999999999, 2930648.0, 4748249.0, 2313529.0]
[237.78, 293.78, 250.5, 37.74, 42.44, 140.06, 188.29149026475534, 252.83182197674728, 152.87880353871356, 36.98858621526486, 36.368948406068405, 96.60299779858526, 1.0, 9.0, 19.0, 0.0, 0.0, 1.0, 828.0, 1310.0, 705.0, 168.0, 179.0, 284.0, 20965.475045398856, 2.709892546241109, 40933.76067210108, 2.7132200835677267, 24101.336708223098, 2.8916395018413805, 4564197.0, 7447607.0, 4282737.0, 4102580.0, 4643058.0, 3092058.0]
[227.05882352941177, 259.8235294117647, 227.47058823529412, 39.84313725490196, 50.90196078431372, 154.09803921568627, 191.43274659939516, 265.28344885290926, 209.73081346728014, 36.54223449600181, 58.683304236200186, 106.3739168973223, 2.0, 4.0, 8.0, 0.0, 0.0, 5.0, 693.0, 1055.0, 877.0, 144.0, 293.0, 363.0, 35684.39185648396, 2.565746032188774, 58423.353054681946, 2.7188286053144504, 37208.50492402446, 2.750646032147206, 4550899.32, 7100920.74, 4935001.74, 3996979.0, 4562229.0, 3035583.0]
[245.44, 297.98, 242.22, 34.32, 41.2, 172.26, 202.99725141398503, 222.98508140817907, 212.95935130001325, 34.24130457175238, 41.81982734521597, 95.73769649731626, 5.0, 1.0, 2.0, 0.0, 0.0, 12.0, 840.0, 777.0, 860.0, 129.0, 141.0, 322.0, 43023.01926754883, 2.823203323672181, 48596.780998917886, 2.739983305235818, 31841.82981605595, 2.8170181110869508, 5031225.999999999, 6875999.0, 5155759.0, 3520339.0, 4613908.0, 3356149.0]
[276.8235294117647, 279.078431372549, 235.52941176470588, 53.705882352941174, 61.76470588235294, 154.64705882352942, 182.83683500677353, 254.06816747772672, 187.9083130615755, 42.64518454299245, 54.32479663479437, 106.39564343137585, 33.0, 5.0, 2.0, 1.0, 2.0, 1.0, 810.0, 1042.0, 854.0, 175.0, 249.0, 336.0, 36661.662559377095, 2.790749214685576, 67291.12006759093, 2.769364668412171, 27025.894244006213, 2.87052868619539, 5691253.200000001, 7343648.1, 4686549.12, 4502485.0, 4418327.0, 3393315.0]
[314.37254901960785, -17.58823529411765, 3.0588235294117645, -26.470588235294116, 368.1372549019608, 237.90196078431373, 1473.523314519106, 2947.0263465158946, 2530.085970173857, 1319.9438374861436, 1696.2594261445722, 2558.088069280665, -4049.0, -13049.0, -9443.0, -5849.0, -1350.0, -10344.0, 7657.0, 5854.0, 10355.0, 6752.0, 11254.0, 9454.0, 116806.18918091335, 2.854219854573824, 494974.26549399266, 2.948090266751814, 441677.38810333825, 2.9672064179872577, 115875960.66000003, 442949270.82000005, 326468572.56000006, 87512232.0, 242481774.0, -1671384.0]
[265.08, 267.36, 192.88, 36.2, 59.2, 152.68, 266.84045833434186, 217.99183283708928, 143.72673050349573, 31.76636650321101, 46.20937266885345, 80.86709681284951, 9.0, 14.0, 7.0, 1.0, 1.0, 1.0, 1129.0, 902.0, 555.0, 139.0, 191.0, 305.0, 86683.35707406995, 2.5349808385529595, 44296.315521412434, 2.9447344309166623, 19006.72641237136, 2.6978217846682404, 7002358.0, 5902570.000000001, 2872346.0, 3123119.0, 3022861.0, 2391517.0]
[189.0392156862745, 256.98039215686276, 229.5686274509804, 29.274509803921568, 43.86274509803921, 145.1764705882353, 157.5852735231708, 201.7062706210274, 252.37799071249938, 20.84521857057157, 34.95026157718602, 90.48772422430635, 3.0, 12.0, 0.0, 0.0, 2.0, 0.0, 761.0, 829.0, 1289.0, 83.0, 145.0, 305.0, 23380.66019204818, 2.8483537382237873, 52401.63209187987, 2.822857443573133, 85982.34020247195, 2.8915094621887025, 3125466.66, 5510301.12, 5989972.44, 2336151.0, 3879000.0, 1685933.0]
[282.36, 277.86, 237.98, 30.28, 50.62, 130.06, 204.79255407382766, 240.81536750068463, 176.77767543050294, 28.41459814523341, 45.630678008443006, 112.95699199614128, 30.0, 26.0, 2.0, 0.0, 0.0, 1.0, 942.0, 893.0, 798.0, 95.0, 184.0, 348.0, 24510.015890763687, 2.9768241453984343, 49909.59422669089, 2.2411223010040118, 30160.72312200183, 2.9705078815365975, 6041417.999999999, 6701919.0, 4362990.999999999, 3727343.0, 3817789.0, 3190304.0]
[235.28, 267.64, 215.28, 29.62, 59.26, 166.74, 184.94125266899084, 216.9237390684306, 174.24027979213307, 23.641791085158623, 43.394164001484754, 119.45058067874679, 1.0, 17.0, 5.0, 0.0, 0.0, 1.0, 870.0, 782.0, 786.0, 82.0, 174.0, 356.0, 28295.840596159163, 2.945611336584336, 36317.52432091179, 2.2801328334607014, 32478.400585719974, 3.0248099918893354, 4443794.000000001, 5887298.000000001, 3804897.9999999995, 3305251.0, 3470619.0, 2839636.0]
[206.5, 359.5, 220.26, 41.2, 55.14, 172.66, 173.72817731109924, 275.83544710125824, 235.18284766694762, 30.398711036046596, 48.64071109174088, 100.44302070409506, 2.0, 5.0, 6.0, 2.0, 3.0, 1.0, 677.0, 1488.0, 1212.0, 111.0, 199.0, 381.0, 37830.58171732113, 2.8205256744146707, 109911.87390087704, 2.8737537992217947, 83884.2803016808, 2.4971807772922845, 3611005.0000000005, 10190186.999999998, 5135960.999999998, 3915932.0, 5487517.0, 2916485.0]
[237.0, 331.7, 207.28, 29.06, 43.8, 141.18, 219.9754160661354, 277.1026664525299, 179.2838406276597, 26.487894809300556, 53.903541968359505, 109.80143302287794, 10.0, 1.0, 2.0, 0.0, 0.0, 1.0, 1048.0, 1114.0, 649.0, 106.0, 241.0, 392.0, 23808.27154166676, 2.6907896836735854, 68693.4128672259, 2.5557156501950193, 28325.955295981363, 2.7912034265198318, 5179520.0, 9263752.999999998, 3723242.0, 4268426.0, 3988812.0, 2796865.0]
[165.94, 216.12, 211.98, 28.02, 41.76, 113.34, 133.3962043947982, 201.26149504501626, 143.94195116824852, 28.664484175739577, 40.2403797604509, 91.59061755709367, 7.0, 9.0, 2.0, 0.0, 0.0, 8.0, 588.0, 773.0, 560.0, 110.0, 182.0, 282.0, 24167.30656364563, 2.669818235571257, 34467.5691037443, 2.338696735979865, 21061.498376817493, 2.8742792306641682, 2248737.0, 4320196.0, 3262021.0, 1758763.0, 2054076.0, 2024922.0]
[139.38, 299.68, 245.68, 19.54, 38.0, 156.28, 109.85182784839155, 235.2804180165464, 209.16065888328473, 11.803164570467999, 33.96456737152255, 91.31846941962431, 1.0, 0.0, 7.0, 0.0, 4.0, 14.0, 458.0, 1272.0, 726.0, 48.0, 125.0, 373.0, 11055.029960252543, 2.850889018332763, 96362.09973449445, 2.7682265376797788, 58529.05533355385, 2.609374830545308, 1562643.0, 7202892.0, 5161594.0, 2014274.0, 4338877.0, 1642395.0]
[178.02, 260.68, 219.0, 15.92, 42.26, 120.42, 136.64216488511076, 213.02576638251332, 158.36112180064646, 13.783811859850493, 33.90250728191058, 95.49464991959134, 2.0, 0.0, 4.0, 0.0, 0.0, 0.0, 583.0, 826.0, 718.0, 58.0, 129.0, 300.0, 13530.107487081965, 2.7553930511720126, 39025.20943840237, 2.405115727737365, 30490.628768518447, 2.600637529027074, 2499439.0, 5621321.999999999, 3626884.0000000005, 2304147.0, 3270253.0, 2033413.0]
[368.02, 496.74, 385.28, -266.32, -89.58, -570.72, 1759.518504289959, 2170.494684609563, 3409.0326118374737, 2852.156645095649, 2746.47039604044, 4144.7082270465, -3144.0, -6747.0, -13038.0, -10348.0, -11250.0, -13048.0, 9452.0, 9452.0, 12151.0, 8550.0, 10351.0, 11255.0, 7771764.425756921, 2.9777838564450057, 11825247.975509357, 2.8506027138517194, 28110273.24890786, 2.4175609186565983, 158471299.0, 243178843.0, 576875698.0, -82896835.0, -110089338.0, 130817919.0]
[189.16, 297.52, 336.32, 35.16, 60.7, 168.56, 152.78173841083478, 223.54657461121644, 275.5550569083339, 37.14909837673159, 56.69152115994571, 108.75419954359162, 27.0, 7.0, 2.0, 0.0, 3.0, 4.0, 761.0, 906.0, 1152.0, 150.0, 259.0, 328.0, 23820.1384540207, 2.859536966133443, 64249.877410604066, 2.5341796394038543, 90452.59192336569, 2.677412097382871, 2932846.0000000005, 6874588.0, 9376156.0, 2999984.0, 5753832.0, 3061979.0]
[121.32, 677.88, 229.16, -408.72, -537.5, 37.76, 1103.617159292893, 2459.810218662557, 1831.8290888104832, 2567.881339365436, 2707.089055251272, 1015.0381426431265, -4050.0, -3143.0, -7648.0, -10350.0, -13047.0, -4050.0, 4056.0, 12163.0, 5855.0, 6750.0, 3150.0, 4054.0, 424091.998821345, 2.7907519842870157, 1792212.4971437764, 2.827339472747255, 1001628.5877556363, 2.877684272910616, 60416497.99999999, 319458714.00000006, 167050008.0, -2017750.0, -55065403.0, -39947164.0]
[191.66, 205.16, 287.84, -44.58, -115.48, -47.12, 167.97079556656658, 172.65009559859527, 215.05266179924112, 577.9954837052566, 1087.2013545365562, 1229.4447832668372, 0.0, 0.0, 0.0, -4045.0, -7646.0, -8543.0, 888.0, 669.0, 876.0, 121.0, 147.0, 292.0, 40674.416437617656, 2.9059753578124865, 40866.38532380947, 2.729959083685886, 45379.73059574764, 2.6303139544170935, 3219173.0, 3565125.9999999995, 6408728.0, 2035663.0, 3508922.0, 3400590.0]
[254.24, 265.7, 265.5, 30.56, 44.06, 133.04, 200.5526609046072, 181.18681868531752, 201.01804670735615, 30.125018418150013, 37.652769093496474, 90.58155869441751, 2.0, 20.0, 10.0, 0.0, 1.0, 2.0, 783.0, 737.0, 795.0, 104.0, 131.0, 262.0, 37162.09377055318, 2.8379631518443067, 25132.766268703712, 2.5877991088777064, 28265.589371705755, 2.7805882174955223, 5202746.0, 5138429.0, 5504517.000000001, 3702685.0, 4092534.0, 3321822.0]
[303.7, 100.12, 73.0, 282.58, -6.54, 81.84, 463.9848805594371, 1268.7824090964743, 1387.4911288556268, 1842.6831821547398, 325.06923658111447, 223.70045204446492, 7.0, -8537.0, -9446.0, 1.0, -2249.0, -1347.0, 3155.0, 1061.0, 785.0, 13051.0, 140.0, 264.0, 39967.94294264348, 2.7278433474002513, 42215.28951518863, 2.4561441549447887, 81226.40164835606, 2.176767497808981, 15160501.0, 79381831.99999999, 94597900.0, -23568123.0, 85070782.0, -26182769.0]
