[572.3191489361702, 377.4255319148936, 219.81914893617022, 81.84042553191489, 58.5531914893617, 90.17021276595744, 543.3881998704128, 325.9978062252759, 147.65725808755414, 53.85550224812337, 57.554017081155955, 60.44612607060515, 15.0, 7.0, 0.0, 3.0, 0.0, 1.0, 2474.0, 1691.0, 600.0, 260.0, 266.0, 229.0, 195382.45021691432, 3.2617118756077783, 73146.31331604834, 3.380306202494131, 21085.93684225949, 3.458071770508667, 54754815.76, 21877407.719999995, 6175584.739999999, 31446504.0, 9158724.0, 13578708.0]
[639.6989247311828, 434.83870967741933, 254.40860215053763, 77.08602150537635, 51.376344086021504, 96.45161290322581, 549.2496420007587, 376.297127348178, 238.719010579709, 40.716318679684434, 35.05706961466224, 57.068135502761706, 4.0, 8.0, 9.0, 3.0, 1.0, 0.0, 2282.0, 2104.0, 1408.0, 200.0, 159.0, 219.0, 285914.5311814863, 3.0313887891806988, 118096.02271020689, 3.142636506683176, 32772.50404932124, 3.427941371128264, 61204308.120000005, 28469191.62, 10473743.700000003, 40578495.0, 13009126.0, 18256888.0]
[468.6559139784946, 372.2795698924731, 215.50537634408602, 65.61290322580645, 47.795698924731184, 97.24731182795699, 376.94727732552064, 283.62898168555853, 203.8291923270408, 42.683626903182656, 40.649498403179685, 57.430800688264696, 6.0, 1.0, 2.0, 1.0, 0.0, 5.0, 1783.0, 1349.0, 1086.0, 190.0, 154.0, 222.0, 169474.1797409079, 3.276247278022328, 68612.38116107818, 3.265534185317466, 22939.870768079683, 3.3782088222760724, 31153678.46999999, 18869737.2, 7571522.459999999, 21757959.0, 10732712.0, 10916084.0]
[514.8817204301075, 391.35483870967744, 235.0752688172043, 67.97849462365592, 40.25806451612903, 74.58064516129032, 407.6392493332897, 327.5950789684971, 166.08040460802084, 44.71795148109685, 34.98599198741717, 50.61884908004071, 17.0, 4.0, 14.0, 3.0, 0.0, 2.0, 1612.0, 1640.0, 798.0, 174.0, 140.0, 212.0, 152101.7210563705, 3.2373242472935253, 97768.88016985256, 3.5105594886178886, 31404.0055729967, 3.408588006596321, 37146259.02, 22428862.08, 7139446.319999999, 27754603.0, 8899162.0, 11828572.0]
[548.9247311827957, 325.61290322580646, 161.89247311827958, 53.69892473118279, 39.82795698924731, 67.21505376344086, 577.9353099905684, 278.12118223107365, 160.5604628335972, 36.63622136932975, 30.390796538738492, 44.24901115632185, 0.0, 21.0, 0.0, 0.0, 0.0, 0.0, 2751.0, 1398.0, 976.0, 158.0, 133.0, 188.0, 215707.30293299668, 3.052637282322356, 107358.23092737056, 3.235838408379103, 30038.981722477103, 3.4188878083687912, 54638854.080000006, 15788180.339999996, 4472539.26, 24106972.0, 5736252.0, 10183411.0]
[381.8279569892473, 361.26881720430106, 200.32258064516128, 60.225806451612904, 43.53763440860215, 73.03225806451613, 399.3854687994695, 333.5798626684974, 155.3342931768325, 38.86015312246289, 36.65484105277256, 39.20554852394127, 7.0, 7.0, 8.0, 0.0, 0.0, 0.0, 1904.0, 1559.0, 757.0, 157.0, 153.0, 192.0, 133415.98405176998, 2.96961481435314, 91256.9232967858, 3.2495144505645586, 23138.479545547423, 3.2723147976681948, 26257169.879999995, 20808989.94, 5535224.22, 21875174.0, 7561284.0, 8018406.0]
[462.247311827957, 335.8494623655914, 190.247311827957, 60.473118279569896, 42.774193548387096, 77.05376344086021, 455.55400233299264, 313.8824186606714, 160.97965412314758, 28.73287444489835, 25.916307201492497, 43.537681228672696, 1.0, 16.0, 3.0, 3.0, 2.0, 1.0, 2178.0, 1398.0, 836.0, 129.0, 100.0, 211.0, 241376.85440281325, 3.1450982976866078, 138051.9265961679, 3.3004068960545405, 28804.42169926798, 3.153504162227077, 36236760.86999998, 18185184.660000004, 5347662.749999999, 22837684.0, 8076897.0, 11407779.0]
[390.63440860215053, 307.31182795698925, 190.1720430107527, 55.483870967741936, 43.01075268817204, 73.84946236559139, 391.6362771575021, 310.22782576731885, 182.22063929155834, 26.966812495307686, 29.586459382209433, 37.10647026567432, 1.0, 0.0, 4.0, 1.0, 1.0, 1.0, 1695.0, 1576.0, 1178.0, 133.0, 120.0, 202.0, 135380.4992201968, 3.0306921446495205, 55266.138576340345, 3.3208408480244813, 33087.062682028874, 3.436623059681736, 26321067.39, 16402569.959999999, 5968911.12, 18224181.0, 6987254.0, 9267226.0]
[430.9247311827957, 384.2903225806452, 211.2688172043011, 55.68817204301075, 41.11827956989247, 81.0, 395.36763949516813, 333.85103358042926, 146.9020036996674, 29.896552983879353, 29.121503134866416, 41.949503805947664, 3.0, 2.0, 5.0, 1.0, 0.0, 2.0, 1883.0, 1568.0, 657.0, 130.0, 136.0, 182.0, 201018.55571747673, 3.1220670104163415, 123607.38217369707, 3.3616188321174976, 18250.784663565533, 3.3301989314142886, 29435217.96, 22308980.43, 5706840.840000001, 22695619.0, 9140050.0, 10653479.0]
[370.3010752688172, 311.3333333333333, 182.89247311827958, 62.1505376344086, 47.70967741935484, 93.63440860215054, 342.259937606106, 260.58184616493264, 144.3533152256757, 32.50583433804084, 30.45009482571131, 46.09649259180152, 6.0, 4.0, 3.0, 0.0, 0.0, 0.0, 1634.0, 1290.0, 674.0, 118.0, 112.0, 194.0, 104061.15910830353, 2.983808146083234, 77233.8865552882, 3.0341807985769136, 19726.395902526627, 3.209305377910154, 21882416.4, 14193113.159999998, 4675949.79, 15384368.0, 6026057.0, 7166255.0]
[297.03225806451616, 248.25806451612902, 202.55913978494624, 62.043010752688176, 43.666666666666664, 78.81720430107526, 1491.309546000288, 1404.6660124712441, 153.95330053973535, 70.20945588155962, 65.18991208523877, 48.73016792513807, -13335.0, -12705.0, 4.0, 2.0, 0.0, 1.0, 1700.0, 1717.0, 743.0, 651.0, 586.0, 175.0, 269349.45380680735, 3.1630287541139435, 162390.75403795176, 3.3589838766697078, 29031.165507397636, 3.472205869005216, 197916649.86, 174147847.50000003, 5576612.94, 197021975.0, 4703796.0, 5355990.0]
[522.4623655913979, 402.9032258064516, 204.6236559139785, 52.225806451612904, 36.763440860215056, 84.56989247311827, 469.72106799719995, 376.04136753577615, 188.51553470634576, 30.608370918206013, 27.37239082243527, 46.801012124289336, 11.0, 1.0, 2.0, 0.0, 0.0, 2.0, 1831.0, 2134.0, 1172.0, 112.0, 109.0, 206.0, 180881.5002124815, 2.8598287365424144, 134370.1408771037, 2.912535062340035, 19013.61211140602, 3.4830583008978184, 42486686.37, 26138801.34, 6662049.42, 29255739.0, 11464919.0, 13683402.0]
[488.19354838709677, 503.73118279569894, 208.29032258064515, 57.24731182795699, 41.1505376344086, 87.3010752688172, 445.3753243312225, 493.2500719448359, 179.8410276644808, 32.13918640037102, 28.885435715026663, 51.63959235733014, 9.0, 3.0, 5.0, 1.0, 2.0, 1.0, 1900.0, 2676.0, 1280.0, 122.0, 115.0, 212.0, 152144.96667037348, 3.3517923623487826, 232166.36666242412, 3.5938221021886307, 46547.76687253755, 3.529452863305077, 37585027.44, 42762788.489999995, 6519605.97, 38310703.0, 13172434.0, 11630302.0]
[446.38709677419354, 406.7204301075269, 202.6451612903226, 52.225806451612904, 39.03225806451613, 78.01075268817205, 425.96297635240717, 388.97349204393925, 176.05641667185094, 32.923867724170165, 34.067213491319094, 45.80760678800732, 3.0, 8.0, 3.0, 2.0, 0.0, 4.0, 1944.0, 1780.0, 650.0, 131.0, 129.0, 212.0, 213443.82372390488, 3.045655054141036, 206304.4803262517, 3.1422418882686105, 37031.22303444584, 3.349955512371625, 32758509.720000006, 27252566.549999997, 6203723.100000001, 27055874.0, 10365526.0, 11139677.0]
[413.9032258064516, 477.247311827957, 193.6236559139785, 53.01075268817204, 42.935483870967744, 85.55913978494624, 372.39282276381596, 477.3687995467851, 164.34612956769115, 30.918017338866235, 32.05694879958806, 50.892568511392405, 4.0, 7.0, 3.0, 1.0, 0.0, 0.0, 1884.0, 2346.0, 852.0, 120.0, 130.0, 235.0, 104907.62588433348, 3.3058344344159116, 127134.70954828786, 3.08888905038496, 25588.17114382868, 3.2209720363639343, 26682264.509999994, 39196890.42, 5553466.17, 30719197.0, 9812908.0, 8905447.0]
[423.6666666666667, 460.35483870967744, 195.43010752688173, 44.483870967741936, 37.53763440860215, 81.46236559139786, 343.19402337622284, 407.59295139298644, 172.5123434682323, 27.87651844303569, 26.45445599836137, 43.78121473769736, 0.0, 4.0, 1.0, 0.0, 0.0, 4.0, 1524.0, 1889.0, 686.0, 98.0, 96.0, 202.0, 133919.77685882756, 2.9197290289133484, 188470.9384138569, 3.0501112204222425, 26688.503143724087, 3.21737117852814, 25601827.709999997, 32543784.810000002, 5849615.370000001, 27488565.0, 12134263.0, 11090703.0]
[395.3225806451613, 443.4516129032258, 176.1720430107527, 50.204301075268816, 52.17204301075269, 78.31182795698925, 371.9025457109851, 445.0679605195883, 159.8542558800192, 25.4641944441794, 25.265384317159757, 41.49279101729434, 15.0, 18.0, 3.0, 0.0, 7.0, 2.0, 1664.0, 1940.0, 701.0, 103.0, 110.0, 163.0, 117141.51303750782, 2.830825140398989, 152445.68716046604, 3.0562922739196674, 36405.350807253395, 3.411281405388473, 25350584.49, 33956395.29, 4870702.019999999, 27848808.0, 10170581.0, 8853716.0]
[363.8829787234043, 452.968085106383, 230.70212765957447, 43.59574468085106, 34.45744680851064, 78.48936170212765, 318.365579283867, 469.59207765953084, 213.352897109699, 30.490371880258802, 30.86274327475406, 48.72674403789393, 13.0, 2.0, 2.0, 0.0, 0.0, 0.0, 1436.0, 2234.0, 867.0, 128.0, 122.0, 173.0, 128874.45966052097, 3.192751814729335, 293954.74679254525, 3.3089647211672935, 25992.547222062156, 3.3390284694437833, 20560417.899999995, 37407284.019999996, 8682137.04, 24825708.0, 14027812.0, 11246327.0]
[434.83870967741933, 494.3010752688172, 180.23655913978496, 43.956989247311824, 42.763440860215056, 70.24731182795699, 421.8840065788375, 503.4090908160306, 165.36635204306768, 28.944066741432376, 31.344994000659117, 45.07931558688687, 8.0, 16.0, 2.0, 0.0, 1.0, 0.0, 1745.0, 2089.0, 838.0, 112.0, 116.0, 164.0, 155195.26917451262, 3.0726770217151196, 198219.15537080547, 3.390030584414845, 18214.967682371498, 3.292415017497563, 31582428.000000004, 42815085.18000001, 5149372.8, 35400628.0, 12107168.0, 10316874.0]
[382.16129032258067, 523.8172043010753, 181.51612903225808, 40.56989247311828, 34.12903225806452, 77.90322580645162, 333.68027818630645, 576.8970586010417, 182.68341664006485, 25.990967431624984, 26.37737246962104, 44.293503428864206, 0.0, 22.0, 2.0, 0.0, 0.0, 2.0, 1627.0, 2943.0, 1064.0, 90.0, 91.0, 199.0, 94892.42354871027, 3.0976210853992323, 421766.7957753768, 3.2519193684833745, 15630.775206459683, 3.395711514855961, 22158093.510000005, 52206754.35, 5705095.229999999, 32811265.0, 15170163.0, 9742970.0]
[392.93548387096774, 609.752688172043, 194.27956989247312, 44.59139784946237, 51.053763440860216, 81.10752688172043, 342.91381876030334, 559.1647625255939, 157.96156422916948, 34.171001104782384, 42.31670591873848, 47.90013668982752, 1.0, 12.0, 1.0, 0.0, 0.0, 2.0, 1658.0, 2338.0, 910.0, 171.0, 195.0, 198.0, 84027.01481769746, 3.1385118442451847, 255549.55501189272, 3.0227333518229793, 31991.40943298043, 3.0951369999053724, 23414899.230000004, 58908475.71, 5399407.020000001, 33513689.0, 13504542.0, 8189379.0]
[394.9468085106383, 529.2553191489362, 91.42553191489361, 123.76595744680851, -15.47872340425532, 47.234042553191486, 349.2494369118628, 1232.8822854636658, 1198.5031658201397, 785.2476689709702, 609.0403296977572, 335.92467235276126, 7.0, -9395.0, -11234.0, 1.0, -5847.0, -3149.0, 2146.0, 2893.0, 1250.0, 7651.0, 136.0, 223.0, 153957.09804625777, 3.2132657060528476, 1418537.8096721286, 3.625965641276279, 1323327.3477367924, 3.7935888226587524, 24445725.54, 157628913.96000004, 126309516.43999998, 28422194.0, 126595034.0, 4433216.0]
