[441.4623655913978, 380.78494623655916, 196.10752688172042, -37.45161290322581, 70.90322580645162, 269.0752688172043, 1193.0869037841708, 2208.4704270517695, 1537.4051717830725, 836.3933248352071, 1056.801440201148, 2263.9367560904548, -4046.0, -13040.0, -10342.0, -5849.0, -4949.0, -13049.0, 7659.0, 13052.0, 9457.0, 2254.0, 8550.0, 11252.0, 1951863.0687205624, 3.6081409707853105, 6646617.43510143, 3.3215807771592725, 3379518.210826117, 3.506424829399769, 138646877.51999998, 429846155.31, 205557116.93999994, 151298823.0, -3489234.0, -100055946.0]
[384.9247311827957, 285.3225806451613, 197.16129032258064, 54.053763440860216, 48.763440860215056, 58.97849462365591, 384.63178994753173, 285.61916576822614, 167.42995227872493, 33.28381431664902, 37.29039911683247, 35.39650513779686, 2.0, 5.0, 1.0, 0.0, 0.0, 0.0, 1888.0, 1331.0, 1125.0, 126.0, 147.0, 131.0, 118249.9847670292, 3.235112351622617, 86251.99299748258, 3.2705012045742405, 46264.73031098142, 3.605338854761803, 25472852.52, 14020902.27, 5760574.38, 16754458.0, 6898027.0, 10247453.0]
[298.9032258064516, 284.06451612903226, 206.46236559139786, 57.30107526881721, 53.03225806451613, 64.81720430107526, 1216.9576380083543, 316.7605667724308, 204.17903264685143, 34.25631802920719, 37.442260363793075, 40.29698074690589, -10752.0, 1.0, 3.0, 0.0, 0.0, 0.0, 1782.0, 1790.0, 1380.0, 137.0, 139.0, 177.0, 377437.7351580562, 3.511705168212215, 54908.25910024249, 3.448115617223395, 27165.85566973277, 3.4990606405257734, 134440441.01999998, 15563962.919999998, 7253701.469999997, 732860.0, 8194204.0, 10695173.0]
[458.4526315789474, 425.0210526315789, 203.09473684210528, 70.74736842105263, 66.85263157894737, 79.4, 450.6545067282591, 485.3061323590123, 196.722078160623, 40.03428541835818, 46.05246047000687, 49.94793033430766, 1.0, 17.0, 1.0, 1.0, 0.0, 0.0, 1841.0, 2269.0, 1311.0, 143.0, 179.0, 191.0, 169600.55835123497, 3.1961021647039862, 255615.56418027845, 3.2467078140317707, 62196.963206109205, 3.44141302927321, 37104529.05, 37335139.650000006, 7178456.499999999, 31171469.0, 12296885.0, 11434943.0]
[434.3723404255319, 343.93617021276594, 181.2340425531915, 66.82978723404256, 69.26595744680851, 71.85106382978724, 420.5979610246814, 346.4639132633833, 149.89676917561795, 37.86780579969317, 47.040402568479585, 43.74829211948995, 7.0, 3.0, 1.0, 1.0, 2.0, 2.0, 1849.0, 2270.0, 673.0, 142.0, 172.0, 184.0, 181158.19752816347, 2.8438231199612627, 129773.72981173107, 3.085750095928957, 22361.868263898556, 3.5234339660212046, 32136534.82, 20945944.799999993, 4866496.56, 21310176.0, 7608669.0, 10252345.0]
[506.6236559139785, 474.0752688172043, 309.1720430107527, 183.1290322580645, -59.41935483870968, -46.39784946236559, 687.0547240083145, 1666.5895939636152, 1444.04998576359, 1713.7515688370481, 1270.5411917982433, 1499.239337129107, -3119.0, -12128.0, -10329.0, -8550.0, -11247.0, -12146.0, 2762.0, 6771.0, 8553.0, 11250.0, 2253.0, 5850.0, 357605.0709477915, 2.744456797954919, 374205.39471254, 3.0187571184706, 136307.81660087558, 3.380836833590282, 62587275.78, 257083085.25000003, 186683937.81, 40760828.0, -30538341.0, 63403054.0]
[480.0430107526882, 642.1182795698925, 286.247311827957, 58.666666666666664, 77.6989247311828, 81.19354838709677, 425.6674787645791, 651.9735732418176, 272.6996538602887, 35.94480470815284, 50.63676807854077, 56.03478307663913, 14.0, 5.0, 1.0, 0.0, 5.0, 2.0, 2116.0, 2972.0, 1286.0, 146.0, 200.0, 226.0, 118597.20484098136, 2.992108222116077, 502689.4554018593, 3.104669983890111, 64662.89686266541, 3.2921368988452064, 35433723.53999999, 72030150.74999999, 13449454.469999999, 37682767.0, 25031773.0, 18214417.0]
[448.22340425531917, 458.56382978723406, 223.82978723404256, 62.702127659574465, 81.54255319148936, 79.92553191489361, 430.88236935449623, 578.256418147919, 209.26001926388096, 36.70276711235759, 52.89097426785138, 44.353477361026606, 2.0, 4.0, 7.0, 1.0, 0.0, 0.0, 1891.0, 3630.0, 1003.0, 139.0, 252.0, 202.0, 182720.0160869621, 2.7840460702239938, 590956.947414358, 3.3343178316825544, 50168.094921508644, 3.6113272394512634, 33982260.53999999, 47811952.26, 8254916.4399999995, 29797016.0, 15473599.0, 12304362.0]
[392.5376344086022, 452.02150537634407, 177.55913978494624, 52.24731182795699, 68.93548387096774, 64.6236559139785, 336.19732686325057, 535.2417165960309, 154.25377610525535, 33.99765206534202, 53.219971417164054, 41.914486957659356, 0.0, 5.0, 4.0, 1.0, 0.0, 0.0, 1559.0, 3004.0, 845.0, 130.0, 224.0, 168.0, 164475.08352825468, 3.2327078975682917, 402332.61209446064, 3.4807182003087123, 36113.71586700422, 3.370052252090766, 22997611.019999996, 42183479.4, 4762625.790000001, 21143419.0, 10923580.0, 7188594.0]
[283.3333333333333, 398.9139784946237, 185.21505376344086, 43.365591397849464, 57.10752688172043, 73.35483870967742, 249.6345735066661, 397.3776447157906, 142.41273830592036, 27.122020952914994, 37.620375597826666, 41.74395169969311, 9.0, 7.0, 2.0, 0.0, 0.0, 6.0, 1227.0, 1953.0, 605.0, 116.0, 131.0, 189.0, 83242.86851786388, 3.0847921093575903, 188255.9042872694, 3.2007650905377734, 21903.70342533193, 3.280324580840695, 12275103.48, 27274051.41, 4702281.8100000005, 14975481.0, 8699961.0, 5983581.0]
[500.494623655914, 342.0430107526882, 347.4516129032258, -51.43010752688172, 38.473118279569896, -55.193548387096776, 1149.907847192982, 1601.1810512866846, 1068.5562945855766, 2036.256408417863, 1557.1628715419106, 1944.4076624473612, -4042.0, -11224.0, -3139.0, -12147.0, -7649.0, -11249.0, 8573.0, 4953.0, 9458.0, 8550.0, 9451.0, 11252.0, 120226.23331209164, 3.2865759419959666, 338101.37835055916, 3.2062262481047097, 60067.47839482248, 3.410306484820849, 134800267.31999996, 229475842.74000004, 108134781.87, 42674690.0, -58952334.0, -38845488.0]
[342.4301075268817, 538.9462365591398, 221.43010752688173, 39.60215053763441, 62.54838709677419, 69.15053763440861, 295.77427489959234, 558.4157786637861, 213.47749081269424, 26.518713566799608, 39.27869101717164, 46.16368472892178, 1.0, 0.0, 1.0, 0.0, 2.0, 0.0, 1271.0, 2519.0, 1283.0, 107.0, 156.0, 204.0, 62904.11927848817, 3.1250488086853103, 221966.97669303993, 3.270395259597943, 69125.50009324402, 3.371151438066345, 17626673.159999996, 51802168.08000001, 8139911.490000001, 23823605.0, 16435286.0, 8056606.0]
[283.2043010752688, 588.3548387096774, 219.18279569892474, 40.623655913978496, 51.30107526881721, 72.64516129032258, 247.19296102700753, 631.1555076958535, 210.967076879028, 25.752971115419328, 37.397042706329806, 41.291552236686464, 1.0, 4.0, 2.0, 3.0, 0.0, 0.0, 1163.0, 2970.0, 1186.0, 141.0, 142.0, 187.0, 72780.88879781977, 3.111674481312959, 418030.3007128636, 3.0915847726102568, 35321.14491808348, 3.45517935158166, 12164991.48, 64022949.33, 7963102.68, 23864003.0, 18661649.0, 7136625.0]
[252.29473684210527, 495.6736842105263, 210.16842105263157, 37.915789473684214, 58.98947368421052, 74.17894736842105, 258.10474839145684, 563.2242371572698, 199.08400090839336, 29.276620240751228, 43.48917564930629, 39.07112416556543, 2.0, 4.0, 0.0, 0.0, 0.0, 0.0, 1512.0, 2896.0, 1175.0, 111.0, 183.0, 173.0, 72978.91707085495, 3.4454199659382514, 302712.90816801146, 3.1236161494361436, 46332.49067096902, 3.419227794910391, 11693643.100000001, 50501622.85, 7525767.000000002, 14190016.0, 15776912.0, 5488022.0]
[380.5698924731183, 539.2258064516129, 244.23655913978496, 44.72043010752688, 74.19354838709677, 65.01075268817205, 366.07077593919934, 582.7029433565215, 263.25097125422474, 33.61720754749356, 55.119092025815796, 44.129871235897205, 3.0, 4.0, 9.0, 0.0, 0.0, 1.0, 1685.0, 2667.0, 1705.0, 135.0, 202.0, 207.0, 109697.41907592713, 3.436719434554938, 330363.53266990616, 3.274173750399602, 98794.2081726235, 3.599106124183201, 23992352.97, 54199494.18, 11088657.84, 25718093.0, 20790908.0, 10096304.0]
[335.90425531914894, 508.97872340425533, 219.45744680851064, 43.08510638297872, 62.95744680851064, 68.55319148936171, 312.3092301718198, 595.539332300254, 237.2409357817816, 28.756545612781082, 49.4128786690004, 52.80836057570922, 4.0, 1.0, 4.0, 0.0, 0.0, 0.0, 1464.0, 3374.0, 1716.0, 117.0, 196.0, 252.0, 96031.51307711237, 3.247121667000351, 404072.80716810195, 3.2693005183316366, 60113.47942492199, 3.4717490527777843, 18496495.62, 53895480.919999994, 9175839.140000002, 22113174.0, 19698359.0, 7890038.0]
[409.5851063829787, 666.7234042553191, 236.2659574468085, 43.02127659574468, 65.62765957446808, 74.09574468085107, 408.65481949467465, 699.3028387662716, 227.90080730095775, 29.14479194088561, 50.104618301197256, 50.468358904513195, 13.0, 16.0, 1.0, 0.0, 4.0, 0.0, 1978.0, 2945.0, 1028.0, 128.0, 213.0, 241.0, 290431.86984287505, 3.047985614639435, 586071.7842851029, 2.7197912641889914, 56810.940399907275, 3.2129081057425095, 29422301.73999999, 82028314.16000001, 9472884.78, 36792664.0, 24870212.0, 12148179.0]
[367.28723404255317, 497.71276595744683, 233.63829787234042, 43.329787234042556, 67.0, 61.54255319148936, 327.7602921077991, 563.8299831889085, 197.25224563987814, 26.802899978660363, 45.56078298533245, 45.54701337980045, 5.0, 1.0, 0.0, 1.0, 2.0, 2.0, 1756.0, 3049.0, 870.0, 131.0, 179.0, 234.0, 66687.36058202446, 3.232489150679265, 134722.57473844496, 2.8112657801062984, 32645.462742798467, 3.0567300134659705, 21311007.900000002, 49679551.78, 8224671.0, 20864932.0, 15386861.0, 9398617.0]
[335.7204301075269, 559.3333333333334, 227.80645161290323, 42.365591397849464, 62.73118279569893, 65.60215053763442, 386.28096796051017, 751.2513232764637, 211.05291207906777, 28.191035017412336, 55.55963106447496, 45.61419968295204, 15.0, 6.0, 2.0, 0.0, 0.0, 1.0, 2193.0, 4065.0, 878.0, 133.0, 225.0, 206.0, 90975.51845597287, 3.3528762692450242, 417701.1408120189, 2.9499844235704415, 48352.3176694591, 3.3288759737628193, 22514795.939999998, 75346952.03999998, 8299593.419999998, 25591779.0, 18861401.0, 8419444.0]
[273.2043010752688, 661.3225806451613, 241.09677419354838, 38.516129032258064, 59.053763440860216, 69.74193548387096, 279.3165400518148, 750.1403805040981, 322.78957557234827, 25.08793790511679, 41.91771587480434, 42.45890678972318, 2.0, 3.0, 2.0, 0.0, 0.0, 4.0, 1589.0, 3689.0, 2282.0, 111.0, 190.0, 173.0, 117353.11077207152, 3.0096156864817045, 593701.8355906708, 2.7563870501948786, 49844.35569208496, 3.261537825991581, 13130861.58, 85971708.21, 13942223.339999998, 24232552.0, 28583038.0, 7195240.0]
[409.48387096774195, 802.989247311828, 282.6236559139785, 37.61290322580645, 69.46236559139786, 79.73118279569893, 371.4147047293639, 855.5607174172216, 265.91478342320636, 29.968836080917132, 54.92100238559748, 54.217384462307045, 4.0, 2.0, 11.0, 0.0, 0.0, 0.0, 1919.0, 3541.0, 1418.0, 149.0, 235.0, 231.0, 68883.60294530874, 2.914603138573246, 581999.5027160418, 2.9721762342312537, 104127.78679199744, 3.3536140167465582, 26305293.66, 118396599.96000004, 12958491.659999998, 37832631.0, 30154484.0, 11031732.0]
[325.6236559139785, 601.258064516129, 144.0215053763441, 48.215053763440864, -29.731182795698924, -71.0752688172043, 628.5457666221791, 843.7973291489029, 1125.4358380731655, 54.10453839807541, 894.266740429724, 1361.0883611587165, 8.0, 1.0, -10339.0, 0.0, -8550.0, -13048.0, 5852.0, 4968.0, 1421.0, 450.0, 181.0, 200.0, 143308.26896563964, 3.514053164226399, 838255.5908145808, 3.2474395818078907, 293969.422976887, 3.639867756254119, 42972771.33, 92185309.76999998, 110164786.8, 42992419.0, -29431543.0, -53730281.0]
[332.35483870967744, 600.5268817204301, 319.1290322580645, 35.13978494623656, 69.18279569892474, 68.24731182795699, 316.3494780873125, 733.647196211264, 311.2437261741174, 27.83007108282313, 49.45264450583862, 44.41152805541511, 2.0, 1.0, 7.0, 0.0, 4.0, 1.0, 1544.0, 3199.0, 1528.0, 180.0, 202.0, 207.0, 99099.67804898185, 3.4400410473870306, 436600.27446244593, 3.1888193859394285, 133826.19808528805, 3.2680779603312216, 18116250.27, 77242769.13000001, 17096854.95, 25006121.0, 28048818.0, 12908443.0]
[300.9139784946237, 660.5268817204301, 290.6989247311828, 38.13978494623656, 63.774193548387096, 68.43010752688173, 299.1988816502138, 709.6228727656171, 265.41144371588985, 26.412526424542623, 47.079980290772454, 46.15931717372815, 2.0, 1.0, 2.0, 0.0, 0.0, 3.0, 1780.0, 3832.0, 1121.0, 128.0, 203.0, 207.0, 143458.4728856372, 3.314918449409113, 725209.4484450605, 3.2249838399668636, 52111.5320118889, 3.0633186405908837, 15490930.950000001, 80820209.42999999, 13336035.39, 19437221.0, 29906869.0, 9575114.0]
[367.43617021276594, 685.6276595744681, 235.12765957446808, 37.659574468085104, 68.56382978723404, 68.26595744680851, 438.72774418351736, 821.645280762182, 250.55942715960526, 30.789452596868706, 56.30572432378994, 49.84107550141705, 5.0, 2.0, 3.0, 0.0, 1.0, 0.0, 2627.0, 3703.0, 1151.0, 144.0, 234.0, 214.0, 90756.98685489602, 3.2829047516344723, 552222.378767882, 3.087422919867194, 98085.45854724028, 3.2054390293892365, 28756204.580000002, 100554062.58000001, 10373213.960000003, 29371354.0, 26681611.0, 8425607.0]
[338.23655913978496, 542.3010752688172, 255.0752688172043, 34.56989247311828, 65.56989247311827, 56.60215053763441, 381.13085159851033, 659.22426059703, 303.85559487015263, 23.733757763932115, 50.29314022060247, 40.46875869244728, 3.0, 15.0, 1.0, 0.0, 1.0, 1.0, 2026.0, 3192.0, 1741.0, 104.0, 223.0, 213.0, 177561.5067284769, 3.3584766978873066, 447965.83564396296, 3.1155834592944003, 127853.03719561013, 3.4384399470789693, 22323307.080000002, 62618259.66, 13526935.56, 23407806.0, 20862264.0, 13662887.0]
[369.80645161290323, 605.8387096774194, 250.31182795698925, 30.021505376344088, 69.41935483870968, 62.075268817204304, 392.84359809804704, 664.49484393463, 202.85376926841872, 28.245422289601287, 49.11196670356713, 39.15555281825349, 11.0, 0.0, 2.0, 0.0, 1.0, 0.0, 2444.0, 2702.0, 989.0, 171.0, 274.0, 172.0, 77354.9980933033, 3.2630308173805815, 393411.3578061747, 2.925635725059456, 32960.31897814999, 3.2251579000010753, 25032237.12, 69524645.19, 8939882.610000001, 23024119.0, 20994862.0, 11514892.0]
[420.80645161290323, 663.2043010752689, 297.5268817204301, 40.903225806451616, 69.10752688172043, 61.60215053763441, 420.8357434931146, 769.386253976107, 345.790197493454, 33.929935646259736, 56.319442616589264, 46.829046120354725, 0.0, 1.0, 3.0, 0.0, 0.0, 0.0, 1972.0, 3374.0, 2207.0, 198.0, 227.0, 206.0, 246135.31515848043, 3.2392878373118736, 778169.9145125983, 3.0996697309874897, 49231.35395856604, 3.3912548453997937, 30468391.229999997, 88689444.42, 17886771.84, 41244718.0, 32841151.0, 17568735.0]
[287.0752688172043, 535.763440860215, 215.2258064516129, 35.70967741935484, 62.376344086021504, 64.65591397849462, 286.27507433597543, 623.4506430352568, 224.3094295752041, 30.47435866042755, 47.32792951921698, 49.79817846844529, 8.0, 3.0, 0.0, 1.0, 3.0, 0.0, 1407.0, 3404.0, 1213.0, 150.0, 195.0, 211.0, 82127.30205471732, 3.413483300924503, 364193.71180299483, 3.022550397822387, 60417.669882821414, 3.4644998265286384, 14139766.500000004, 58082679.419999994, 8311330.020000001, 22238082.0, 16260641.0, 8244555.0]
[371.9569892473118, 729.6344086021505, 257.60215053763443, 37.98924731182796, 72.46236559139786, 62.655913978494624, 389.95166684833305, 893.217544768037, 234.78274600449643, 26.314772931327045, 51.74048098543364, 50.583227720275175, 1.0, 8.0, 2.0, 0.0, 2.0, 0.0, 2265.0, 3857.0, 1156.0, 100.0, 236.0, 245.0, 68816.67447275583, 3.2849511297965925, 424017.7604898923, 2.627262100836029, 42592.867165002266, 3.126775750074229, 24976515.240000006, 114307350.89999999, 10455697.05, 39678246.0, 28270898.0, 10904670.0]
[457.6666666666667, 774.9784946236559, 304.89247311827955, 43.13978494623656, 67.60215053763442, 65.58064516129032, 428.4113558894914, 853.4849528549892, 279.39416065470596, 38.53953120071183, 44.23090100846432, 50.894247257691795, 6.0, 1.0, 2.0, 0.0, 1.0, 0.0, 2029.0, 3989.0, 1240.0, 203.0, 209.0, 248.0, 266016.38814839564, 3.1679709860001437, 1079853.112496498, 3.266158325171477, 55692.435848249865, 3.503405387816503, 33819454.650000006, 114270205.77, 14718967.709999999, 43799406.0, 33051090.0, 16345570.0]
[407.35483870967744, 612.6989247311828, 241.20430107526883, 36.87096774193548, 74.26881720430107, 65.96774193548387, 429.98750348781095, 619.4026362227568, 225.26629454838675, 31.17246060451841, 52.045368959279436, 46.42536123174376, 1.0, 15.0, 9.0, 0.0, 0.0, 0.0, 2466.0, 3088.0, 1253.0, 166.0, 214.0, 225.0, 141795.65400799358, 3.33064481861724, 219219.5279110791, 2.8465845271474315, 74985.68888270046, 3.3502214509287165, 30171099.06, 65294261.19000001, 9373680.180000002, 34419365.0, 16806565.0, 13420865.0]
