[462.1372549019608, 241.77450980392157, 549.5882352941177, 118.08823529411765, 82.97058823529412, 129.33333333333334, 488.93821187750706, 217.71386012004652, 518.0658498788705, 109.44948678386308, 75.90868092158178, 143.58233801125706, 1.0, 10.0, 2.0, 0.0, 0.0, 1.0, 2212.0, 1083.0, 2269.0, 490.0, 402.0, 598.0, 172324.40865653445, 3.0560509920543986, 34553.41238062425, 3.246413816455094, 196869.1894464304, 3.0890911192671084, 46847930.88000001, 10964727.659999998, 59074760.64, 10894420.0, 15827953.0, 31285877.0]
[599.0297029702971, 513.3564356435644, 614.7326732673267, 125.33663366336634, 92.0, 166.73267326732673, 416.8063688439885, 303.98340692078625, 458.0876748197687, 118.22531685114849, 66.2694499750828, 152.5559498078727, 1.0, 1.0, 4.0, 2.0, 0.0, 0.0, 2360.0, 1474.0, 2160.0, 481.0, 345.0, 622.0, 209021.37254651976, 3.553768184494458, 84859.87873850788, 3.5958564894706426, 229561.38068884317, 3.4283541540068185, 54151402.50000001, 36216185.09000001, 59743473.54, 33788706.0, 33696201.0, 41413535.0]
[419.19354838709677, 618.010752688172, 564.3763440860215, 46.526881720430104, 74.43010752688173, 143.13978494623655, 321.88400077966634, 381.1319951266358, 404.45247245849964, 30.812755474855688, 54.738587821823124, 115.28505233228458, 4.0, 4.0, 31.0, 0.0, 0.0, 0.0, 1456.0, 1867.0, 2034.0, 152.0, 253.0, 494.0, 123759.90418165049, 3.558471674695479, 142872.71254059562, 3.3022304375996216, 156265.26438416194, 3.0024208144165385, 24063114.81, 45462338.55, 41544910.71, 30933607.0, 37076381.0, 24027917.0]
[271.49, 533.06, 576.8, 48.7, 68.43, 150.64, 230.99602056128913, 401.1572356031581, 394.3847016927671, 38.70022055114248, 59.34716471404476, 127.56733377500937, 5.0, 2.0, 15.0, 1.0, 3.0, 2.0, 1185.0, 1965.0, 1707.0, 216.0, 260.0, 514.0, 36507.855464468536, 3.5554322885945036, 139114.6495439333, 3.2438925994298367, 147754.1395411957, 3.164343289596453, 12653239.0, 44347082.0, 48668214.000000015, 15131515.0, 36198851.0, 16162481.0]
[327.04040404040404, 606.2222222222222, 720.1616161616162, 25.92929292929293, 138.31313131313132, 102.23232323232324, 513.3010597521616, 1231.9177231633576, 1231.808457372535, 518.1167477868768, 653.7997204172283, 682.3786103946543, -4048.0, 10.0, 9.0, -5025.0, 1.0, -6435.0, 1081.0, 12153.0, 12150.0, 285.0, 6555.0, 597.0, 180400.65896014663, 3.620194426594917, 972985.8002479771, 3.758067229190015, 986789.1835576892, 3.7395655225767905, 36045334.70999999, 183258818.81999996, 198044694.53999996, -28560120.0, 181026208.0, -23309054.0]
[416.66315789473686, 312.5157894736842, 553.2842105263157, 117.62105263157895, 74.30526315789474, 156.22105263157894, 294.4437818149605, 206.51108172613857, 392.199299725901, 85.34812054012227, 61.24646297806615, 135.5439144467985, 10.0, 13.0, 17.0, 1.0, 0.0, 0.0, 1299.0, 1113.0, 1793.0, 304.0, 259.0, 578.0, 73175.90866742255, 3.1804796414318246, 52625.65648035229, 3.502800379330478, 155799.98451966423, 3.500343465821646, 23410193.550000004, 12622728.850000001, 41363790.40000001, 13883508.0, 18442631.0, 24993090.0]
[420.0863309352518, 240.9640287769784, 566.8561151079136, 144.3021582733813, 83.92086330935251, 153.30935251798562, 340.8289443468033, 207.20847899919198, 410.2332062314595, 113.29054955509972, 65.93849404066448, 158.5847667502459, 0.0, 0.0, 8.0, 2.0, 2.0, 2.0, 1753.0, 1063.0, 1955.0, 437.0, 294.0, 613.0, 103878.66505085073, 3.6793615798368307, 38148.20379116818, 3.7878910088235673, 119159.9089198099, 3.6307736039953316, 56378905.96, 19454339.919999998, 94365002.49000001, 13656204.0, 20007046.0, 37017342.0]
[458.3705882352941, 377.4823529411765, 655.8823529411765, 126.45294117647059, 87.98823529411764, 170.93529411764706, 311.0358495761307, 268.1594779303882, 475.8243898568006, 131.66912366759706, 72.51223020575057, 173.55558235641038, 8.0, 10.0, 3.0, 0.0, 0.0, 0.0, 1564.0, 1186.0, 2280.0, 562.0, 309.0, 871.0, 89962.35940526579, 3.862359408146169, 68238.13627750752, 4.003643411837001, 204889.18057881645, 3.8080375406940146, 88514289.3, 61840056.800000004, 189369762.60000002, 33229393.0, 47809352.0, 52463125.0]
[278.81, 416.04, 590.78, 87.23, 91.21, 192.65, 204.56110667386497, 275.7346814339004, 496.9717708382449, 92.02962357937587, 71.68524001747944, 227.75715292185822, 5.0, 4.0, 5.0, 0.0, 0.0, 2.0, 931.0, 1048.0, 2057.0, 406.0, 282.0, 1056.0, 51850.852101515746, 3.458926841845505, 60077.53955407045, 3.545216323157885, 218111.08932798114, 3.2685364151603147, 11916181.000000002, 24835860.000000007, 59353213.999999985, 11328052.0, 28383506.0, 17858464.0]
[349.94174757281553, 581.0, 684.3300970873786, 79.53398058252426, 93.18446601941747, 217.58252427184465, 283.08274357622287, 476.7454823089158, 549.7031531966178, 71.35891270356431, 74.81215005295198, 209.5432251852027, 5.0, 0.0, 5.0, 1.0, 0.0, 3.0, 1596.0, 2091.0, 2241.0, 270.0, 277.0, 992.0, 93991.93728603644, 3.6463720280808474, 197062.77059376222, 3.1586603496401344, 271260.4031505481, 3.345428208609753, 21410770.68, 59690540.42999999, 81429115.81999998, 21889710.0, 51812471.0, 27058534.0]
[360.6355140186916, 575.9719626168225, 791.0467289719626, 96.96261682242991, 115.20560747663552, 209.15887850467288, 318.9392617554635, 438.3144700762083, 504.9512657818288, 86.3861367758155, 90.49671507827055, 215.60770409856627, 2.0, 28.0, 28.0, 0.0, 0.0, 1.0, 1439.0, 1960.0, 2095.0, 360.0, 535.0, 864.0, 66146.04060719736, 3.3082609792640856, 123458.74302289846, 3.4155733990125356, 245516.39032244898, 3.4124235824995495, 26427675.339999996, 59771538.56999998, 100562034.69999997, 27539995.0, 52877846.0, 36558245.0]
[428.10084033613447, 412.65546218487395, 773.2857142857143, 108.88235294117646, 109.0672268907563, 174.8403361344538, 293.876441087758, 364.81819100902595, 487.1903387282234, 87.35638834250909, 78.03538214152289, 189.4844469800719, 2.0, 2.0, 1.0, 2.0, 1.0, 2.0, 1438.0, 2143.0, 2177.0, 351.0, 352.0, 796.0, 81534.08489357065, 3.5343764557656008, 103137.88507558673, 3.6576963452740836, 211729.14889006608, 3.6219377607279357, 38080054.74000002, 42802814.88000001, 118007952.92999998, 25452725.0, 40142157.0, 43800551.0]
[298.32456140350877, 289.55263157894734, 630.7456140350877, 132.8421052631579, 106.15789473684211, 192.18421052631578, 1188.9462092197223, 1119.7101876311785, 498.27670834380586, 117.7013303544614, 89.88208390952018, 208.43502694233246, -11925.0, -11179.0, 28.0, 2.0, 1.0, 0.0, 1378.0, 1446.0, 2473.0, 658.0, 578.0, 871.0, 248462.69568740373, 3.7123863372282475, 259264.99105385627, 3.620037448176085, 292666.85118725, 3.4310079899669996, 193665182.45999995, 172404132.29999995, 83686678.38, 153422782.0, 27181802.0, 27784909.0]
[338.46923076923076, 180.97692307692307, 535.5230769230769, 120.05384615384615, 61.738461538461536, 128.96923076923076, 289.60162930667036, 157.58110821059026, 422.9174643282895, 114.0781257890488, 49.68404885668118, 129.335627235004, 7.0, 1.0, 12.0, 1.0, 0.0, 0.0, 1422.0, 820.0, 2381.0, 457.0, 192.0, 490.0, 84469.13057136176, 3.4377522503408606, 23175.52326303677, 3.693038242218738, 260411.97683306696, 3.29600406505988, 33425728.7, 9699491.1, 78461344.0, 8394445.0, 14300621.0, 26833864.0]
[471.072, 269.656, 618.296, 137.432, 86.48, 144.288, 407.4198550912568, 252.62400672579307, 428.0799786593999, 117.1136982704442, 68.80683574443233, 136.03710452097846, 4.0, 0.0, 3.0, 0.0, 2.0, 0.0, 2296.0, 1408.0, 1784.0, 528.0, 360.0, 528.0, 145544.12052707784, 3.694644729912925, 39056.43662102599, 3.680117465119048, 173499.90147594438, 3.668067439771175, 60401850.0, 21253546.250000007, 88136936.25, 16254931.0, 22779173.0, 37786467.0]
[467.93548387096774, 425.39784946236557, 673.9569892473119, 249.9784946236559, 123.43010752688173, 195.6451612903226, 322.579272577725, 317.5315848646072, 480.5540261437945, 240.88920322036847, 104.38269865900259, 257.9377092465008, 0.0, 8.0, 17.0, 7.0, 2.0, 2.0, 1622.0, 1591.0, 2002.0, 899.0, 421.0, 1202.0, 74943.91922428423, 3.2613904862793754, 122616.66339674385, 3.392289502713312, 220582.00877112977, 3.360023461622409, 27841313.28, 24278217.299999997, 59043873.48, 19414328.0, 28691109.0, 29736466.0]
[324.2718446601942, 468.2330097087379, 705.7184466019418, 171.10679611650485, 330.09708737864077, 233.95145631067962, 251.53069411477, 318.35201271189663, 557.1266342737271, 265.7684349801371, 1393.9009551738495, 367.77818279236527, 3.0, 4.0, 5.0, 1.0, 0.0, 0.0, 1111.0, 1432.0, 2148.0, 2133.0, 10158.0, 2114.0, 66445.47346906047, 3.578010895085774, 121390.85843682174, 3.495180357478865, 382499.735575033, 3.2043097201906985, 17802503.52, 33907021.13999999, 85446489.71, 17119122.0, 39690510.0, 23375284.0]
[263.74226804123714, 477.5154639175258, 696.8453608247422, 60.30927835051546, 91.82474226804123, 186.37113402061857, 221.17603652363067, 392.6527599069475, 523.0453362322386, 53.1180604927878, 64.606341650362, 187.697524823164, 1.0, 14.0, 4.0, 0.0, 0.0, 0.0, 1049.0, 2517.0, 3165.0, 223.0, 270.0, 799.0, 58642.56069202499, 3.590316814702424, 63737.20995793911, 3.4222927595601385, 213282.43469379196, 3.4849162698506215, 11100221.190000001, 35811384.41, 71164924.94000003, 10552432.0, 40733917.0, 18516848.0]
[401.4387755102041, 533.7142857142857, 715.469387755102, 47.316326530612244, 81.43877551020408, 75.45918367346938, 359.5278996766563, 493.84137024865805, 559.595144597729, 423.87964146954016, 338.5872427531584, 1175.4647878133217, 3.0, 6.0, 26.0, -4030.0, -3134.0, -11218.0, 1813.0, 3282.0, 2348.0, 462.0, 368.0, 1042.0, 144561.61770984775, 3.398915592028504, 190447.5007073229, 3.2913522603395133, 317844.8062431451, 3.43223575987164, 27764627.939999998, 50540250.319999985, 78930262.32000001, 22934850.0, 45667605.0, 31499658.0]
[343.9304347826087, 373.6, 713.6695652173913, 108.49565217391304, 170.7913043478261, 212.01739130434783, 258.18661555464814, 307.3940496404997, 502.3371294354604, 95.93925105613077, 740.0336822070436, 263.84864024293796, 2.0, 5.0, 5.0, 0.0, 0.0, 1.0, 1277.0, 2008.0, 2481.0, 343.0, 7983.0, 1265.0, 82471.72807904426, 3.5263728263582363, 162042.65226164216, 3.647546725568157, 288706.9729354356, 3.237392293732114, 24382776.099999998, 30846836.40000001, 100440245.60000002, 15312004.0, 31683525.0, 34758473.0]
[432.07766990291265, 320.4757281553398, 669.6601941747573, 135.70873786407768, 104.63106796116504, 202.79611650485438, 320.83758915396004, 264.66037595601705, 591.2334324403993, 115.90713245643578, 94.55053533006155, 252.78148197965263, 5.0, 17.0, 13.0, 6.0, 1.0, 0.0, 1483.0, 1235.0, 2232.0, 442.0, 362.0, 1093.0, 97624.47140077472, 3.385355247240846, 59385.24712965705, 3.4368254379567436, 356112.1665765103, 2.998531203752715, 30620596.020000003, 18254880.549999997, 84299961.69, 15491108.0, 24055836.0, 34397187.0]
[523.3265306122449, 293.48979591836735, 644.1632653061224, 73.63265306122449, 54.234693877551024, 72.5, 430.465697844589, 262.8379315192515, 426.5825283365592, 38.80758448431516, 49.3998624774596, 39.298553264208, 5.0, 7.0, 24.0, 4.0, 0.0, 1.0, 2160.0, 1280.0, 3305.0, 167.0, 254.0, 172.0, 173237.8339498753, 3.347976790542971, 75606.8134376208, 3.090218717746702, 280393.37511509005, 3.59673384686172, 43917224.120000005, 14839630.4, 57149764.28000001, 18329890.0, 19802084.0, 35398539.0]
[353.2121212121212, 248.66666666666666, 436.82828282828285, 34.15151515151515, 22.333333333333332, 30.12121212121212, 307.99752426540346, 147.1804390286055, 234.7651905673481, 229.69342316583658, 51.94090048177008, 324.1784049237764, 8.0, 4.0, 0.0, -2210.0, -438.0, -3148.0, 1460.0, 641.0, 1069.0, 110.0, 95.0, 120.0, 93851.13840351076, 3.2622021907444565, 22639.75345100494, 3.315060101238352, 50823.36667950895, 3.452281246007997, 21431167.559999995, 8162114.399999999, 24049392.84, 8150271.0, 11888422.0, 14546967.0]
[538.1386138613861, 351.81188118811883, 579.4455445544554, 44.92079207920792, 51.613861386138616, 54.87128712871287, 493.4047837162297, 309.13271301728287, 424.6338299110782, 35.26547409813651, 42.52527961037522, 43.62078939366793, 11.0, 1.0, 6.0, 0.0, 0.0, 0.0, 2574.0, 1415.0, 1980.0, 151.0, 177.0, 179.0, 165883.25103587736, 3.4819920580243697, 50277.15125619274, 3.0920524028855145, 110118.8628565756, 3.3071567342284696, 54129675.38, 22277807.35, 52462288.59999999, 24722852.0, 25052562.0, 35103303.0]
[479.33663366336634, 312.08910891089107, 611.1782178217821, 64.42574257425743, 44.93069306930693, 71.83168316831683, 406.5830610644699, 184.41464687003042, 344.9185815823672, 34.79492679534, 35.994793352856625, 34.86318095267002, 15.0, 9.0, 13.0, 1.0, 0.0, 0.0, 2324.0, 767.0, 1511.0, 149.0, 139.0, 140.0, 228879.45937118522, 3.2445253359470048, 35218.17820218292, 3.475864237457, 125224.71592107596, 3.1414841457526173, 40134474.029999994, 13370619.369999997, 50120546.02999999, 16373527.0, 19883064.0, 28071008.0]
[364.3819095477387, 147.92964824120602, 522.7286432160804, 59.92964824120603, 55.37185929648241, 64.19597989949749, 763.2853795142244, 755.653804194295, 277.48359990425854, 39.03721450798337, 39.68884549374758, 35.56537278495654, -9315.0, -10246.0, 1.0, 0.0, 0.0, 1.0, 1727.0, 689.0, 1236.0, 346.0, 170.0, 139.0, 466769.4228850624, 4.374303331177322, 439322.44048511813, 4.546389353737313, 65451.481587917544, 4.135033582982097, 282137754.34000003, 233656371.38000005, 138546261.62999997, 112733873.0, 15414743.0, 35722458.0]
[473.39784946236557, 286.86021505376345, 651.8817204301075, 74.11827956989248, 51.69892473118279, 75.09677419354838, 377.4684881689361, 199.13129770591112, 397.5607924380427, 40.02929619078615, 40.84349369351377, 40.31966413014898, 25.0, 14.0, 8.0, 1.0, 1.0, 0.0, 1844.0, 1315.0, 1691.0, 158.0, 164.0, 190.0, 147330.8820049426, 3.304567087564807, 54360.46625210491, 3.2859098641208484, 207735.5849406417, 3.104397642445995, 31573686.000000007, 10509890.940000001, 50277056.43000001, 13659639.0, 19589170.0, 29126022.0]
[398.0263157894737, 261.0394736842105, 491.6578947368421, 43.96052631578947, 51.01315789473684, 55.875, 313.60767550767963, 212.35359994980467, 286.6038432813105, 28.574262855485916, 37.27293051132493, 35.920683871570766, 4.0, 0.0, 19.0, 0.0, 0.0, 1.0, 2136.0, 1001.0, 1226.0, 111.0, 163.0, 135.0, 90628.75187272481, 4.031594879985135, 60869.75096825802, 3.5806834517465496, 74554.0137510142, 3.3503500432243793, 59175740.16, 26093423.520000003, 74701895.68, 16974785.0, 19491634.0, 28603592.0]
[391.2659574468085, 247.2659574468085, 474.9574468085106, 44.244680851063826, 54.223404255319146, 67.06382978723404, 316.0922410470537, 187.71358733894064, 289.9168926112587, 26.799007432354923, 45.07750893674525, 36.0357673306744, 0.0, 1.0, 4.0, 0.0, 0.0, 1.0, 1504.0, 876.0, 1314.0, 103.0, 190.0, 154.0, 97019.73121941961, 3.3102000958166196, 21747.28171153968, 3.268870952563899, 111719.58799103094, 3.313528414133015, 22261456.940000005, 8482735.78, 27280461.92, 9913850.0, 11743670.0, 17748036.0]
[459.3980582524272, 264.7669902912621, 545.3398058252427, 52.51456310679612, 57.00970873786408, 58.41747572815534, 417.76912987743077, 184.00304792251245, 317.09012615634106, 33.04953622458557, 43.04204400205825, 30.792641173311633, 3.0, 1.0, 2.0, 1.0, 1.0, 1.0, 2112.0, 745.0, 1347.0, 140.0, 213.0, 125.0, 219925.46177792732, 3.5184258669678323, 42920.456574137126, 3.406400141999202, 104362.5867353562, 3.0693809443961797, 40726162.919999994, 10994103.609999998, 42114067.32, 13176783.0, 17437952.0, 24878451.0]
[431.2300884955752, 240.98230088495575, 480.50442477876106, 54.32743362831859, 52.27433628318584, 51.89380530973451, 353.4445806439805, 167.75156920177724, 289.4492036577466, 31.138642299364747, 39.32039814769234, 32.93699690097162, 10.0, 0.0, 25.0, 0.0, 0.0, 2.0, 1678.0, 706.0, 1572.0, 129.0, 158.0, 142.0, 165207.01519490164, 3.477677754396308, 27315.302974048427, 3.6579875189328006, 94280.85078866023, 3.397626267835044, 39555418.35, 10976746.549999999, 40084945.38999999, 12247590.0, 13924615.0, 21148636.0]
[646.9700598802395, 276.4610778443114, 648.8622754491018, 76.78443113772455, 74.49101796407186, 66.03592814371258, 605.5819408222114, 187.61000784127896, 385.735690708492, 40.44542950938391, 52.879707573452905, 32.11535912540668, 4.0, 12.0, 3.0, 0.0, 0.0, 0.0, 3234.0, 988.0, 1833.0, 154.0, 240.0, 141.0, 426717.20199353097, 3.4815844174164674, 37349.75321828099, 3.85323417829787, 173752.55865205347, 3.2627921892306277, 218399807.75999993, 31073220.729999993, 158667020.64, 34327718.0, 29237770.0, 67024962.0]
[471.1530612244898, 222.59183673469389, 610.4897959183673, 59.316326530612244, 60.52040816326531, 52.8469387755102, 424.5047411982705, 157.33206309269576, 360.11092921223906, 35.00945290278145, 45.17759448145346, 29.639883982415622, 6.0, 0.0, 31.0, 1.0, 0.0, 0.0, 1967.0, 703.0, 1418.0, 138.0, 208.0, 124.0, 168573.4366693443, 3.38135969524684, 23029.153081700093, 3.4093933561861824, 136374.78403893005, 3.185512675888337, 38449677.699999996, 7111562.079999999, 48121265.35999999, 10815547.0, 14796056.0, 26819973.0]
[528.2169811320755, 236.5566037735849, 601.4056603773585, 64.9622641509434, 74.66037735849056, 52.113207547169814, 482.24587691771194, 178.4939684289042, 363.4012023541156, 36.25857521648582, 50.78336562909305, 29.791440366948795, 0.0, 0.0, 42.0, 0.0, 0.0, 1.0, 2249.0, 847.0, 2018.0, 140.0, 230.0, 133.0, 289683.69513789064, 3.3023738067219086, 28860.913332018477, 3.505466792332577, 152344.94898488125, 3.3104776289528592, 57233969.660000004, 9833585.019999998, 55337676.29999998, 14169905.0, 16243141.0, 31357287.0]
[446.4467005076142, 237.46192893401016, 513.756345177665, 57.4263959390863, 55.68527918781726, 55.25888324873097, 411.06065326795533, 166.53921773323844, 337.624250028019, 33.485770869430254, 46.216244565995424, 29.9524961443469, 0.0, 7.0, 3.0, 2.0, 0.0, 0.0, 2208.0, 796.0, 1589.0, 131.0, 247.0, 130.0, 209060.40500767643, 3.8280900678161873, 26937.38398446184, 3.921245172040534, 129238.58172656153, 3.8760136401428285, 142595053.71999997, 32592842.299999997, 146448511.62, 21536749.0, 29708452.0, 46524921.0]
[378.7821782178218, 234.32673267326732, 476.4059405940594, 55.15841584158416, 38.46534653465346, 57.554455445544555, 364.7928070551938, 186.32622514884432, 300.0878597417037, 29.2987141947449, 30.554398817988755, 35.00527824415191, 2.0, 3.0, 13.0, 0.0, 0.0, 0.0, 2114.0, 870.0, 1429.0, 111.0, 113.0, 130.0, 139746.57159407818, 3.3833218709313013, 33475.682308823525, 2.9021130705912515, 87943.72301163754, 3.1005418652782195, 28076433.489999995, 9107732.57, 32247781.97, 9956798.0, 15185897.0, 18496996.0]
[409.91812865497076, 227.38011695906434, 537.1345029239766, 53.432748538011694, 54.11695906432749, 55.409356725146196, 330.2082841249032, 158.66239208193826, 301.9483585222981, 30.235932714354675, 41.73978640963372, 31.385210551284647, 3.0, 1.0, 6.0, 0.0, 0.0, 0.0, 1614.0, 692.0, 1284.0, 122.0, 172.0, 124.0, 107571.5091877209, 3.656758218996571, 28905.862249464568, 3.706939745748994, 100454.32016236742, 3.5196265033522622, 80831696.58000001, 22436109.72, 110868161.21999998, 16361038.0, 24823061.0, 35107084.0]
[515.5728155339806, 259.41747572815535, 437.15533980582524, 61.70873786407767, 58.79611650485437, 46.067961165048544, 485.8203412370072, 192.96355056970617, 277.0154578146602, 34.36614586660437, 53.979727353542316, 29.831310743987753, 4.0, 4.0, 25.0, 4.0, 0.0, 0.0, 3476.0, 936.0, 1288.0, 144.0, 318.0, 107.0, 372041.9514592568, 3.6261159282524327, 44319.0692757269, 3.5462349062872747, 73225.36442413743, 3.6081505959017686, 52996756.85999999, 11051485.94, 28336355.749999996, 14655654.0, 14047933.0, 25943686.0]
[524.1941747572815, 234.29126213592232, 503.18446601941747, 32.786407766990294, -9.25242718446602, 141.84466019417476, 456.82907642111957, 161.4845728725886, 357.87087570504855, 229.00486553977606, 670.178959395623, 837.2214287337674, 7.0, 9.0, -437.0, -2247.0, -6730.0, 1.0, 2021.0, 824.0, 1625.0, 122.0, 238.0, 8550.0, 210662.79187563324, 3.4027267718001273, 28177.41432849679, 3.418874660736301, 158865.49933540012, 3.4658395239884303, 51076626.74, 8563211.940000001, 40316614.32000001, 14910889.0, 12226141.0, 26439746.0]
[460.1132075471698, 217.89622641509433, 461.54716981132077, 54.490566037735846, 47.35849056603774, 58.283018867924525, 431.4700965360772, 130.29723742605802, 300.5922449994652, 30.618775840360833, 39.33571954325514, 30.828173483413675, 13.0, 1.0, 22.0, 0.0, 1.0, 0.0, 2724.0, 611.0, 1684.0, 138.0, 203.0, 140.0, 120132.98913760213, 3.3767593714603024, 16577.12852707668, 3.4739329261408582, 75840.29904172945, 3.501742474982606, 44507405.08, 7224295.38, 33992166.92, 9976765.0, 11754013.0, 23148175.0]
[503.1666666666667, 225.69791666666666, 542.7395833333334, 52.427083333333336, 55.989583333333336, 61.0625, 407.89492110918303, 138.69126028638055, 352.1304855273387, 28.232025410372703, 44.670370444110205, 30.43087507605946, 16.0, 8.0, 11.0, 4.0, 0.0, 0.0, 1970.0, 709.0, 1461.0, 107.0, 166.0, 121.0, 176544.86908990995, 3.1170774447552057, 19131.756014531136, 3.2766678347626756, 127960.02284437488, 3.181986215978427, 38506462.08, 6448845.119999998, 38455650.239999995, 11047812.0, 13939521.0, 24719959.0]
[373.9789473684211, 172.4842105263158, 356.30526315789473, 43.31578947368421, 40.50526315789474, 42.873684210526314, 364.04979724101014, 142.5565854921801, 245.36061492216552, 25.300854900153304, 35.05311279594624, 25.001805086009107, 4.0, 0.0, 32.0, 2.0, 0.0, 3.0, 2287.0, 928.0, 1109.0, 112.0, 173.0, 114.0, 128103.71856803662, 3.553449834297108, 22670.36101038476, 3.504311358444787, 40262.92310114996, 3.127291404091224, 24457518.200000003, 4499798.5, 16833571.549999997, 6782001.0, 6786248.0, 13278390.0]
[610.3186274509804, 232.17156862745097, 834.6029411764706, 76.42156862745098, 90.77941176470588, 60.44117647058823, 465.9705602300026, 161.66057909396238, 479.9595366680378, 41.59277984768896, 52.314748155076906, 33.8433288401641, 1.0, 3.0, 12.0, 0.0, 0.0, 0.0, 2633.0, 736.0, 2226.0, 164.0, 235.0, 150.0, 226734.8011759494, 3.9271238558611654, 34531.55300936216, 4.208889468248219, 204481.79351481854, 3.6439383642524894, 244932230.76, 33255208.919999998, 385278433.0800001, 30353899.0, 42652004.0, 95483315.0]
[648.8723404255319, 232.0, 617.5106382978723, 80.85106382978724, 68.44680851063829, 57.755319148936174, 471.72434163983814, 157.797951660936, 360.2388617570546, 42.02609467062933, 48.32965140323936, 28.97966887253139, 6.0, 0.0, 39.0, 0.0, 3.0, 4.0, 2198.0, 601.0, 1553.0, 187.0, 217.0, 123.0, 263642.4089969209, 3.0026306702459165, 24874.909317000966, 3.3710097535345827, 156668.03927868986, 3.2504637394774782, 56655715.72, 6932663.559999998, 45038052.68000001, 14505718.0, 14700032.0, 32169623.0]
[681.8823529411765, 261.8235294117647, 646.3277310924369, 91.30252100840336, 66.98319327731092, 73.04201680672269, 563.6237953209958, 164.4136807711749, 372.4040567885976, 44.820651002663055, 53.72686466123567, 40.96348000601395, 1.0, 3.0, 16.0, 0.0, 1.0, 1.0, 2621.0, 703.0, 1512.0, 181.0, 199.0, 173.0, 328343.66492264386, 3.33609620769505, 22926.180490163795, 3.5238956938189805, 158316.7237134106, 3.2412461951536886, 110450959.08000003, 13503400.050000003, 78630212.71, 21593497.0, 22749137.0, 47847826.0]
[654.0865384615385, 282.4807692307692, 920.5769230769231, 72.13461538461539, 80.66346153846153, 58.89423076923077, 582.0558994703943, 233.62454239880927, 484.4002535877511, 38.851486631052715, 54.98978026444993, 32.23786541309506, 1.0, 1.0, 5.0, 0.0, 1.0, 0.0, 2953.0, 1059.0, 1955.0, 149.0, 247.0, 127.0, 271522.3891384205, 3.1736696221711003, 46101.18912005416, 3.326419535934685, 207898.35109762367, 3.0285494187357904, 82565091.44, 14477324.160000004, 116796499.04, 20396223.0, 28534396.0, 51348383.0]
[637.9255319148937, 285.70212765957444, 762.7446808510638, 78.70212765957447, 74.15957446808511, 58.09574468085106, 499.284331676091, 191.3163697354665, 469.04815389288893, 39.2852347943059, 50.924000550575755, 34.46427764092054, 3.0, 1.0, 12.0, 1.0, 4.0, 2.0, 2144.0, 793.0, 2003.0, 148.0, 217.0, 148.0, 280799.05083983863, 3.361714393255406, 32116.40074848186, 3.1857948064794748, 272899.80227067554, 2.9088614915725004, 57750493.3, 10412190.119999997, 70638971.48, 15732496.0, 24988176.0, 38489538.0]
[622.3846153846154, 226.35576923076923, 629.1057692307693, 73.14423076923077, 77.98076923076923, 49.76923076923077, 501.21720400067915, 160.08352906240054, 374.9642032951953, 37.97812816372096, 54.164076650512, 28.133948248739163, 21.0, 3.0, 8.0, 0.0, 1.0, 0.0, 2167.0, 752.0, 1593.0, 162.0, 299.0, 114.0, 297347.90265283996, 2.8312612514690665, 28768.341844402465, 3.506413443948443, 172788.3801794199, 3.328922722154545, 68807685.44, 8286922.800000002, 57867797.519999996, 15372054.0, 15641059.0, 33762244.0]
[399.0495049504951, 123.70297029702971, 552.6138613861386, 68.86138613861387, 73.03960396039604, 47.306930693069305, 1194.7066365952576, 1155.6925503312243, 1434.7228719881552, 36.26900321292834, 54.1887296016578, 37.995984675820004, -10665.0, -11265.0, -13275.0, 0.0, 0.0, 1.0, 2313.0, 554.0, 1685.0, 150.0, 328.0, 342.0, 3131189.349589166, 3.873849019593299, 3191136.6828208985, 3.9095055695873486, 4759937.025192825, 3.9033574051805697, 160403842.85999995, 136459152.71999997, 239053427.61999995, 131695852.0, 167431563.0, 172999327.0]
[571.0970873786408, 254.2233009708738, 678.6601941747573, 65.81553398058253, 71.99029126213593, 54.89320388349515, 511.67243110816446, 161.45963691803175, 404.391858915118, 34.898943063049224, 56.26556344964912, 28.441861105840218, 3.0, 20.0, 49.0, 1.0, 0.0, 1.0, 2373.0, 668.0, 2397.0, 147.0, 225.0, 113.0, 204952.07672259142, 3.121691117650559, 28434.91378921249, 3.5091329188631106, 170919.2268689381, 3.308683503488863, 62107072.87, 9595373.91, 66043649.44000001, 15155348.0, 20235293.0, 34762007.0]
[535.2234042553191, 229.5212765957447, 580.8510638297872, 62.851063829787236, 65.52127659574468, 42.287234042553195, 539.6583577618945, 210.24735707100345, 322.52068225576954, 34.192358275607354, 54.098223834139816, 25.18858861802882, 7.0, 3.0, 4.0, 2.0, 2.0, 1.0, 3330.0, 1708.0, 1309.0, 127.0, 326.0, 107.0, 273000.44684540294, 3.1811789666145325, 16261.784134406436, 3.4708242470151878, 89685.9869875653, 3.172138284863583, 50771393.74, 8519115.660000002, 38904992.6, 14951576.0, 14632892.0, 31145451.0]
[475.78125, 190.16666666666666, 658.4375, 61.520833333333336, 65.63541666666667, 50.90625, 400.71554954198723, 134.78260598902585, 365.80293263766464, 29.450754316732898, 48.82128953032179, 28.0188200378922, 10.0, 2.0, 48.0, 2.0, 0.0, 1.0, 1866.0, 617.0, 1382.0, 127.0, 182.0, 113.0, 161104.4865643498, 3.0033269527748803, 18066.64553428565, 3.3603567759865607, 132530.81209403367, 2.9122075233223423, 35506309.440000005, 4989586.56, 52158675.83999999, 8237935.0, 13633054.0, 25795542.0]
[305.43617021276594, 117.72340425531915, 631.5851063829788, 109.76595744680851, 78.90425531914893, 144.40425531914894, 1404.9495958395416, 1390.2611683495097, 483.1687389654152, 126.79815689545408, 55.19215098258673, 141.26595973392534, -12735.0, -13070.0, 19.0, 0.0, 3.0, 0.0, 1472.0, 1066.0, 2205.0, 534.0, 227.0, 677.0, 4162992.2003097753, 3.82679828241417, 4172485.516539524, 3.8403179917141914, 173457.67538063868, 3.2628795956237515, 180800099.13999996, 170192222.64000005, 55655158.099999994, 178666471.0, 16181939.0, 30909160.0]
[376.9428571428571, 346.0, 519.6952380952381, 77.36190476190477, 85.78095238095239, 149.33333333333334, 309.2382958599624, 250.30431478502322, 423.3754953622849, 94.02077550789626, 66.69563198596536, 139.33590201288249, 1.0, 5.0, 3.0, 0.0, 1.0, 2.0, 1533.0, 1254.0, 2595.0, 447.0, 368.0, 579.0, 75701.0934394108, 3.5060111123057944, 41312.3439639447, 3.207340131712806, 160663.22728231104, 3.3077328849383703, 26107585.349999998, 20040314.7, 49350417.900000006, 16514501.0, 22740211.0, 27300563.0]
[223.6161616161616, 419.5959595959596, 410.47474747474746, 40.64646464646464, 75.88888888888889, 138.12121212121212, 192.99543756216195, 362.6210401493807, 300.5204785522483, 36.908964988975384, 58.01159083495137, 148.66379496437474, 2.0, 10.0, 15.0, 1.0, 2.0, 1.0, 1034.0, 2059.0, 1381.0, 170.0, 214.0, 722.0, 21778.61131958278, 3.5112362974978955, 69177.22656352294, 3.177956450303779, 82028.73418536886, 3.425861004048658, 8514637.56, 30013265.699999996, 25275782.070000004, 11691109.0, 20942475.0, 10958844.0]
[213.232, 408.32, 361.672, 53.984, 79.424, 137.88, 173.55235967392406, 388.07075759869593, 304.57031541543586, 46.92065780690055, 56.902188857496455, 143.70537736588346, 3.0, 1.0, 1.0, 0.0, 0.0, 0.0, 805.0, 1916.0, 1558.0, 189.0, 223.0, 733.0, 23785.56889485484, 3.430397521810142, 158943.95282129885, 3.614025611596972, 101787.7152274052, 3.5342936749458103, 11773022.500000007, 49393647.499999985, 34816813.75000001, 11074594.0, 24924923.0, 9083642.0]
[253.4387755102041, 374.5, 323.55102040816325, 72.41836734693878, 74.86734693877551, 156.39795918367346, 230.03886118701146, 333.7900213465278, 274.6408009291965, 55.792680203744226, 55.82366156771559, 182.67365638772375, 7.0, 7.0, 1.0, 0.0, 2.0, 0.0, 1397.0, 2180.0, 1336.0, 205.0, 206.0, 742.0, 55226.57733791944, 3.4969835713766195, 167819.51587799998, 3.351759122784196, 81256.98359838311, 3.426844297035945, 11199139.140000002, 24060817.900000002, 17224117.4, 10625670.0, 14929640.0, 8322778.0]
[211.40425531914894, 298.22340425531917, 337.6595744680851, 59.787234042553195, 61.297872340425535, 115.14893617021276, 202.12624177999786, 259.4414245637814, 259.9345886780265, 47.24265257555658, 46.47437258589238, 107.14315189901824, 4.0, 7.0, 6.0, 1.0, 1.0, 4.0, 1042.0, 1390.0, 1267.0, 172.0, 205.0, 466.0, 34393.669033272905, 3.1310522287827, 57196.49441547823, 3.362441773756424, 69793.690349469, 3.147864607760316, 7520509.480000001, 13742718.219999997, 15980894.880000003, 8030373.0, 11518747.0, 8496737.0]
[364.9894736842105, 378.9263157894737, 325.5578947368421, 72.98947368421052, 73.15789473684211, 92.84210526315789, 274.18496221536145, 267.4018906227528, 277.4271503299588, 52.72701571196931, 53.72097252598596, 83.67112872881995, 2.0, 3.0, 12.0, 0.0, 1.0, 2.0, 1364.0, 1196.0, 1678.0, 224.0, 196.0, 404.0, 78344.21858583923, 3.410561511584258, 75699.83850723998, 3.4288498124526106, 119790.4524726426, 3.1877627883838455, 18736204.0, 19343846.8, 16438459.899999999, 17457502.0, 13154262.0, 13636930.0]
[340.9145299145299, 326.1709401709402, 400.5982905982906, 78.68376068376068, 83.47008547008546, 108.01709401709402, 302.6913920791038, 250.71529706567395, 284.25228776652096, 69.24713981055271, 70.5061225819741, 121.83220392068807, 1.0, 6.0, 2.0, 3.0, 4.0, 0.0, 1446.0, 1074.0, 1570.0, 264.0, 246.0, 587.0, 97423.23745310675, 3.587527164997695, 73260.68509070067, 3.6210774615644223, 69556.2898032353, 3.6213023999309417, 28344676.229999997, 23094491.94, 32934058.559999987, 15402369.0, 16221989.0, 19416501.0]
[392.1914893617021, 210.36170212765958, 417.74468085106383, 95.07446808510639, 81.18085106382979, 144.48936170212767, 326.3296794833967, 182.95588815921005, 327.68165564236386, 79.99546215109822, 62.65745118112621, 160.30191572992808, 13.0, 0.0, 7.0, 3.0, 0.0, 3.0, 1354.0, 958.0, 1315.0, 322.0, 216.0, 849.0, 96577.99583099698, 3.0861895642641675, 25645.90165802064, 3.426998815580086, 126657.97040866945, 3.226306389886533, 22900468.000000004, 6836307.92, 24806504.12, 9980378.0, 7773643.0, 18835289.0]
[561.0322580645161, 248.3978494623656, 418.8817204301075, 91.44086021505376, 221.20430107526883, 128.04301075268816, 996.7376290288332, 371.0462920780777, 891.0291295860764, 183.63737082758882, 1340.9492140882546, 170.09268023374113, 1.0, -2247.0, 6.0, -1485.0, 3.0, -915.0, 9451.0, 1550.0, 8551.0, 294.0, 13005.0, 537.0, 872382.7231055627, 3.6779738713384704, 143720.68228939138, 3.639318908977932, 659297.2906798521, 3.7476439396051306, 112226003.45999998, 17116065.029999997, 83104599.12, -9851850.0, -10727433.0, 98972458.0]
[405.51020408163265, 206.0408163265306, 268.03061224489795, 95.38775510204081, 69.3265306122449, 111.77551020408163, 322.2083351420467, 161.5165829389515, 210.89854179087675, 86.90718270210903, 54.072455306660586, 107.80151009904228, 4.0, 5.0, 0.0, 0.0, 1.0, 0.0, 1467.0, 989.0, 1203.0, 304.0, 223.0, 398.0, 114003.33914044462, 3.366197212563182, 33088.005930467196, 3.602495587383202, 34543.8218850558, 3.280733332818088, 25661635.16, 6557056.5200000005, 11127650.100000001, 7569407.0, 5249112.0, 13021901.0]
[427.61052631578946, 205.07368421052632, 370.2526315789474, 115.22105263157894, 78.50526315789473, 120.07368421052631, 380.7115201699911, 154.01866715442932, 263.74883153602434, 90.39843000747497, 57.520000903332516, 117.13206241159094, 5.0, 2.0, 22.0, 0.0, 0.0, 5.0, 1599.0, 750.0, 1130.0, 294.0, 226.0, 439.0, 160813.5262976611, 3.2187037634882953, 23601.302072107763, 3.6095507940043428, 61313.06478893379, 3.0896934762026196, 29445535.950000007, 5913835.5, 18584118.5, 7730749.0, 7025596.0, 17813966.0]
[375.908256880734, 221.43119266055047, 383.7522935779817, 118.70642201834862, 75.73394495412845, 145.1834862385321, 324.94739008042757, 179.50076689057664, 296.33746266224625, 105.41551846122981, 49.792466000433734, 154.38391090716954, 2.0, 0.0, 10.0, 0.0, 2.0, 3.0, 1520.0, 870.0, 1288.0, 414.0, 189.0, 614.0, 90069.52724374931, 3.4318573552916174, 45857.55867673914, 3.5797710453411407, 82519.18821412674, 3.4702302585318288, 29218836.480000004, 9618465.200000003, 27834339.190000005, 10606727.0, 9678524.0, 18838835.0]
[363.36893203883494, 242.80582524271844, 357.252427184466, 93.55339805825243, 63.63106796116505, 116.2135922330097, 354.1682603966336, 227.6744346671975, 258.7646640136366, 78.15842736232453, 46.835546725575554, 110.6205003946266, 0.0, 0.0, 15.0, 3.0, 2.0, 0.0, 1850.0, 1110.0, 1236.0, 334.0, 188.0, 482.0, 180286.66736886324, 3.2971582370815566, 70718.13434360536, 3.548090821785513, 61604.07637039155, 3.3488737684909706, 27186020.85, 11700354.010000002, 20574920.53, 11811311.0, 8890677.0, 16887550.0]
[323.4742268041237, 248.7422680412371, 290.4020618556701, 69.49484536082474, 60.608247422680414, 102.51546391752578, 275.2299452572758, 194.2006736144404, 224.9924841241839, 52.865813565916625, 57.149576533323014, 106.54822005024903, 3.0, 4.0, 5.0, 0.0, 2.0, 0.0, 1666.0, 933.0, 1182.0, 179.0, 217.0, 448.0, 76311.65739510318, 3.2306221993013544, 34747.64350929533, 3.3280308783222874, 46493.91005950387, 3.147226153471459, 16899143.09, 9333522.360000001, 12648810.669999998, 9449498.0, 7353065.0, 9218206.0]
[290.7204301075269, 273.3010752688172, 333.1182795698925, 52.46236559139785, 52.0, 90.68817204301075, 295.41578530692743, 234.86368779923674, 239.41481418070575, 39.21444918366103, 58.968303940042375, 92.90644879740046, 9.0, 1.0, 2.0, 1.0, 0.0, 1.0, 1610.0, 1217.0, 1099.0, 167.0, 230.0, 359.0, 138379.95162124644, 3.507405199860644, 73592.38980301267, 3.3617406573118114, 57349.118369159194, 3.3621627643346677, 14776856.490000002, 11179809.93, 14501856.42, 10741006.0, 10052826.0, 10461451.0]
[308.38709677419354, 275.7096774193548, 353.4623655913978, -56.83870967741935, 159.06451612903226, -22.93548387096774, 232.50843987757892, 186.22978913657002, 303.98528851487794, 1237.8734244691632, 881.6534837211519, 1274.9269783561147, 5.0, 4.0, 7.0, -11852.0, 0.0, -12149.0, 1076.0, 833.0, 1586.0, 261.0, 8550.0, 405.0, 59588.72641559771, 3.5315882162765635, 32049.424735509507, 3.376099353503049, 68071.78363023544, 3.292168765733428, 12850812.540000003, 9541960.889999997, 18712031.52, 8644582.0, 10438868.0, 12542963.0]
[245.76344086021504, 291.48387096774195, 402.4193548387097, 32.96774193548387, 71.08602150537635, 119.78494623655914, 229.69452293490295, 228.0251041148581, 306.4345210779538, 27.13310652774065, 70.24687149369505, 122.7876259045219, 3.0, 5.0, 11.0, 1.0, 0.0, 0.0, 1073.0, 1021.0, 1218.0, 102.0, 363.0, 484.0, 56744.46394723644, 3.474092853435494, 48656.051979459946, 3.262532926219508, 99969.42968089564, 3.326907215584369, 9738076.499999998, 11797167.18, 22040571.27, 8636081.0, 12035802.0, 10559183.0]
[214.51063829787233, 356.71276595744683, 376.3936170212766, 43.8936170212766, 72.53191489361703, 118.52127659574468, 165.34445926063063, 284.53310642609284, 270.72678836294375, 34.98032260531884, 54.34827991415265, 126.34316885622408, 5.0, 6.0, 0.0, 0.0, 0.0, 1.0, 745.0, 1369.0, 1004.0, 201.0, 186.0, 477.0, 27053.03291039934, 3.467769327740869, 88988.40165160719, 3.073353849175686, 74601.89799958318, 3.481091993374931, 6455825.999999997, 18320723.139999993, 18925425.140000004, 8764492.0, 13802108.0, 7356406.0]
[224.17094017094018, 344.3333333333333, 335.29059829059827, 55.401709401709404, 64.02564102564102, 105.2905982905983, 192.17795679859037, 272.46176574540414, 308.1777660933607, 42.78657133620229, 49.14237962086351, 98.24565093726663, 3.0, 1.0, 2.0, 0.0, 0.0, 2.0, 852.0, 1432.0, 1490.0, 173.0, 191.0, 381.0, 50801.45100013314, 3.7271056032460326, 81393.55850980354, 3.340814417308609, 77495.73317608381, 3.4770590718682657, 11891540.7, 26305654.05, 28278952.65, 9455432.0, 16331336.0, 9498003.0]
[232.6138613861386, 326.73267326732673, 376.53465346534654, 48.76237623762376, 61.92079207920792, 110.75247524752476, 192.35129166694097, 266.3605785805816, 304.1918659121718, 37.8420793601122, 40.286643734199764, 106.40125994936282, 3.0, 11.0, 6.0, 0.0, 2.0, 4.0, 1163.0, 1846.0, 1449.0, 146.0, 147.0, 406.0, 24632.059096624485, 3.550936372659068, 100853.73428814672, 3.455046436578441, 87430.67251471581, 3.4450918775160337, 9256581.32, 18055743.74, 23808610.819999997, 7295268.0, 14865570.0, 8738320.0]
[187.77894736842106, 384.4947368421053, 378.5473684210526, 57.694736842105264, 65.65263157894736, 109.84210526315789, 147.91984452106317, 355.7479646234207, 286.52454383826273, 45.25085486067086, 54.710800291469276, 103.89728108471998, 1.0, 4.0, 9.0, 0.0, 0.0, 0.0, 627.0, 2095.0, 1223.0, 198.0, 256.0, 411.0, 18897.39502026015, 3.4351949735102543, 104071.29278589936, 3.369356226171622, 94601.55715154248, 3.2790530161061877, 5136208.25, 24643722.95, 20263855.3, 6827781.0, 16449416.0, 7133746.0]
[103.79797979797979, 182.66666666666666, 337.14141414141415, 58.03030303030303, 76.8989898989899, 109.52525252525253, 1373.4589061688935, 1387.4082503218813, 270.0269453712929, 63.22384181934084, 94.64946014157574, 98.79409048615508, -13215.0, -13237.0, 12.0, 1.0, 1.0, 1.0, 1076.0, 1240.0, 1501.0, 511.0, 840.0, 375.0, 113729.64512707602, 3.2543604689069014, 72015.57767458342, 3.2149800221830933, 67967.35922931379, 3.3124768065555887, 184073458.13999996, 190024268.93999994, 18214411.05, 183178805.0, 11919002.0, 7900848.0]
[203.27083333333334, 327.9375, 298.9895833333333, 47.34375, 53.135416666666664, 92.28125, 207.8213037641849, 272.8195784184505, 239.11800631274605, 37.72164759615387, 46.59175888087973, 85.03147443586312, 4.0, 5.0, 10.0, 0.0, 0.0, 1.0, 1145.0, 1130.0, 1075.0, 154.0, 199.0, 315.0, 60367.54532837459, 3.2091308526942828, 90368.88125133542, 3.132786055428305, 60283.631667532994, 3.4376460530622888, 7746862.080000001, 16699226.879999999, 13453202.879999999, 7730197.0, 10585855.0, 6036278.0]
[252.6509433962264, 331.9622641509434, 383.6320754716981, 82.4245283018868, 75.02830188679245, 112.64150943396227, 224.6542334747982, 309.04855295932606, 290.266161125783, 64.5470589663383, 61.12196356032667, 114.58955231020101, 2.0, 1.0, 2.0, 1.0, 0.0, 2.0, 1177.0, 2050.0, 1340.0, 250.0, 275.0, 485.0, 52392.10425724766, 3.4804746160404174, 66523.49271914382, 3.5716964951963863, 92297.77435498561, 3.354365712062391, 12789477.699999997, 23012328.640000004, 25913941.9, 11732054.0, 15143246.0, 10830719.0]
[291.95, 245.25, 365.1, 101.68, 68.04, 122.09, 231.42026901092936, 212.03055692684268, 260.3888118436223, 83.13635872116447, 52.77796448664476, 112.25854852603305, 3.0, 4.0, 6.0, 1.0, 0.0, 4.0, 1147.0, 1171.0, 1303.0, 291.0, 227.0, 418.0, 72270.64376363301, 3.2369911053274345, 67048.27983682252, 3.4205342052635115, 74618.00791935285, 3.576746151959442, 13825458.999999998, 10465495.000000002, 20042232.000000004, 9429676.0, 8959700.0, 11114845.0]
[365.10752688172045, 235.247311827957, 349.0967741935484, 110.38709677419355, 66.82795698924731, 116.7741935483871, 288.3277672298902, 191.91821491333562, 293.72454800063394, 78.13965094040515, 51.58669858384755, 96.11916619174822, 19.0, 6.0, 20.0, 2.0, 1.0, 2.0, 1492.0, 918.0, 1405.0, 272.0, 181.0, 350.0, 82741.11443844768, 3.3529203086276995, 25536.849682012977, 3.4727592811156134, 58052.25523617839, 3.3838423472993484, 18642271.29, 7937866.199999999, 17922024.419999998, 10564560.0, 9503251.0, 16093505.0]
[346.6666666666667, 295.7927927927928, 336.036036036036, 117.67567567567568, 78.14414414414415, 106.72072072072072, 335.5793994471849, 298.2047837283853, 294.47956953143097, 87.17883001594139, 63.01628171236194, 102.98677507076256, 11.0, 0.0, 1.0, 0.0, 1.0, 0.0, 1702.0, 1982.0, 1392.0, 367.0, 300.0, 400.0, 87423.80044682833, 3.504342893435312, 144086.68402047074, 3.666073129196607, 70472.76600338843, 3.535031210639791, 28557216.42000001, 21637934.849999998, 24501194.28, 11792153.0, 11484036.0, 17146832.0]
[431.9117647058824, 171.42156862745097, 367.2156862745098, 94.16666666666667, 64.61764705882354, 112.72549019607843, 425.8321173155554, 123.14038002846448, 297.0361389971201, 81.49543914023695, 46.85453455398142, 96.36586192120492, 4.0, 11.0, 5.0, 0.0, 0.0, 5.0, 2320.0, 599.0, 1629.0, 318.0, 216.0, 385.0, 92589.08234154277, 3.42136821993232, 16085.398965217139, 3.5979991407277994, 70834.86912749913, 3.3384622839839095, 38089355.099999994, 4619401.5, 23119022.16, 8439709.0, 7000772.0, 22600645.0]
[367.1775700934579, 251.6355140186916, 398.21495327102804, 108.70093457943925, 64.86915887850468, 123.62616822429906, 306.70650998265097, 232.25950810292875, 317.2001638165303, 87.4469343080307, 48.447420265870875, 113.38534424649404, 2.0, 3.0, 1.0, 0.0, 1.0, 0.0, 1573.0, 1302.0, 1421.0, 344.0, 202.0, 472.0, 134665.50851938414, 3.4843307482490973, 65621.89904093726, 3.5032929317869215, 97713.01558709836, 3.274537227436011, 26104762.179999992, 13367939.069999995, 29567129.16999999, 11247003.0, 10594658.0, 17128882.0]
[333.31, 296.49, 408.17, 71.21, 70.18, 112.46, 324.18437499345805, 241.4021957253291, 296.0887477862956, 60.29779549381671, 59.1786168042874, 106.85338014534146, 0.0, 2.0, 18.0, 0.0, 0.0, 0.0, 1460.0, 1065.0, 1447.0, 291.0, 294.0, 435.0, 83136.12000709123, 3.437826107132656, 62131.253444537804, 3.3798765690120964, 86854.84928877083, 3.2804123498906295, 21514010.999999996, 14559858.999999998, 25339461.0, 13174341.0, 11329111.0, 14116294.0]
[299.9789473684211, 319.6736842105263, 432.37894736842105, 45.63157894736842, 66.51578947368421, 108.92631578947369, 269.5807611572351, 290.210101518738, 348.9656807776122, 43.76242744628138, 55.1352038672854, 97.98395896781064, 0.0, 1.0, 43.0, 0.0, 1.0, 1.0, 1578.0, 1495.0, 1568.0, 202.0, 264.0, 472.0, 39663.84033380802, 3.4127082682704857, 50755.656429670686, 3.43748029171421, 120987.72498651456, 3.3610992204372128, 14611129.2, 16743777.549999997, 27747067.99999999, 12196027.0, 15534067.0, 14395024.0]
[317.3333333333333, 407.1458333333333, 358.4270833333333, 49.78125, 76.33333333333333, 137.26041666666666, 332.322249018904, 350.3742053461268, 264.3955865859723, 38.60384576560652, 59.09843112472199, 117.53398118185285, 1.0, 2.0, 3.0, 0.0, 0.0, 0.0, 1524.0, 1792.0, 1254.0, 182.0, 297.0, 563.0, 65880.57198635016, 3.3504958593463354, 104319.65546012897, 3.0906324787762407, 52637.16772936752, 3.4314462334174984, 19352505.60000001, 26473056.0, 18215131.200000003, 17830211.0, 16425662.0, 12125445.0]
[219.44, 338.34, 387.54, 36.38, 68.57, 124.75, 168.8378769318919, 267.1447313250768, 289.6660710667936, 40.34367010042242, 58.7093947363029, 128.7964783225179, 3.0, 7.0, 1.0, 0.0, 1.0, 1.0, 828.0, 1067.0, 1328.0, 196.0, 238.0, 536.0, 22353.322248746557, 3.343295812737962, 60311.041230034076, 3.402640872876466, 96556.95524109145, 3.4579230578731, 7637507.999999999, 18512660.000000004, 23325461.999999996, 8824418.0, 15117973.0, 9148375.0]
[204.33, 355.84, 378.99, 63.63, 67.83, 122.46, 163.0321933257541, 333.83101392558757, 287.56917463806894, 50.660018503228706, 51.772629366443724, 112.63487268805585, 5.0, 10.0, 13.0, 0.0, 0.0, 7.0, 673.0, 2123.0, 1270.0, 168.0, 177.0, 484.0, 19783.063258072318, 3.5524529782469916, 164579.2846317707, 3.4629275992322355, 79972.78402914193, 3.4234106719997706, 6806444.999999999, 23695081.999999996, 22550249.0, 8319687.0, 17322477.0, 7782573.0]
[225.08247422680412, 346.659793814433, 374.44329896907215, 60.75257731958763, 60.93814432989691, 108.47422680412372, 191.73971452765795, 379.48443332692455, 250.64367008897332, 53.85242777872907, 45.361468237781786, 93.25324980748047, 2.0, 1.0, 5.0, 0.0, 1.0, 0.0, 834.0, 2463.0, 1170.0, 198.0, 201.0, 415.0, 33443.385674283534, 3.4829503117471985, 81659.34439255796, 3.490580091887466, 61879.70362044262, 3.211056681841637, 8190273.57, 24717144.240000006, 19042158.27, 9370489.0, 17035850.0, 8739705.0]
[276.75, 382.6730769230769, 409.66346153846155, 82.73076923076923, 73.4423076923077, 117.3173076923077, 203.18114496651236, 349.4750971671017, 280.38865573276956, 58.38559982875661, 52.89774472096708, 112.25311762255014, 1.0, 2.0, 45.0, 8.0, 0.0, 1.0, 976.0, 1712.0, 1334.0, 232.0, 209.0, 455.0, 39004.03765272736, 3.437379264108324, 93244.90583241124, 3.373590753106142, 76029.83271027502, 3.6638865653052997, 12706224.960000003, 28921678.239999995, 26573398.800000004, 14062937.0, 19036829.0, 13062929.0]
[344.6354166666667, 374.1041666666667, 424.9166666666667, 86.02083333333333, 67.66666666666667, 133.125, 298.4055213187396, 321.1692611353795, 289.13779875116063, 69.85051394403347, 55.83861457085931, 116.4082878221487, 4.0, 6.0, 7.0, 0.0, 0.0, 0.0, 1299.0, 1814.0, 1273.0, 284.0, 234.0, 499.0, 74171.98878637438, 3.5147131232161604, 73099.50348275536, 3.47551763726688, 93683.07380991252, 3.4620972864009523, 19067154.24, 22305406.080000002, 24264253.439999998, 16923111.0, 17071646.0, 14641238.0]
[391.21505376344084, 292.3333333333333, 406.1290322580645, 100.76344086021506, 74.75268817204301, 119.13978494623656, 328.2295011468269, 299.49396935691277, 326.4764198758049, 76.89538317252332, 64.91610906024229, 108.65437739014571, 6.0, 2.0, 8.0, 0.0, 0.0, 3.0, 1590.0, 1608.0, 1623.0, 307.0, 320.0, 492.0, 67895.584047504, 3.253687951661973, 66688.55058712453, 3.333028247596171, 119090.5072241423, 3.2032458746370316, 22454999.729999997, 15065774.009999998, 23385300.119999997, 14527009.0, 13303454.0, 17899715.0]
[180.03061224489795, 47.92857142857143, 169.21428571428572, 17.683673469387756, 61.244897959183675, 112.87755102040816, 846.8442505090532, 1102.7964103498034, 1355.729059770113, 961.5267026645084, 51.13133709863878, 127.53776601026506, -7875.0, -10695.0, -12945.0, -9346.0, 1.0, 2.0, 1034.0, 496.0, 1060.0, 398.0, 194.0, 515.0, 1682254.1231345227, 3.879484735910377, 2937618.964322635, 3.890051399869056, 4403381.487635177, 3.886203510418104, 71284575.74, 115828780.33999999, 177470360.90000004, 88554671.0, 143167797.0, 110981141.0]
[443.2061855670103, 204.58762886597938, 359.74226804123714, 85.71134020618557, 60.83505154639175, 117.01030927835052, 409.41304373212984, 177.83406079459064, 278.3238999780096, 75.31087775056228, 54.392225319963984, 96.14935158012429, 3.0, 0.0, 22.0, 1.0, 0.0, 0.0, 2222.0, 898.0, 1370.0, 398.0, 268.0, 352.0, 95313.15809026401, 3.3504317605831235, 35799.64271504722, 3.5049712718877934, 79619.6174512008, 3.3075893508477043, 34090945.85000001, 6883155.890000001, 19390075.93, 9393416.0, 7063072.0, 19518510.0]
[402.0882352941176, 311.37254901960785, 471.8235294117647, 140.77450980392157, 79.26470588235294, 124.98039215686275, 368.61399765359147, 230.52329284892974, 399.1604906083109, 120.87764101061859, 55.0506385194376, 124.13103746932525, 2.0, 1.0, 4.0, 3.0, 0.0, 1.0, 2392.0, 1020.0, 1951.0, 538.0, 267.0, 489.0, 130954.50297710554, 3.538943774211714, 50022.045137136156, 3.546031590877836, 118422.57020894875, 3.4140068406069703, 30818635.979999997, 15561560.640000002, 39575202.36, 14601514.0, 16899464.0, 26990145.0]
[266.3191489361702, 304.8829787234043, 356.6489361702128, 51.9468085106383, 63.52127659574468, 130.58510638297872, 229.94666107861488, 237.44843724969454, 315.24746065665465, 36.847948841026344, 59.85173953390577, 131.3342947599601, 4.0, 20.0, 8.0, 0.0, 0.0, 0.0, 1105.0, 1139.0, 1550.0, 207.0, 225.0, 571.0, 39714.261882924846, 3.51164403790984, 54487.95274345855, 3.4560701384495136, 55129.666020898694, 3.3022932501674673, 10889384.879999999, 13142276.299999999, 19927139.9, 9065301.0, 12549965.0, 10774039.0]
[111.14141414141415, 310.55555555555554, 404.34343434343435, 54.666666666666664, 73.33333333333333, 126.06060606060606, 1371.4338988743323, 1349.0700820075288, 282.86872853676016, 40.41392970605203, 63.57704630074073, 110.52027408264247, -13245.0, -12316.0, 2.0, 1.0, 0.0, 0.0, 1212.0, 2556.0, 1369.0, 228.0, 293.0, 590.0, 4457927.362857007, 3.892992950047018, 4025319.7575630043, 3.8863416498009244, 80772.50032347649, 3.351312629815179, 183688877.79000002, 186027988.40999997, 23787036.899999995, 177319334.0, 18132481.0, 10038442.0]
[249.3404255319149, 446.6808510638298, 313.5531914893617, 57.138297872340424, 66.37234042553192, 111.1063829787234, 242.4117422007569, 387.1239476087357, 224.63354229286017, 35.284893067601026, 59.779700233899696, 96.82791165231504, 4.0, 17.0, 8.0, 4.0, 0.0, 0.0, 1319.0, 2094.0, 992.0, 126.0, 234.0, 404.0, 38249.35938813754, 3.4058155818346965, 218797.59694136505, 3.2500163658407892, 47896.89610407792, 3.2411955658353424, 10630499.48, 30731115.439999994, 13098399.92, 10211053.0, 14264244.0, 7886579.0]
[255.1153846153846, 477.53846153846155, 323.4519230769231, 61.38461538461539, 58.95192307692308, 99.88461538461539, 215.00170727216965, 448.05456331816504, 312.1353913296884, 57.328606135192516, 54.84760525393167, 89.12926226601253, 9.0, 4.0, 2.0, 0.0, 0.0, 0.0, 1431.0, 2446.0, 1705.0, 235.0, 217.0, 421.0, 25787.807646281322, 3.567039516620495, 222399.95836391806, 3.281344151737733, 90232.73845257475, 3.3820648947586642, 11991170.879999999, 46169778.720000006, 21752364.4, 14618702.0, 23489662.0, 9795742.0]
[289.3009708737864, 381.6796116504854, 412.19417475728153, 86.7378640776699, 84.05825242718447, 114.14563106796116, 304.5700548845561, 336.9182775640266, 323.1864956122487, 69.81178634758007, 73.32172259814404, 108.96198363550529, 6.0, 3.0, 2.0, 2.0, 2.0, 0.0, 1344.0, 1787.0, 1927.0, 329.0, 370.0, 496.0, 132015.56382095534, 3.613730282019883, 84849.99625039299, 3.6264595143808807, 135549.76817140533, 3.5387273795738485, 18624880.24, 27380892.73, 28998584.98, 14195509.0, 17311190.0, 11971540.0]
[421.8482142857143, 374.6875, 400.42857142857144, 94.625, 70.125, 116.76785714285714, 372.61366147459387, 328.8592631772404, 314.71553620034194, 68.07324155801761, 52.852697733016974, 103.52063659373526, 4.0, 4.0, 1.0, 4.0, 0.0, 0.0, 1941.0, 1338.0, 1270.0, 259.0, 205.0, 429.0, 103768.2243354076, 3.114077068598631, 109133.0270084058, 3.3687910951253786, 105686.51408955037, 3.437414345612108, 39583495.84, 31055623.199999996, 32426813.439999998, 25750178.0, 17898185.0, 19873555.0]
[452.81553398058253, 300.49514563106794, 436.5145631067961, 97.05825242718447, 66.58252427184466, 124.74757281553399, 434.5644596147403, 317.06734837819016, 360.12652635138545, 98.14982796851649, 58.21588023222393, 144.56464178980877, 3.0, 3.0, 12.0, 1.0, 0.0, 0.0, 2194.0, 2517.0, 2119.0, 412.0, 288.0, 623.0, 313587.510735092, 3.145640720698265, 158827.66925836215, 3.4746609061089835, 175605.06732505257, 3.2536812913960262, 41593085.07999998, 20141504.770000003, 33840263.74999999, 18546015.0, 15745960.0, 27965923.0]
[330.68468468468467, 248.018018018018, 378.97297297297297, 142.35135135135135, 80.41441441441441, 125.27027027027027, 273.44532383448274, 219.6875045886763, 285.14852459916585, 139.39933798255797, 64.83145539410333, 136.03288011265687, 1.0, 6.0, 2.0, 3.0, 1.0, 0.0, 1386.0, 1044.0, 1128.0, 666.0, 243.0, 719.0, 96298.22670480373, 3.472008465412183, 38000.153210385055, 3.4140433639491867, 69242.26159487704, 3.4683506864725677, 22603007.7, 13471872.419999998, 27623395.619999997, 9346465.0, 10002316.0, 16291781.0]
[333.12371134020617, 263.91752577319585, 393.5670103092784, 72.19587628865979, 71.58762886597938, 127.61855670103093, 308.1481738321395, 217.6203532005859, 315.1487713239738, 60.78627846384853, 59.63880039058039, 135.0957564176679, 7.0, 1.0, 2.0, 2.0, 1.0, 0.0, 1536.0, 1284.0, 1614.0, 315.0, 216.0, 630.0, 76248.70641951117, 3.3670132116941063, 35628.49673746828, 3.2493587656881537, 70055.75170104095, 3.1736759608715253, 19283536.95, 10963634.520000001, 23822631.58, 11055796.0, 12452285.0, 15606824.0]
