[621.4660194174758, 316.8543689320388, 685.2621359223301, 106.79611650485437, 62.76699029126213, 125.58252427184466, 578.1837657451604, 252.1375444648506, 525.470190217445, 74.81432693129285, 43.79256000099881, 90.97732148694054, 8.0, 1.0, 5.0, 0.0, 0.0, 1.0, 2959.0, 1130.0, 2283.0, 369.0, 166.0, 367.0, 265045.9832418517, 3.3550641142950677, 53854.019939475875, 3.592617907401139, 213345.82948609572, 3.4331582567125434, 76095268.03, 17330100.19999999, 78827241.06000002, 22650747.0, 24000447.0, 53299207.0]
[831.659793814433, 554.2164948453608, 717.5876288659794, 98.83505154639175, 93.58762886597938, 143.2164948453608, 651.7264713595653, 370.12307150246556, 556.1931010707469, 67.98095327804006, 72.14131857237449, 111.93862034653593, 2.0, 3.0, 2.0, 3.0, 3.0, 0.0, 3567.0, 1754.0, 3010.0, 312.0, 339.0, 448.0, 356011.6868805894, 3.3255521068564335, 156907.42442580752, 3.2254245299562814, 342274.85813350853, 3.33096039691475, 104630579.69000001, 41656910.93, 77256695.66000001, 56308981.0, 43414958.0, 70783751.0]
[496.9072164948454, 507.74226804123714, 660.3814432989691, 59.824742268041234, 68.58762886597938, 142.60824742268042, 369.2371664006027, 382.58542832370887, 495.94657901370306, 47.26455029698931, 57.68335847851462, 114.35640164825992, 3.0, 6.0, 9.0, 4.0, 1.0, 1.0, 1500.0, 1972.0, 2249.0, 228.0, 265.0, 450.0, 140101.56904100045, 3.463371098667709, 189128.49170783217, 3.2947972216397163, 332539.78381889476, 3.1920028018323032, 35928016.24, 37886734.330000006, 63937067.910000004, 29329565.0, 39150985.0, 32804406.0]
[250.23232323232324, 544.4242424242424, 593.020202020202, -71.11111111111111, 75.57575757575758, 147.4848484848485, 959.0949371862957, 1441.2812758587415, 1473.4033556929703, 1230.754479808691, 66.45807193016755, 114.37374856113526, -8805.0, -12675.0, -12975.0, -12186.0, 0.0, 4.0, 1106.0, 3154.0, 2920.0, 221.0, 491.0, 431.0, 768326.8378698721, 3.8351494145061364, 1866055.4584706863, 3.7478466760526183, 1964324.3802340205, 3.7334212785884193, 95382133.10999998, 230588786.33999997, 245089877.66999996, 136590339.0, 223765682.0, 138683419.0]
[310.83522727272725, 664.6363636363636, 760.2159090909091, 78.4090909090909, 84.64772727272727, 160.42613636363637, 248.77225639517775, 498.35008192619387, 484.1384559663223, 61.49278914542027, 56.91688973988598, 128.66636900521834, 2.0, 4.0, 4.0, 0.0, 0.0, 0.0, 1210.0, 2377.0, 2487.0, 265.0, 251.0, 510.0, 52774.78770857409, 3.9638095639077937, 225474.11392327887, 3.8759521860261974, 223598.19154202886, 3.7778739524194243, 48989950.24, 213326509.43999997, 251211181.76000005, 33177832.0, 93025261.0, 41816732.0]
[466.2513368983957, 599.9679144385027, 800.144385026738, 107.97860962566845, 100.20320855614973, 183.42245989304814, 294.13959807684046, 407.6439241022182, 507.9623171063214, 81.79576961609153, 66.90782771099849, 157.90676481570242, 6.0, 8.0, 10.0, 0.0, 0.0, 0.0, 1253.0, 2095.0, 2592.0, 334.0, 279.0, 612.0, 85191.44330805878, 4.014922777734217, 161316.12367229036, 4.092734615732507, 294131.630268848, 3.77760499249867, 106111943.85, 183673427.07999998, 313628895.69, 54398860.0, 96747828.0, 77781069.0]
[523.7676767676768, 461.85858585858585, 716.4343434343434, 99.4949494949495, 90.03030303030303, 161.93939393939394, 316.7966845671065, 341.2629607346926, 372.0249651930102, 77.90488362483744, 65.09858372475135, 143.05734672742315, 12.0, 3.0, 67.0, 6.0, 3.0, 0.0, 1388.0, 1417.0, 1802.0, 322.0, 280.0, 552.0, 106056.96731977405, 3.0896879249847604, 98772.86475124779, 3.4649261368757505, 139352.7362856701, 3.532972562520471, 36624276.81, 32205830.580000002, 63734211.09000001, 26276481.0, 32219284.0, 40135048.0]
[621.6770833333334, 343.8854166666667, 805.71875, 147.15625, 89.60416666666667, 165.44791666666666, 413.34536330293474, 260.9287408184229, 573.9757688471562, 119.49369753254771, 71.44559640463528, 154.26183276574156, 16.0, 7.0, 1.0, 2.0, 4.0, 0.0, 2002.0, 1101.0, 3217.0, 495.0, 279.0, 646.0, 131778.65740609786, 3.1907675155857396, 71043.84306238459, 3.4910331318268253, 349885.0559382752, 2.981263295053316, 51200137.92000002, 17107824.959999997, 89874352.32, 21601012.0, 27339279.0, 53489782.0]
[591.1595744680851, 445.6276595744681, 700.8191489361702, 130.31914893617022, 104.1063829787234, 179.09574468085106, 497.58166354538344, 276.38869248623115, 407.53853205954204, 122.03518025869948, 71.84249021073606, 155.5687497400299, 6.0, 10.0, 27.0, 0.0, 1.0, 3.0, 2713.0, 1109.0, 2034.0, 583.0, 278.0, 644.0, 337488.38534599805, 3.425819200682409, 79323.27522256333, 3.480287747051594, 223165.60847767565, 3.3155975847983763, 52523237.89999998, 24224959.020000007, 57917174.099999994, 21703214.0, 29210322.0, 43737602.0]
[523.7894736842105, 592.7157894736843, 793.2736842105263, 63.10526315789474, 88.81052631578947, 163.1263157894737, 393.20109885825224, 358.2224039692201, 452.70171105677184, 43.37772584707563, 61.0399755195083, 144.46918556116987, 12.0, 6.0, 19.0, 1.0, 0.0, 1.0, 1608.0, 1690.0, 1912.0, 193.0, 240.0, 528.0, 168121.6302539486, 3.279474725382574, 122205.42151569125, 3.359190989627715, 220500.2895536893, 3.2701694635682346, 38566990.39999998, 43165178.50000001, 75093841.54999997, 33672981.0, 48480081.0, 40976179.0]
[529.5833333333334, 509.10185185185185, 695.7037037037037, 47.74074074074074, 88.72222222222223, 165.8148148148148, 400.4112401206455, 342.1444450885471, 475.3482591351207, 36.20279598082657, 55.028426525357766, 140.33618834704922, 4.0, 3.0, 15.0, 0.0, 0.0, 0.0, 2234.0, 1726.0, 2184.0, 148.0, 203.0, 527.0, 188801.53635418048, 3.4302840931285004, 133981.6919697391, 3.473884016324096, 220011.79893486758, 3.3038725421391333, 51240318.12, 43759082.519999996, 82565656.56, 36469751.0, 42704878.0, 44917648.0]
[563.9351851851852, 526.6018518518518, 745.0370370370371, 55.47222222222222, 90.97222222222223, 148.5, 401.97603669564126, 419.5195280187348, 550.572496027356, 45.21774077723128, 71.12322574149313, 137.8529285381419, 17.0, 5.0, 10.0, 0.0, 0.0, 0.0, 2076.0, 2354.0, 2915.0, 233.0, 339.0, 523.0, 144864.38680956932, 3.6182037228609425, 216087.79199138042, 3.264370226919133, 286376.72891380504, 3.3877040448708384, 55766922.12, 52683552.36, 99774264.24, 38182270.0, 47524019.0, 49098197.0]
[340.4916666666667, 548.2083333333334, 739.6083333333333, 68.4, 88.975, 145.9, 278.6541483340119, 391.065295668371, 548.3743936036985, 47.30633229949509, 64.18898862347187, 140.57794273353582, 7.0, 8.0, 24.0, 0.0, 1.0, 0.0, 1270.0, 1623.0, 2611.0, 199.0, 246.0, 480.0, 66794.43853664582, 3.768274251146108, 154720.64281540478, 3.1556105129490546, 322463.95579896995, 3.4412480367797853, 27782732.4, 65115361.2, 121712977.19999999, 25221174.0, 53831669.0, 32010711.0]
[283.45, 489.59, 556.83, 60.62, 74.6, 145.04, 207.6293013225175, 416.93610912333924, 363.80367263432373, 46.77147969790258, 53.4850115887289, 100.50558253754923, 0.0, 8.0, 4.0, 0.0, 1.0, 0.0, 924.0, 2317.0, 1899.0, 205.0, 232.0, 394.0, 34316.726996071746, 3.569851146591862, 208711.72179219458, 3.3476217584297614, 125438.07048031205, 3.437670649607168, 12302272.999999996, 41179573.00000001, 44108923.0, 13634396.0, 34441863.0, 16177352.0]
[436.45859872611464, 517.4777070063694, 681.7643312101911, 110.27388535031847, 89.03821656050955, 140.60509554140128, 271.83819872815417, 386.064289617397, 454.7854684456458, 75.41565261805592, 64.46345469854023, 123.30589219819178, 2.0, 27.0, 3.0, 0.0, 1.0, 0.0, 1278.0, 1849.0, 2196.0, 303.0, 325.0, 463.0, 67888.2499231438, 3.8354534739117323, 125569.58934870943, 3.8891246888497726, 213531.65212392324, 3.7536292344006386, 65053995.620000005, 102510132.46, 165225953.76999998, 37898273.0, 61097357.0, 46737390.0]
[455.05882352941177, 353.61764705882354, 736.1862745098039, 134.01960784313727, 80.68627450980392, 154.23529411764707, 330.72473144698665, 310.519910368084, 530.330472915535, 102.21390697964104, 71.05610395142405, 135.10429975133573, 8.0, 10.0, 23.0, 0.0, 0.0, 1.0, 1747.0, 1843.0, 2410.0, 397.0, 261.0, 509.0, 137486.58285470505, 3.287239574049779, 130741.60136546844, 3.4575958434583716, 252884.02546218308, 3.521881735538884, 32812659.48, 22943185.379999995, 85361000.10000001, 19939768.0, 29383474.0, 37790631.0]
[528.71, 304.4, 614.25, 146.03, 83.47, 154.9, 405.91520971102756, 261.4183535170313, 413.7383249291169, 113.5783852498335, 55.11044099869559, 126.64932098140324, 3.0, 2.0, 9.0, 1.0, 7.0, 4.0, 1923.0, 1302.0, 2026.0, 477.0, 231.0, 518.0, 186250.49147572974, 3.460442341228424, 73641.15523697395, 3.5976590778004227, 156096.9290384548, 3.398523431919821, 44265375.00000001, 16031551.999999996, 54677067.00000002, 15808560.0, 21512945.0, 35599648.0]
[551.1185185185185, 383.52592592592595, 627.3333333333334, 104.35555555555555, 88.87407407407407, 151.73333333333332, 491.10709613931033, 283.7883863082267, 511.11227846142555, 81.5304600771884, 63.4632846765338, 137.67684421439873, 26.0, 2.0, 1.0, 2.0, 0.0, 0.0, 2910.0, 1396.0, 2744.0, 408.0, 289.0, 487.0, 164322.42219789667, 3.622748905365567, 62441.0877875662, 3.7560634130926838, 226742.32967260788, 3.503883455998274, 98985667.94999999, 41376476.7, 118981510.2, 31635042.0, 38195023.0, 60205715.0]
[320.04294478527606, 507.60122699386505, 611.4233128834355, 51.63803680981595, 89.0920245398773, 169.3680981595092, 274.224120957168, 448.180140974494, 506.97888644893925, 45.95204452602837, 69.80995452522663, 150.3399833075971, 5.0, 3.0, 3.0, 0.0, 1.0, 0.0, 1469.0, 1983.0, 2911.0, 230.0, 306.0, 554.0, 69685.51778053808, 4.041874281307907, 184659.04373296793, 3.8903514000769492, 275163.2976195296, 3.8860265073388005, 47070972.10999999, 121497948.96999998, 167195848.1999999, 28660919.0, 67122974.0, 39711235.0]
[440.80357142857144, 481.08035714285717, 695.2946428571429, 107.14285714285714, 91.30357142857143, 167.67857142857142, 334.67808492291596, 415.4352572230906, 538.9771199474968, 87.23633191610939, 76.00638181902936, 158.69531202654366, 0.0, 1.0, 18.0, 0.0, 1.0, 2.0, 1636.0, 1904.0, 2567.0, 385.0, 411.0, 633.0, 125328.76613144838, 3.497834091971542, 191953.85308905444, 3.511180182455029, 265900.7124455836, 3.6163271139033326, 38298980.16000001, 50487569.44, 96756545.75999999, 26951835.0, 42812460.0, 38227050.0]
[508.55670103092785, 285.1855670103093, 614.3917525773196, 119.97938144329896, 82.0, 160.659793814433, 504.5404668497894, 264.0542609127631, 439.34818094301716, 109.27831244325992, 60.878978309429606, 159.9715395649813, 9.0, 8.0, 6.0, 0.0, 0.0, 0.0, 2502.0, 1514.0, 2254.0, 444.0, 244.0, 534.0, 244160.37254429344, 3.0912542099635534, 76456.56431776073, 3.3839392807652278, 220442.28311518216, 3.223604567414986, 48039217.02, 14145175.350000003, 53491490.01999999, 14524916.0, 18533193.0, 36930944.0]
[414.8857142857143, 315.1357142857143, 605.7928571428571, 98.27857142857142, 79.60714285714286, 149.85, 335.2536908141685, 254.76509735523308, 448.2837214450702, 88.01553720401535, 64.20433841193831, 137.96495879793213, 16.0, 3.0, 5.0, 1.0, 1.0, 3.0, 1518.0, 1213.0, 2116.0, 403.0, 350.0, 495.0, 87289.07250240032, 3.5698292737036934, 50545.75263392516, 3.778961261780379, 166240.97835222524, 3.686218982826918, 55609584.80000001, 32095424.19999999, 111035541.39999998, 18878480.0, 31089292.0, 37397856.0]
[423.71844660194176, 474.5242718446602, 641.0679611650486, 54.19417475728155, 83.97087378640776, 164.83495145631068, 374.3883225061058, 322.2512673474887, 449.25112550484613, 48.910293686288206, 65.1096294662242, 146.93943644272446, 11.0, 1.0, 9.0, 0.0, 2.0, 0.0, 1626.0, 1681.0, 2501.0, 214.0, 307.0, 549.0, 140069.11370984506, 3.2578169438290856, 110561.65445887142, 3.3610873633870426, 208668.63414362067, 3.239607686970943, 33773019.169999994, 34798681.83999999, 64803508.839999996, 26186473.0, 35450445.0, 31293606.0]
[361.8888888888889, 552.4814814814815, 868.7314814814815, 52.092592592592595, 101.57407407407408, 187.52777777777777, 269.68910218621414, 436.4895751178597, 708.1871499635429, 40.20357938150289, 72.42246304386683, 187.25156542441528, 5.0, 11.0, 1.0, 0.0, 2.0, 1.0, 1248.0, 2184.0, 3111.0, 155.0, 295.0, 635.0, 70057.43631770514, 3.579996092793802, 159666.69754447727, 3.2117322467787175, 480990.8735348088, 3.260731977533318, 23680524.959999993, 57619557.359999985, 145984249.08, 23144946.0, 58420735.0, 36445316.0]
[377.5625, 530.71875, 740.0625, 88.30208333333333, 100.48958333333333, 153.01041666666666, 286.89443547281144, 424.21121112570427, 607.8317948161923, 67.6511360299319, 78.03062756199836, 148.7267713692791, 23.0, 0.0, 4.0, 2.0, 1.0, 0.0, 1326.0, 1776.0, 3034.0, 264.0, 339.0, 571.0, 55686.54158557852, 3.587501621192307, 163848.80404962925, 3.0867362808788976, 290596.9519305006, 3.2000456515768434, 20644252.799999997, 42369915.84, 84170046.71999998, 20022554.0, 47486763.0, 30704479.0]
[425.0558139534884, 429.4186046511628, 772.2790697674419, 144.27441860465117, 100.54883720930232, 161.46976744186045, 320.4404921662965, 390.68224728523097, 616.9190909242428, 106.86787215783599, 79.67484262743805, 158.19255912957587, 1.0, 5.0, 1.0, 1.0, 1.0, 0.0, 1641.0, 2360.0, 3330.0, 502.0, 382.0, 617.0, 109086.48567597815, 4.2052783341209485, 214287.6553668262, 4.024482710663641, 414813.1346837456, 4.0524254430846405, 130759876.05000003, 155465323.95000002, 450801890.70000005, 44759119.0, 79249925.0, 80869279.0]
[514.1544715447154, 299.8617886178862, 772.1869918699186, 177.6260162601626, 97.5040650406504, 167.03252032520325, 404.058164789576, 256.69230560620696, 645.1059177184032, 143.2302055315941, 80.1061154808942, 156.42805579140165, 6.0, 1.0, 3.0, 0.0, 0.0, 0.0, 2113.0, 1933.0, 3850.0, 570.0, 322.0, 631.0, 163263.70370353205, 3.447196604852435, 42496.12775076559, 3.7516632986479115, 361292.5981866525, 3.3616983925879924, 64493486.66999999, 23491151.310000002, 152659320.86999997, 20217533.0, 30819855.0, 57175740.0]
[509.1801801801802, 399.76576576576576, 748.063063063063, 159.44144144144144, 101.38738738738739, 163.56756756756758, 385.2175819219386, 274.7559232533802, 579.8643615580094, 163.23389157250202, 86.76626608529914, 155.42806705831487, 3.0, 10.0, 15.0, 1.0, 0.0, 0.0, 2022.0, 1206.0, 2672.0, 664.0, 382.0, 656.0, 103682.63831724945, 3.31247116985635, 65738.17877619607, 3.5530649768008518, 282795.4551781463, 3.4804645287020204, 50062708.29, 28907947.56, 110003343.21, 24178243.0, 39406963.0, 48337370.0]
[336.14689265536725, 422.045197740113, 555.1242937853108, 32.53107344632768, 71.83050847457628, 158.21468926553672, 349.5757508361756, 352.05364743577076, 445.17007261740537, 29.89584942840245, 65.10869038726344, 136.9290178134756, 2.0, 5.0, 9.0, 0.0, 0.0, 0.0, 2570.0, 2467.0, 2697.0, 181.0, 333.0, 613.0, 61282.710345915446, 4.056319202383931, 83442.11175021503, 3.9662877624715485, 179152.96811025057, 3.8849682564781984, 73468862.64, 94414228.44, 158280290.60999998, 37017250.0, 52325201.0, 40493900.0]
[315.45255474452557, 443.978102189781, 644.6131386861314, 87.42335766423358, 87.32846715328468, 163.47445255474452, 224.61581484061523, 345.6161902856235, 477.54790717752604, 76.08545144110099, 75.24939998676666, 146.99105016232485, 7.0, 4.0, 17.0, 0.0, 0.0, 2.0, 1255.0, 1519.0, 2382.0, 272.0, 327.0, 530.0, 47517.064850079165, 3.6578715691783086, 126626.96059224375, 3.5155415426694905, 206034.22222495286, 3.5044244262982622, 28077356.769999992, 59252832.90999999, 120480742.75999999, 21644742.0, 41343225.0, 31806274.0]
[299.03225806451616, 395.7096774193548, 587.0215053763441, 115.66666666666667, 79.6236559139785, 134.80645161290323, 247.5628796546227, 336.1722055036015, 450.2489885678866, 92.27396982489904, 71.36204599244716, 114.99293532785207, 5.0, 13.0, 4.0, 0.0, 0.0, 0.0, 1342.0, 1562.0, 1991.0, 340.0, 299.0, 419.0, 66604.0570451276, 3.4613294755391415, 147157.45292845464, 3.421564597442842, 205090.97715236305, 3.0890820973428226, 12977709.179999998, 23212421.490000002, 47149034.91, 12745469.0, 23317364.0, 17134218.0]
[455.319018404908, 319.1411042944785, 662.2024539877301, 147.159509202454, 83.2760736196319, 180.8957055214724, 417.7630273034541, 270.56860286360484, 551.4640688686798, 111.11082924299626, 69.3580162922394, 143.86300125324706, 3.0, 1.0, 3.0, 1.0, 0.0, 2.0, 2275.0, 1517.0, 3686.0, 449.0, 343.0, 603.0, 213669.02184844605, 3.677001601691248, 61879.26306331549, 4.081517814791023, 360998.5610596387, 3.8577477122197363, 101166952.45, 46391941.82, 196812255.44999996, 22280061.0, 35828105.0, 69152946.0]
[390.30263157894734, 325.9671052631579, 649.0131578947369, 98.72368421052632, 88.21710526315789, 152.43421052631578, 358.90065845862637, 273.4122961371383, 488.7195052303628, 116.58383547311124, 71.66653072391667, 140.15718097258005, 3.0, 6.0, 12.0, 0.0, 1.0, 0.0, 1650.0, 1295.0, 2406.0, 603.0, 328.0, 554.0, 125663.49325719467, 3.744899244644445, 77248.37200224322, 3.8477668140700105, 227197.4596132791, 3.7437542043012364, 64760141.12, 41706655.28, 152138332.16, 23377259.0, 38669601.0, 46883902.0]
[326.94039735099335, 553.615894039735, 845.5496688741722, 60.00662251655629, 81.96026490066225, 139.7086092715232, 270.4431235777825, 594.7144621404702, 753.5526408397467, 47.5848010312455, 64.81778364972604, 119.41237174340988, 4.0, 3.0, 33.0, 2.0, 0.0, 0.0, 1584.0, 3944.0, 4437.0, 205.0, 257.0, 458.0, 71868.89352897974, 3.86042965706084, 393819.3457544951, 3.795394178075788, 595457.5151504532, 3.8124288952146577, 40938087.16, 149992630.68000007, 291632835.28, 34378542.0, 111808812.0, 47177174.0]
[302.12631578947367, 352.2631578947368, 601.3684210526316, 100.70526315789473, 92.36842105263158, 153.18947368421053, 241.09538335393333, 300.8250078207381, 477.53491690608513, 85.65428703163722, 83.67707083574696, 135.76468179975282, 0.0, 3.0, 41.0, 0.0, 2.0, 0.0, 1049.0, 1421.0, 2360.0, 322.0, 333.0, 454.0, 50463.712132709494, 3.3826477952191656, 81522.5111578058, 3.2937801273251814, 249327.9295812263, 3.3416184387422634, 13428787.7, 19280326.95, 53002305.0, 10672531.0, 23501415.0, 20452969.0]
[398.19, 432.3, 756.83, 131.22, 98.85, 172.22, 323.3242327678974, 362.2744787861795, 498.7588039778892, 96.40000628693554, 69.85430364246528, 147.19873050616388, 2.0, 2.0, 52.0, 0.0, 3.0, 2.0, 1442.0, 1695.0, 2843.0, 331.0, 296.0, 510.0, 86916.86639528027, 3.4969257005681214, 156892.90194123719, 3.4341699921438678, 270674.06210690987, 3.5810251165217615, 26204845.0, 31681365.999999996, 81906439.0, 21271079.0, 38997021.0, 34707220.0]
[464.0842105263158, 405.9578947368421, 633.0526315789474, 130.33684210526314, 74.56842105263158, 146.09473684210528, 453.44177094932195, 486.4125496130344, 521.1108912988051, 87.6508560391152, 55.03995698128479, 115.94717007585923, 6.0, 10.0, 1.0, 0.0, 0.0, 0.0, 2817.0, 3949.0, 2840.0, 325.0, 205.0, 465.0, 169911.53223830485, 3.4210300803006173, 85941.61470413879, 3.4279577173265583, 389470.8836529132, 3.1887394927477852, 37798440.4, 36001490.699999996, 60418196.89999999, 30896030.0, 29382851.0, 36420980.0]
[344.970297029703, 281.48514851485146, 403.36633663366337, 85.99009900990099, -40.65346534653465, 185.97029702970298, 618.5979543361834, 679.5302438282108, 1344.6910628302123, 489.83042974175265, 1309.370959168131, 329.09088274959987, 8.0, -5803.0, -12111.0, 0.0, -13047.0, 0.0, 5872.0, 1386.0, 2644.0, 4950.0, 301.0, 3166.0, 58248.250473570406, 3.4034331798008055, 81007.95486996592, 3.235039156878806, 121463.77355823168, 3.344251476692678, 50788655.980000004, 54720545.58, 199225075.5, -21744965.0, 95758675.0, -52285294.0]
[272.0229007633588, 488.80916030534354, 637.5648854961833, 72.93129770992367, 91.21374045801527, 161.6793893129771, 234.92402914883107, 472.71354335293745, 505.6780383305117, 59.65802426390121, 69.28192212131839, 151.18823047271354, 1.0, 6.0, 1.0, 0.0, 0.0, 0.0, 1136.0, 2884.0, 3182.0, 267.0, 313.0, 539.0, 47666.78530587511, 3.750441175330952, 227902.37074507974, 3.477934276062864, 271800.5610372645, 3.4667441489490303, 22097269.950000003, 79058444.98, 113305034.82999998, 21669188.0, 55630617.0, 25745142.0]
[367.2549019607843, 473.44117647058823, 623.2549019607843, 108.3921568627451, 83.91176470588235, 155.50980392156862, 320.5657031331297, 460.46325303613753, 505.61384487002306, 87.07776845819099, 66.88339238595033, 120.91030511552557, 5.0, 0.0, 3.0, 0.0, 2.0, 1.0, 1844.0, 2707.0, 3006.0, 309.0, 277.0, 488.0, 133170.27529715985, 3.4872227663238746, 232548.04659004475, 3.479852476907278, 348910.10587408475, 3.508275815632717, 24619095.360000003, 45163167.29999999, 66750576.84, 24784501.0, 41409381.0, 32466646.0]
[532.929292929293, 354.3636363636364, 583.89898989899, 131.08080808080808, 90.31313131313131, 148.96969696969697, 605.9786359224167, 329.39172308305126, 569.5511568815323, 105.72496826022723, 75.28187120370721, 151.47448458575283, 8.0, 7.0, 9.0, 3.0, 1.0, 0.0, 3512.0, 1619.0, 3300.0, 399.0, 311.0, 598.0, 328781.6405022409, 3.417122939157829, 86479.67770354894, 3.4574040739259093, 345336.3122309222, 3.39329302413126, 63462900.6, 22834031.22, 64887510.6, 27466962.0, 27191604.0, 51331093.0]
[448.43, 457.13, 693.25, 145.7, 105.46, 195.79, 549.6537432554676, 396.9519894385112, 570.6416621362803, 252.3719597352409, 102.38888236680403, 228.96571553158103, 4.0, 0.0, 22.0, 1.0, 5.0, 1.0, 4154.0, 1933.0, 3367.0, 1463.0, 442.0, 1277.0, 498147.182484224, 3.5686495965356175, 220895.56390322416, 3.5229377148638834, 371450.328645057, 3.3860176723553206, 50018751.0, 36496301.0, 80297115.00000001, 25801888.0, 40498763.0, 43450775.0]
[395.56, 538.75, 658.46, 78.91, 99.67, 188.83, 341.20467864212054, 529.494792088161, 609.0725756625744, 72.61940289459612, 77.11477147601477, 176.89276869380956, 14.0, 10.0, 46.0, 0.0, 0.0, 2.0, 1956.0, 2787.0, 3077.0, 286.0, 316.0, 763.0, 98727.8488550548, 3.6295109210654455, 197944.45042274005, 3.350526142834581, 257272.8675867897, 3.34467093754819, 27172414.0, 56781264.99999999, 80082927.99999999, 28955641.0, 53352541.0, 31282478.0]
[263.1985294117647, 410.41911764705884, 600.3308823529412, 96.31617647058823, 83.02941176470588, 134.9558823529412, 247.2901375833042, 465.56521690023607, 494.1082210916216, 76.24684107174853, 68.8876639148942, 127.96115542802411, 4.0, 1.0, 16.0, 1.0, 0.0, 0.0, 1403.0, 3030.0, 3493.0, 320.0, 315.0, 532.0, 51696.67710154216, 3.759539448352294, 170044.21376731014, 3.5631198416890864, 221854.73993692134, 3.6345212238168627, 24040403.12, 70950853.19999999, 111483702.96000001, 21874271.0, 51446283.0, 28322331.0]
[442.96907216494844, 386.5670103092784, 687.9587628865979, 141.27835051546393, 108.12371134020619, 178.6701030927835, 345.5335383386662, 320.80085032152004, 612.1562116391972, 104.71765036158355, 94.42438087035119, 204.62000969528273, 6.0, 3.0, 15.0, 3.0, 1.0, 0.0, 1577.0, 1670.0, 3496.0, 389.0, 368.0, 797.0, 115961.31361988751, 3.358407621032338, 83751.15830836911, 3.4641815081463436, 300515.4204433211, 3.2733789481152096, 29580406.07999999, 23643525.930000003, 79426942.61999999, 20333689.0, 33561675.0, 37570830.0]
[470.0693069306931, 325.6732673267327, 706.1683168316831, 151.54455445544554, 97.65346534653466, 179.8019801980198, 399.1993551454146, 250.17302448149323, 638.3252316696705, 96.57468868730307, 77.64926730414966, 157.8362455079302, 0.0, 7.0, 5.0, 1.0, 1.0, 0.0, 2060.0, 1199.0, 3203.0, 370.0, 332.0, 644.0, 86640.75313591718, 3.3734902320964375, 62183.96943979635, 3.5295137374165098, 306510.64912567474, 3.2261946593871476, 38636027.930000015, 17140735.25, 92023072.53, 15631246.0, 26246633.0, 45119457.0]
[443.3941605839416, 400.73722627737226, 784.007299270073, 114.31386861313868, 97.83211678832117, 178.5182481751825, 457.8605194377084, 347.83429265690904, 689.8684177217118, 102.50744247189894, 86.52376155639914, 165.07467571258294, 4.0, 6.0, 6.0, 0.0, 0.0, 0.0, 2622.0, 1651.0, 3201.0, 483.0, 382.0, 689.0, 186413.64453170454, 3.7868916805863293, 97931.42100510793, 3.6187041619353604, 382476.7508693784, 3.6466512973275695, 75958977.33, 52683811.690000005, 204040055.39, 29305255.0, 54555219.0, 70224691.0]
[314.6938775510204, 577.9285714285714, 651.530612244898, 90.4795918367347, 102.83673469387755, 191.83673469387756, 274.73448881342233, 557.4128797908253, 584.077300421496, 85.39987561156549, 88.56446122056924, 178.51204550177516, 21.0, 13.0, 2.0, 0.0, 1.0, 10.0, 1311.0, 3515.0, 3432.0, 369.0, 366.0, 818.0, 65692.19821323236, 3.486885820244347, 231493.04934810463, 3.2307347326688367, 268783.7677674039, 3.4044080500113623, 16686093.479999999, 61613506.49999999, 73197591.6, 22200593.0, 55877547.0, 23247161.0]
[474.76683937823833, 409.5077720207254, 714.279792746114, 151.96891191709844, 103.64766839378238, 154.26943005181346, 374.7760755588764, 413.2936571914669, 538.0229185560996, 108.75804121304047, 80.9458422808493, 138.1514113066806, 2.0, 0.0, 2.0, 0.0, 2.0, 0.0, 1788.0, 2673.0, 3058.0, 560.0, 358.0, 570.0, 140608.3082339304, 3.933753440090162, 173056.57595678908, 4.130396567059428, 305321.10928924277, 3.8907853807208688, 136008354.5, 125761276.19, 297308274.34000003, 43754673.0, 64445438.0, 83819611.0]
[521.5445544554456, 305.71287128712873, 650.4752475247525, 175.52475247524754, 99.26732673267327, 169.45544554455446, 509.5573672267427, 242.6480717678862, 491.0469344993288, 142.0158156023058, 79.46167517603803, 143.97003332308256, 13.0, 1.0, 3.0, 0.0, 0.0, 3.0, 2268.0, 1292.0, 2434.0, 695.0, 332.0, 600.0, 242553.75815285405, 3.274195305274496, 55027.51972622338, 3.4672388446293043, 238862.6383953788, 3.3184062847866738, 53972129.52, 15480578.05, 67516108.32000001, 20021883.0, 24152881.0, 45347990.0]
[476.0551724137931, 494.99310344827586, 802.5172413793103, 11.227586206896552, 102.15172413793104, 154.9241379310345, 505.84368165293836, 421.86722003611055, 685.1990597167962, 996.8699677325269, 99.63233320525707, 455.13009560696275, 5.0, 3.0, 4.0, -11855.0, -448.0, -4945.0, 3077.0, 2558.0, 3460.0, 499.0, 359.0, 622.0, 260817.87742076878, 3.8330406756893365, 188572.23994037614, 4.04076316234156, 490132.6897685809, 3.719032366024712, 101075938.80000001, 88675614.19999999, 233439262.75, 42754868.0, 72204414.0, 78845805.0]
