[431.19354838709677, 152.03225806451613, 378.36559139784947, 47.344086021505376, 27.72043010752688, 78.52688172043011, 452.11219889835627, 139.9629183509832, 332.35721958741124, 31.746103706033892, 18.87911521012954, 55.640068334798755, 2.0, 3.0, 20.0, 0.0, 0.0, 3.0, 2301.0, 754.0, 1712.0, 128.0, 77.0, 266.0, 177704.66181620042, 3.029464955314603, 20414.191487615688, 3.2691803373132164, 130772.3835424377, 3.151940754332253, 33569831.49, 3675200.9700000007, 21833024.1, 8496520.0, 6883258.0, 24884239.0]
[497.39784946236557, 159.93548387096774, 276.1182795698925, 46.16129032258065, 30.849462365591396, 71.44086021505376, 587.5505739524442, 162.63935873526333, 218.0623090781307, 35.037337327665504, 23.72209859317529, 57.05098070368279, 7.0, 5.0, 5.0, 0.0, 0.0, 0.0, 3250.0, 1002.0, 1276.0, 128.0, 113.0, 197.0, 245075.13190785254, 3.173322127784801, 13182.04574543135, 3.2834071450987286, 43946.20284093334, 3.449352898812135, 50934678.96000001, 4475554.319999999, 10662588.569999998, 12603173.0, 5018689.0, 19500385.0]
[535.3870967741935, 141.98924731182797, 260.2043010752688, 50.903225806451616, 26.78494623655914, 77.9247311827957, 548.1297655042071, 117.93803592525, 252.260457151273, 35.72572587759507, 17.676962078148367, 53.45218028642614, 0.0, 1.0, 13.0, 0.0, 0.0, 2.0, 2718.0, 684.0, 1789.0, 129.0, 62.0, 211.0, 398253.7217399387, 3.2686414953113476, 17937.566148716323, 3.546757833951799, 27026.864936870257, 3.352298979624054, 50497617.089999996, 2933806.83, 11300555.550000004, 8732903.0, 3433762.0, 20779047.0]
[667.8387096774194, 163.58064516129033, 198.76344086021504, 52.16129032258065, 28.548387096774192, 68.68817204301075, 711.1202015791488, 138.3855140210983, 199.8685110075612, 39.8887829723172, 23.805149300935536, 57.57773167350144, 14.0, 1.0, 3.0, 0.0, 0.0, 0.0, 3652.0, 911.0, 1223.0, 141.0, 100.0, 217.0, 345741.3970927367, 3.0384717700335284, 13265.971980114236, 3.3359553255806036, 78355.86430341532, 3.3104629061310193, 81842281.28999999, 3952874.79, 6834853.649999999, 14297216.0, 3252988.0, 16142319.0]
[683.7765957446809, 193.56382978723406, 298.2659574468085, 57.45744680851064, 31.20212765957447, 85.37234042553192, 713.8819840760001, 192.0462846603435, 262.1627244622327, 39.14534946591956, 29.179304710382958, 58.06466251665627, 10.0, 1.0, 18.0, 2.0, 0.0, 3.0, 3831.0, 1194.0, 1317.0, 167.0, 161.0, 223.0, 666685.8961837739, 3.1343064254487496, 33952.852278739985, 3.3761042583721865, 45299.55629732079, 3.4084744659321253, 85864391.17999999, 6534785.0600000005, 13869048.579999998, 15281056.0, 5450433.0, 28656912.0]
[612.6063829787234, 185.12765957446808, 213.3404255319149, 54.42553191489362, 33.819148936170215, 77.79787234042553, 591.215446021781, 195.97192217377727, 188.32416305725303, 36.72756117296689, 27.037195711761125, 56.363371730617246, 1.0, 8.0, 1.0, 0.0, 0.0, 0.0, 2587.0, 1306.0, 1085.0, 133.0, 100.0, 202.0, 315633.74480210454, 3.0006749610516894, 25436.91828500326, 3.329194825792852, 55781.07427980571, 3.5154889821416995, 63716733.45999999, 6385660.639999999, 7122066.040000001, 14406906.0, 3758984.0, 15840159.0]
[479.9032258064516, 201.10752688172042, 240.5268817204301, 52.913978494623656, 33.41935483870968, 78.83870967741936, 572.5421394120475, 179.1501351408676, 217.58489554543638, 40.24237867731265, 27.651292359390006, 58.5770192219241, 5.0, 0.0, 0.0, 0.0, 0.0, 0.0, 3104.0, 806.0, 1551.0, 161.0, 126.0, 226.0, 361254.6136002748, 3.1454458681642916, 28544.68830161379, 3.5155489441004164, 53036.35976480387, 3.2188268395866473, 47966214.74999999, 6244050.689999999, 9054404.67, 11821967.0, 4494902.0, 14179425.0]
[559.247311827957, 160.09677419354838, 271.8709677419355, 57.623655913978496, 31.698924731182796, 83.0752688172043, 588.5969251924071, 153.07110201501055, 248.82953069042773, 39.473137254972315, 24.136290980792605, 59.10275439751184, 0.0, 1.0, 0.0, 0.0, 0.0, 0.0, 3008.0, 788.0, 1539.0, 161.0, 95.0, 217.0, 427356.9117782876, 2.8937667118442736, 22249.58377624089, 3.395596521039429, 31880.790818072346, 3.346098739483966, 56692349.879999995, 4221559.23, 11690351.1, 11353325.0, 4899051.0, 20348387.0]
[550.4731182795699, 200.43010752688173, 201.80645161290323, 57.483870967741936, 27.247311827956988, 73.90322580645162, 654.7348881234603, 182.04481040866682, 185.15694036848825, 43.40422061806237, 22.335707381162653, 58.71616778236028, 1.0, 2.0, 1.0, 0.0, 0.0, 0.0, 3958.0, 947.0, 1047.0, 156.0, 95.0, 211.0, 262305.4785158797, 2.769240531951558, 23945.501959439323, 3.1668177080858455, 41044.7539976784, 3.3298798492155464, 62885926.68, 6309981.179999999, 6455639.639999999, 16685418.0, 4638915.0, 15888978.0]
[580.3440860215054, 160.43010752688173, 269.7741935483871, 53.666666666666664, 29.161290322580644, 81.38709677419355, 733.3993143103892, 151.20310252808554, 227.62168886077552, 37.916766204679035, 22.94856740938435, 58.762238735962676, 1.0, 2.0, 6.0, 1.0, 0.0, 0.0, 4217.0, 745.0, 1411.0, 145.0, 123.0, 217.0, 395164.48117695365, 3.1494539708576323, 23941.309004454903, 3.429321142146773, 70037.05807206509, 3.2927356952256566, 75150314.69999999, 4182169.0799999996, 10727582.549999995, 13736920.0, 4843687.0, 22333094.0]
[569.1720430107526, 172.10752688172042, 288.60215053763443, 55.623655913978496, 27.78494623655914, 89.73118279569893, 591.675690098376, 161.2472084264994, 235.1700189680051, 36.92498682066664, 20.57903611549215, 61.43716121317467, 17.0, 1.0, 9.0, 0.0, 0.0, 0.0, 3013.0, 828.0, 1507.0, 126.0, 82.0, 206.0, 528616.2107770325, 3.085494052528875, 38227.53382598325, 3.285475498946366, 47765.09380105845, 3.150796478417741, 57971880.14999999, 4786537.019999999, 11935746.48, 14655454.0, 5833567.0, 23867273.0]
[546.5376344086021, 196.5483870967742, 242.4516129032258, 52.54838709677419, 25.365591397849464, 78.21505376344086, 595.4559370975975, 176.92829032082045, 221.71424598426296, 37.39115104831747, 21.25455702863279, 61.99786978499756, 2.0, 2.0, 1.0, 2.0, 0.0, 0.0, 3101.0, 927.0, 1225.0, 151.0, 95.0, 233.0, 206322.3502051543, 3.044542336269915, 17397.145053069355, 3.3386167481915985, 78121.15836547232, 3.4736354788344106, 56171674.5, 6019556.13, 9290013.660000002, 14057667.0, 4284201.0, 17366661.0]
[586.5698924731183, 244.79569892473117, 300.0, 59.12903225806452, 30.172043010752688, 84.82795698924731, 665.9156722603431, 224.28153692933938, 312.3660408531325, 39.06939918035809, 22.302087860885397, 55.506095171751376, 1.0, 5.0, 19.0, 0.0, 0.0, 3.0, 3724.0, 1432.0, 2115.0, 171.0, 95.0, 202.0, 600742.809529606, 3.253687937182003, 84514.00489326194, 3.3328646664519894, 72356.27986360816, 3.377460426949908, 67699157.49000001, 9486764.459999999, 16132406.819999998, 22825319.0, 8643463.0, 27850161.0]
[673.6170212765958, 226.5, 311.52127659574467, 64.25531914893617, 28.127659574468087, 92.37234042553192, 737.9960384889882, 223.86107202881988, 266.265964889559, 44.85219122210118, 23.315154535680207, 69.07468048993127, 4.0, 3.0, 1.0, 0.0, 0.0, 1.0, 4427.0, 1366.0, 1809.0, 170.0, 119.0, 224.0, 472590.5379023416, 3.035760975841053, 31982.305294860475, 3.2635885070945116, 98557.09487981632, 3.3979665828219936, 87706491.32000002, 8914013.420000002, 14772805.94, 23202566.0, 7345696.0, 27836510.0]
[542.8064516129032, 217.0, 285.5376344086022, 52.88172043010753, 25.333333333333332, 82.59139784946237, 613.9816464128528, 176.17660358905184, 247.80460215836368, 36.86958492660477, 18.107969260097544, 56.84805005243283, 8.0, 0.0, 18.0, 4.0, 0.0, 3.0, 3885.0, 1091.0, 1335.0, 158.0, 82.0, 216.0, 465461.2589034068, 3.195973418941707, 38263.31738423275, 3.525108573045057, 76348.29271451195, 3.09502361731273, 57737163.029999994, 6728355.63, 12305673.51, 16761394.0, 7358246.0, 22809229.0]
[607.6989247311828, 211.81720430107526, 273.01075268817203, 54.86021505376344, 28.989247311827956, 85.94623655913979, 654.0161842324407, 213.89330671462469, 251.68499526122866, 38.04705079064989, 24.376349293158835, 59.662522937697304, 32.0, 6.0, 6.0, 0.0, 0.0, 0.0, 3610.0, 1310.0, 1734.0, 153.0, 105.0, 206.0, 341077.10327959736, 2.964577422202739, 30952.856610473456, 3.3494643116003737, 85482.15176738564, 3.356455216875286, 68537774.76, 7794905.669999999, 11866348.02, 20077808.0, 5437561.0, 22412389.0]
[584.2903225806451, 263.0752688172043, 258.98924731182797, 55.17204301075269, 25.43010752688172, 84.24731182795699, 614.1725359596184, 219.72533430147362, 255.86742893043416, 36.20071571953828, 19.66479852618045, 57.562377491533425, 3.0, 0.0, 9.0, 0.0, 0.0, 0.0, 2838.0, 1120.0, 1509.0, 142.0, 82.0, 202.0, 298551.35237867077, 3.0137799657318265, 44727.42934708594, 3.4117147239812278, 77219.90815872964, 3.192192430715881, 61801177.47000001, 10116621.839999998, 11402808.120000001, 22687958.0, 8058470.0, 22665072.0]
[556.8924731182796, 259.68817204301075, 284.0860215053763, 51.88172043010753, 28.752688172043012, 75.6989247311828, 573.7498974588444, 274.1453112975031, 267.6775175270316, 35.10012060624813, 22.788563070663745, 53.24691967947975, 10.0, 1.0, 5.0, 0.0, 0.0, 2.0, 3610.0, 1991.0, 1665.0, 155.0, 116.0, 206.0, 472708.25123571465, 3.1522749107949006, 121959.00262498406, 3.479743919331213, 39466.56556564484, 3.340840454947657, 54988482.92999999, 12263025.569999998, 13110645.239999996, 23402557.0, 9076570.0, 24353308.0]
[574.2150537634409, 275.68817204301075, 217.20430107526883, 53.526881720430104, 23.849462365591396, 77.95698924731182, 618.4678623238582, 291.31616540821074, 232.42453469701897, 38.520347925493546, 20.798174165557196, 58.452491667517364, 8.0, 7.0, 4.0, 0.0, 0.0, 1.0, 2885.0, 1644.0, 1272.0, 158.0, 89.0, 215.0, 287220.40121494164, 2.9238952938430636, 49474.84756701607, 3.345701953661921, 93212.43592769366, 3.280657727993137, 61244649.66000001, 13834641.870000001, 8702450.82, 28339482.0, 7150283.0, 17612552.0]
[538.1914893617021, 260.6489361702128, 263.1170212765957, 55.46808510638298, 24.98936170212766, 87.07446808510639, 604.1804593444512, 243.45981574086622, 231.85854309952884, 34.76269850064063, 20.70867808372354, 59.98176055415838, 11.0, 9.0, 21.0, 0.0, 0.0, 1.0, 3258.0, 1324.0, 1590.0, 148.0, 81.0, 207.0, 482783.0912929292, 3.1538757878357075, 84487.28358264822, 3.3532063398433394, 45684.88937557803, 3.373220070941972, 57504755.68, 11184607.86, 10816770.819999998, 23338398.0, 8049102.0, 20054600.0]
