[57.61290322580645, 118.35483870967742, 284.31182795698925, 37.83870967741935, 46.58064516129032, 25.989247311827956, 1345.3075212709618, 1236.1668809280998, 168.16794003088384, 44.70222500117976, 33.98379491714466, 19.484941021240367, -12705.0, -11556.0, 6.0, 1.0, 0.0, 0.0, 582.0, 1149.0, 613.0, 420.0, 140.0, 86.0, 102926.6099761398, 3.4107342113039962, 93994.21669203683, 3.3603486729292693, 23809.046339508932, 3.3861061814204514, 155138046.72000003, 131956508.66999999, 9410940.629999997, 151699166.0, 4824768.0, 2704693.0]
[199.68817204301075, 243.63440860215053, 266.38709677419354, 38.354838709677416, 41.946236559139784, 21.268817204301076, 153.88172889922166, 172.98107366604393, 172.5796622771555, 22.405669488891462, 29.903237279816324, 15.639373239516926, 6.0, 0.0, 0.0, 0.0, 0.0, 1.0, 722.0, 818.0, 670.0, 85.0, 125.0, 57.0, 14845.155101916316, 3.40648988901649, 34168.573928873586, 3.405631785312074, 26015.61007609368, 3.295847931720394, 5474845.829999999, 7694014.619999999, 8685807.54, 5193605.0, 5306945.0, 5042613.0]
[187.1290322580645, 241.70967741935485, 258.61290322580646, 36.86021505376344, 42.516129032258064, 18.827956989247312, 148.59839558254143, 181.18466322494925, 180.17624416701508, 19.215364888009184, 35.51901294384331, 17.726560553068616, 0.0, 7.0, 2.0, 0.0, 0.0, 0.0, 665.0, 981.0, 866.0, 81.0, 170.0, 83.0, 20487.360709794568, 3.3856343727646454, 17783.81829804643, 3.414620552406369, 37972.889424307345, 3.0616915869619317, 4917935.790000001, 7861808.010000001, 8562081.269999998, 4477688.0, 5436307.0, 4399375.0]
[186.63440860215053, 223.7741935483871, 224.3763440860215, 27.236559139784948, 42.88172043010753, 12.666666666666666, 134.33910571727873, 162.36446716062426, 142.15422686970584, 14.647597999748127, 29.499023367166636, 11.1845519757633, 2.0, 1.0, 8.0, 0.0, 0.0, 0.0, 621.0, 782.0, 587.0, 56.0, 127.0, 58.0, 22800.237795685967, 3.261046032263348, 29813.650643257733, 3.294809928181325, 19890.753809209647, 3.477251950885011, 4556755.410000002, 6586528.7700000005, 6083298.329999999, 3841303.0, 4145406.0, 3799018.0]
[145.3763440860215, 219.72043010752688, 205.3763440860215, 31.795698924731184, 34.87096774193548, 16.688172043010752, 117.35999188473329, 134.3352688960655, 160.10919602479555, 18.17102276307513, 23.890249878782917, 11.048291717868558, 2.0, 4.0, 2.0, 0.0, 0.0, 0.0, 555.0, 833.0, 740.0, 74.0, 105.0, 53.0, 16077.013177345912, 3.328495368786911, 12937.421109690975, 3.4935171861544814, 19422.45844051155, 3.497030688527268, 3006353.34, 5719496.280000002, 5841426.72, 3026660.0, 3965759.0, 2433048.0]
[220.8709677419355, 254.18279569892474, 256.93548387096774, 36.11827956989247, 45.204301075268816, 20.182795698924732, 204.0567496623156, 178.05158914327876, 172.87830643520496, 21.430803441270758, 40.42049607610974, 15.833334563617973, 3.0, 3.0, 11.0, 0.0, 0.0, 0.0, 1179.0, 753.0, 747.0, 93.0, 176.0, 66.0, 17033.44847868192, 3.2545937569378975, 32900.82054452584, 3.234718609596924, 24389.282231371562, 3.477074942931431, 7781973.090000001, 8300477.850000002, 8266834.169999999, 6052759.0, 6255004.0, 5852119.0]
[235.48387096774192, 277.8817204301075, 271.89247311827955, 34.913978494623656, 54.73118279569893, 20.580645161290324, 192.37975425112253, 216.82064564892488, 180.02273179926303, 20.684827412538134, 35.83025797603565, 18.833551571507535, 10.0, 4.0, 7.0, 0.0, 0.0, 0.0, 912.0, 1305.0, 722.0, 85.0, 144.0, 91.0, 32727.008361598582, 3.309091771095494, 57970.10380797079, 3.3927339934773855, 28956.285611259627, 3.315215981976973, 7962673.02, 10700884.11, 9166662.18, 5922796.0, 7253690.0, 5775398.0]
[207.72043010752688, 250.8279569892473, 179.8279569892473, 30.666666666666668, 41.41935483870968, 17.526881720430108, 151.71292725231152, 178.57032615701922, 147.9769094543142, 18.932565303875414, 32.59445224222286, 14.548712327489048, 1.0, 3.0, 1.0, 0.0, 0.0, 0.0, 618.0, 772.0, 739.0, 85.0, 128.0, 70.0, 19658.303397089854, 3.257600197209181, 35261.47034503492, 3.382710116522725, 22496.09122362056, 3.342236661394641, 5701169.699999999, 8169771.930000002, 4670443.260000001, 4641618.0, 3849869.0, 3428610.0]
[193.13978494623655, 266.39784946236557, 211.90322580645162, 31.849462365591396, 39.946236559139784, 16.559139784946236, 132.3698369192929, 190.1544646599378, 156.91011443249985, 20.385921312299963, 34.61225140956716, 12.551166900186402, 10.0, 7.0, 5.0, 0.0, 0.0, 0.0, 667.0, 812.0, 780.0, 74.0, 150.0, 55.0, 18030.20512021135, 3.4707771156289957, 39076.19552835316, 3.208316329813517, 28635.656805291652, 3.2644113920306297, 4725497.399999999, 9231746.370000001, 5990212.770000001, 4982946.0, 5769321.0, 3853432.0]
[225.10638297872342, 257.43617021276594, 210.63829787234042, 37.52127659574468, 41.765957446808514, 18.648936170212767, 174.76598596778666, 155.86950418077973, 152.2962485903905, 22.567808800406485, 34.13868789861482, 16.443260178800003, 0.0, 6.0, 3.0, 0.0, 1.0, 0.0, 977.0, 714.0, 711.0, 80.0, 184.0, 72.0, 49078.748388585394, 3.2500218999842723, 19203.682106447144, 3.3453445006290257, 30168.460312506657, 3.282987318800468, 7147538.160000001, 7979811.34, 5948032.36, 5472285.0, 5090681.0, 5219548.0]
[135.13978494623655, 225.06451612903226, 211.79569892473117, 41.02150537634409, 33.82795698924731, 23.010752688172044, 128.1075967097028, 161.5414744464697, 153.68386234903477, 20.760528232485285, 23.582705368974718, 16.783464056375557, 2.0, 0.0, 1.0, 0.0, 1.0, 1.0, 552.0, 760.0, 593.0, 93.0, 96.0, 87.0, 20998.819242651713, 3.316036763292295, 31654.27150895977, 3.294562762944463, 27286.896494893175, 3.214699897495417, 2983718.9999999995, 6613811.249999998, 5900536.590000001, 3188491.0, 4036094.0, 2632217.0]
[172.0, 259.4301075268817, 228.67741935483872, 42.365591397849464, 44.494623655913976, 20.817204301075268, 148.6516938583497, 164.55727150576814, 177.3365236964629, 21.65680179640154, 37.521189276111464, 16.543714317028677, 3.0, 5.0, 1.0, 1.0, 0.0, 0.0, 777.0, 800.0, 734.0, 85.0, 173.0, 74.0, 32289.9786678509, 3.4400892087308113, 31950.744988553477, 3.2561926901780334, 26828.001045479443, 3.4958325910634676, 4449367.380000002, 8138008.710000002, 7213564.529999999, 3987078.0, 5290600.0, 3703960.0]
[183.0752688172043, 215.01075268817203, 236.11827956989248, 39.53763440860215, 40.064516129032256, 17.612903225806452, 151.6568091161279, 142.8187886969431, 198.1774484528167, 24.020624806242687, 36.05726316859027, 15.26151187597523, 1.0, 13.0, 9.0, 0.0, 0.0, 0.0, 789.0, 739.0, 968.0, 90.0, 177.0, 75.0, 31745.31277840285, 3.2602083743543835, 25523.835300934297, 3.4945922608900224, 55850.11317036115, 3.25001517653708, 4866708.6, 5743585.140000001, 8182286.01, 3711608.0, 4861573.0, 4596404.0]
[220.31182795698925, 278.9569892473118, 234.31182795698925, 38.333333333333336, 40.193548387096776, 32.58064516129032, 165.33786084301443, 197.65769235564446, 189.95434110965945, 22.37833450175557, 30.275279794246593, 26.672866273263857, 5.0, 10.0, 6.0, 1.0, 0.0, 0.0, 704.0, 832.0, 868.0, 82.0, 142.0, 103.0, 31807.137081290777, 3.477399452806677, 42835.25985427527, 3.417274405119041, 22142.71870812243, 3.5635885099885862, 6536911.41, 10073098.769999998, 7835708.490000001, 6152319.0, 5723671.0, 5412126.0]
[249.8709677419355, 243.63440860215053, 260.6236559139785, 43.0, 49.645161290322584, 22.516129032258064, 232.85058774498236, 186.51954000366572, 189.03461346136854, 22.60386654111848, 43.98904141233219, 22.664669356217132, 3.0, 5.0, 8.0, 1.0, 1.0, 0.0, 1616.0, 1036.0, 908.0, 129.0, 234.0, 93.0, 57800.857092158636, 3.3453084468527887, 28979.598519846164, 3.404126673968422, 25572.495839250925, 3.353351417578397, 10039057.979999999, 8110442.58, 8932214.760000004, 5867118.0, 6044098.0, 6508181.0]
[370.80645161290323, -36.02150537634409, 288.01075268817203, -170.88172043010752, -335.5376344086022, -233.7741935483871, 1047.874580302853, 1715.940779981074, 1567.5895820364492, 1251.1549347065238, 2094.719274328226, 1630.6945781331572, 2.0, -11249.0, -9436.0, -9195.0, -13305.0, -13095.0, 9452.0, 660.0, 11250.0, 95.0, 140.0, 92.0, 2667999.934874974, 3.7083109490756394, 7139512.869265738, 3.4229072796904045, 6004962.88291813, 3.5865233254523217, 105840551.85, 252039603.17999995, 217424124.32999992, -119086998.0, -127204672.0, 75042097.0]
[209.61290322580646, 279.9462365591398, 263.98924731182797, 44.483870967741936, 41.956989247311824, 23.193548387096776, 179.5632401773854, 191.0803590111056, 197.95226118741334, 25.62039477312939, 44.06884781065394, 19.618235784992695, 9.0, 3.0, 6.0, 0.0, 0.0, 0.0, 985.0, 786.0, 744.0, 108.0, 231.0, 85.0, 29734.048959521988, 3.4013372803983644, 34713.34748224931, 2.792119434486352, 33370.249137861116, 3.4868757669374535, 6558867.78, 9902153.609999998, 9380192.969999997, 5841185.0, 6104922.0, 5326808.0]
[188.1720430107527, 262.1290322580645, 222.91397849462365, 46.516129032258064, 38.72043010752688, 26.086021505376344, 154.12866051620597, 149.99334954869133, 157.94610087222375, 25.167963117054796, 29.213370074630976, 25.903103689300686, 1.0, 4.0, 2.0, 0.0, 2.0, 0.0, 592.0, 716.0, 786.0, 96.0, 119.0, 121.0, 25611.14071766328, 3.483124260770042, 28818.38385082799, 3.4671597487771266, 38385.33408133679, 3.3475602646480977, 5095032.9, 7867798.14, 6432206.43, 4691774.0, 5227308.0, 3881752.0]
[168.03225806451613, 219.40860215053763, 202.9247311827957, 36.83870967741935, 34.87096774193548, 26.21505376344086, 126.51967123327566, 122.78234866050575, 145.4810040310911, 20.503069930569914, 31.4867901240213, 21.318418991855268, 3.0, 1.0, 0.0, 0.0, 0.0, 0.0, 498.0, 558.0, 707.0, 76.0, 166.0, 97.0, 13331.648125214444, 3.453014538660239, 17673.303798850808, 3.3306911358942637, 24697.496102363235, 3.515773516923981, 3811609.6500000004, 5453500.47, 5372377.5, 3484484.0, 4029154.0, 3517792.0]
[185.29032258064515, 194.0, 147.44086021505376, 8.279569892473118, -2.2688172043010755, 115.78494623655914, 394.28798183906247, 476.7650273503163, 741.7905842763112, 331.70273378405096, 425.761929286905, 884.3518118725293, -3132.0, -4049.0, -6748.0, -3148.0, -4048.0, 0.0, 1073.0, 733.0, 846.0, 88.0, 145.0, 8550.0, 187069.53854072202, 3.7322499688964794, 299044.2668488714, 3.749651070458089, 727759.591963264, 3.8105557696437122, 16270833.599999998, 22703344.14, 48959859.3, 17946586.0, 32031288.0, 25681534.0]
[195.32978723404256, 242.85106382978722, 239.98936170212767, 46.276595744680854, 43.819148936170215, 20.97872340425532, 189.3858999587352, 169.51727526054478, 171.12942311450175, 26.18601952175932, 37.71824314485722, 18.0346015832554, 9.0, 4.0, 2.0, 0.0, 1.0, 0.0, 960.0, 672.0, 706.0, 106.0, 198.0, 92.0, 20312.64341263718, 3.3130298426540694, 27876.054167354483, 3.264907026298218, 34821.048928245276, 3.217943581343133, 6506758.02, 7723286.279999998, 7649203.94, 4746914.0, 5500947.0, 4338724.0]
[198.4731182795699, 237.66666666666666, 196.6451612903226, 43.096774193548384, 40.215053763440864, 30.333333333333332, 178.443121579633, 153.5347527104371, 162.36617534083467, 22.613993607330183, 38.490498393410874, 22.70669951574977, 1.0, 3.0, 2.0, 0.0, 0.0, 2.0, 820.0, 689.0, 1088.0, 94.0, 170.0, 118.0, 47285.10758420141, 3.2924818352801837, 27942.136453487547, 3.5353278612272896, 44363.833725258984, 3.458171005394331, 6131374.680000001, 6902325.150000001, 5600108.459999999, 4978687.0, 4640771.0, 3846021.0]
[127.38709677419355, 464.5806451612903, 157.6236559139785, -34.55913978494624, 18.50537634408602, -78.3763440860215, 589.3289668224742, 1636.5180515654508, 1408.8155826636978, 567.8118844638445, 1532.670074424368, 1306.5335227065757, -4038.0, 1.0, -10345.0, -4949.0, -11250.0, -12150.0, 1141.0, 13058.0, 8551.0, 92.0, 9452.0, 3152.0, 517148.3484633942, 3.5266558178596568, 4413366.704770114, 3.5992999439962787, 3250724.6176727973, 3.560191871859878, 31119240.569999993, 247813634.81999996, 171965043.57, -74130083.0, 17704489.0, 18644582.0]
[208.56989247311827, 242.70967741935485, 214.43010752688173, 44.215053763440864, 42.75268817204301, 21.193548387096776, 184.13596098307963, 158.93720257337907, 161.22758677055822, 23.040535858788562, 33.60954054314447, 21.55390515636276, 6.0, 7.0, 2.0, 0.0, 1.0, 0.0, 843.0, 1112.0, 700.0, 90.0, 135.0, 106.0, 24195.649128043664, 3.501233669133565, 18098.799418364873, 3.1586696125343594, 29821.973506245176, 3.2004584460306993, 6663437.909999999, 7256285.939999999, 6200908.920000001, 4926317.0, 4628490.0, 4408754.0]
[201.5744680851064, 241.53191489361703, 226.20212765957447, 41.38297872340426, 42.234042553191486, 25.79787234042553, 146.17131570407466, 159.37773499252495, 212.5591419173231, 25.988461617963452, 28.150679638815152, 19.854622054568665, 8.0, 3.0, 5.0, 0.0, 1.0, 0.0, 665.0, 912.0, 1559.0, 95.0, 121.0, 81.0, 25217.993884684434, 3.4108590178765636, 23594.218069611343, 3.4986458294784955, 63334.10851848733, 3.570104061787534, 5458087.4399999995, 7375294.52, 8470908.700000001, 4734077.0, 5456417.0, 4979565.0]
[206.59574468085106, 279.5744680851064, 209.4787234042553, 43.638297872340424, 46.787234042553195, 21.670212765957448, 153.36339016878551, 139.11552322971534, 149.64292472009123, 25.402925521061498, 30.97965768236761, 16.297231309070284, 3.0, 25.0, 0.0, 0.0, 0.0, 0.0, 677.0, 679.0, 700.0, 107.0, 139.0, 65.0, 25924.064142222203, 3.4089071082620532, 19996.362418455115, 3.513234116403956, 22900.86273774088, 3.383947037783697, 5827511.199999999, 8598234.52, 5834951.300000001, 5264627.0, 5013993.0, 3947404.0]
[119.59139784946237, 229.3763440860215, 202.9784946236559, -130.63440860215053, 174.09677419354838, 214.18279569892474, 576.4896815804052, 1104.047168514045, 766.1228897123408, 1189.8641207128235, 1024.993892500533, 1270.8387674068936, -4050.0, -8550.0, -5843.0, -8550.0, 0.0, 0.0, 728.0, 5853.0, 4053.0, 94.0, 9450.0, 10351.0, 588688.0274813893, 3.5712082020712295, 2241246.894115089, 3.59429241650831, 1061870.2674734292, 3.559937690163691, 29672029.439999998, 108841350.29999997, 53782364.07, 21402414.0, 79126555.0, 14918746.0]
[185.0215053763441, 232.9247311827957, 206.1290322580645, 42.16129032258065, 41.8494623655914, 18.161290322580644, 149.42032765022475, 175.23755532066724, 168.64532024124085, 23.292698203971955, 33.02829690503187, 16.97267005369966, 1.0, 1.0, 1.0, 0.0, 0.0, 0.0, 824.0, 986.0, 705.0, 93.0, 118.0, 78.0, 21599.807895161026, 3.3979172123970955, 32150.686778838535, 3.520715348667499, 29342.908409751682, 3.291182920035312, 4871058.210000001, 7319816.099999999, 6108321.84, 4374464.0, 4706727.0, 3657071.0]
[258.2903225806452, 234.89247311827958, 433.0752688172043, -189.6236559139785, -123.3225806451613, 59.903225806451616, 879.651222640136, 1722.8337908576646, 2201.49270622852, 1248.684237194065, 1291.6934213700476, 1742.0743324162129, -3146.0, -13037.0, -10348.0, -8548.0, -9447.0, -8550.0, 7663.0, 9455.0, 13063.0, 94.0, 4053.0, 11250.0, 27070.872322498533, 3.0108983198478487, 43281.527035090454, 3.4732295575765306, 85319.26492546257, 2.5424492023164986, 71975237.96999998, 258727490.79, 430894102.56, 72470072.0, -15669454.0, 49830468.0]
[200.8279569892473, 246.56989247311827, 203.68817204301075, 38.946236559139784, 43.53763440860215, 22.827956989247312, 130.87378782760877, 196.28159661731024, 148.13389789783048, 25.61053009968575, 37.01220689935339, 22.66227647718924, 4.0, 1.0, 0.0, 1.0, 0.0, 0.0, 609.0, 1029.0, 646.0, 100.0, 165.0, 100.0, 14578.941416502628, 3.5653372657363134, 43107.66368107336, 3.2806725313319975, 20106.86623378628, 3.553953050536699, 4953770.55, 8554631.969999999, 5465871.330000001, 4661417.0, 4559656.0, 3690350.0]
[179.72043010752688, 232.46236559139786, 192.2688172043011, 39.26881720430107, 41.02150537634409, 23.021505376344088, 135.4402134740637, 161.80749157293602, 149.49183050129952, 23.061892049225612, 30.28953704220236, 20.04016537217177, 1.0, 2.0, 0.0, 0.0, 0.0, 0.0, 520.0, 748.0, 554.0, 91.0, 131.0, 72.0, 19580.64323996912, 3.253336248718961, 33830.00456819839, 3.435058732034567, 16653.713123093206, 3.3495117206021865, 4363095.0, 6913914.81, 5109380.01, 3883074.0, 4213352.0, 3427917.0]
[222.91397849462365, 229.8494623655914, 217.21505376344086, 44.45161290322581, 45.666666666666664, 18.591397849462364, 164.94792695522312, 167.94628710682673, 173.77770967421753, 21.639595415847563, 36.77970060796572, 19.838059906423933, 5.0, 1.0, 1.0, 0.0, 0.0, 0.0, 711.0, 776.0, 771.0, 82.0, 175.0, 77.0, 37810.83573579765, 3.300858613540874, 24648.24564826779, 3.37247407142293, 36205.509299430945, 3.4428540828140783, 6625644.569999999, 6982635.299999999, 6664604.13, 4996743.0, 4172776.0, 4194546.0]
[166.98924731182797, 231.41935483870967, 213.78494623655914, 36.204301075268816, 33.053763440860216, 27.78494623655914, 138.3277059411781, 151.4765244102377, 159.7535363602842, 18.32529680629493, 28.333558836382274, 20.07423692976387, 3.0, 0.0, 0.0, 3.0, 0.0, 0.0, 735.0, 716.0, 806.0, 92.0, 130.0, 80.0, 22249.89364332132, 3.356765256660407, 23273.17161589242, 3.266702126592325, 25794.39399685731, 3.6378415906494306, 4048961.46, 6595150.800000002, 6136532.46, 3546754.0, 4813420.0, 2965143.0]
[256.8085106382979, 173.04255319148936, 188.59574468085106, -8.24468085106383, 49.09574468085106, -88.57446808510639, 600.4076621654701, 556.2367005034454, 221.33579408929415, 421.69766181727294, 54.42960712916443, 1069.918894417439, 2.0, -4944.0, -1339.0, -4048.0, 0.0, -10350.0, 5852.0, 720.0, 788.0, 77.0, 451.0, 91.0, 914995.6119288047, 3.8343576752584503, 770389.671716735, 3.810711695722829, 96315.41506387982, 3.537572837865398, 37341375.92, 29693511.48, 7425484.88, -24478161.0, 11119394.0, -4185773.0]
[185.40860215053763, 265.9569892473118, 201.04301075268816, 38.666666666666664, 34.903225806451616, 21.376344086021504, 145.1012567409648, 211.97148669914438, 147.0900281828678, 22.18172638698905, 29.297597659390107, 21.11403509027494, 1.0, 2.0, 1.0, 0.0, 0.0, 0.0, 746.0, 1243.0, 608.0, 88.0, 123.0, 85.0, 17990.070349079775, 3.4569742828291865, 39650.401351897104, 3.4465956423575226, 24914.683338363462, 3.2237168107468848, 4774622.79, 9962081.879999997, 5346909.449999999, 5638888.0, 5436028.0, 3468225.0]
[172.5268817204301, 235.4516129032258, 230.8279569892473, 32.96774193548387, 33.935483870967744, 19.06451612903226, 128.10471187392395, 140.3061494305308, 189.05408839891817, 20.608383484536635, 23.798431831609385, 21.567793245249867, 0.0, 5.0, 8.0, 0.0, 0.0, 0.0, 597.0, 544.0, 1224.0, 75.0, 99.0, 85.0, 14861.787547200938, 3.321767409794104, 20179.827666230976, 3.308689096664278, 18698.011430324885, 3.434849575028817, 3978529.77, 6479104.469999998, 7666359.21, 3774485.0, 5345282.0, 4064507.0]
[195.8404255319149, 245.2127659574468, 197.41489361702128, 39.4468085106383, 38.138297872340424, 21.4468085106383, 143.77755393270098, 157.77150159961843, 146.58421995302177, 23.738094705399327, 32.903116518674956, 19.677844657127324, 1.0, 2.0, 0.0, 1.0, 1.0, 0.0, 728.0, 769.0, 812.0, 94.0, 185.0, 84.0, 18282.28920557569, 3.5140045352962526, 22685.527431914277, 3.370704084517312, 26527.299064113784, 3.3586174804711284, 5196057.740000001, 7489070.240000003, 5322010.22, 4671173.0, 4409314.0, 3718427.0]
[204.3763440860215, 211.59139784946237, 177.2688172043011, 35.30107526881721, 45.87096774193548, 26.182795698924732, 164.94754857875637, 155.75658521629887, 131.48938953597096, 18.90582205371884, 39.25978853473903, 22.399022803102245, 2.0, 0.0, 0.0, 0.0, 0.0, 0.0, 830.0, 812.0, 652.0, 73.0, 180.0, 74.0, 16418.26011915748, 3.341886480351906, 32849.582630381345, 3.255607650339284, 12799.225485604333, 3.486912827795206, 5940550.770000001, 5947932.180000001, 4197168.12, 3679672.0, 3360461.0, 3530959.0]
[183.2688172043011, 210.8279569892473, 211.79569892473117, 39.60215053763441, 43.12903225806452, 20.483870967741936, 145.51670603217818, 135.34791108841736, 148.36453044559926, 23.01896183628989, 32.227865948872775, 20.784407252859896, 0.0, 6.0, 2.0, 2.0, 2.0, 0.0, 830.0, 567.0, 677.0, 92.0, 165.0, 95.0, 10727.10998149495, 3.26283710901943, 15920.795179486791, 3.3224483362504142, 20403.433253286526, 3.371606305649608, 4716721.919999999, 5411723.010000001, 5763067.710000001, 4061149.0, 4156135.0, 3156130.0]
[267.0421052631579, 202.62105263157895, 252.16842105263157, 35.38947368421053, 32.36842105263158, 50.48421052631579, 704.6434123965246, 1780.6001927329398, 1432.5387422085073, 1509.8737533157691, 1247.461243610923, 559.4637413984302, 3.0, -12150.0, -6745.0, -10350.0, -8550.0, -2250.0, 4954.0, 12160.0, 12151.0, 10350.0, 8550.0, 4951.0, 221321.84344392052, 3.458300431318303, 1325060.08482095, 3.5526479340519934, 885002.2739554333, 3.6488413832637625, 50775306.45, 286834198.25000006, 188997434.6, 3228663.0, 233505590.0, 30122132.0]
[221.09677419354838, 247.67741935483872, 240.44086021505376, 37.11827956989247, 37.72043010752688, 24.913978494623656, 214.64607190706573, 182.11690949415615, 225.03774863852385, 23.235022975244107, 34.490504550685, 23.66048619165759, 11.0, 0.0, 1.0, 0.0, 0.0, 0.0, 1320.0, 824.0, 908.0, 91.0, 185.0, 109.0, 29151.954793242243, 3.325135854706652, 47294.411411989204, 3.209104865373427, 32724.376718678286, 3.3645722285834996, 8169958.8599999985, 8143383.179999998, 9333071.73, 5021391.0, 5930204.0, 5499030.0]
[193.95698924731184, 215.09677419354838, 199.44086021505376, 35.376344086021504, 45.12903225806452, 23.27956989247312, 141.54956989925094, 167.3870848815202, 146.59634481219328, 22.347995717199563, 33.54141690457246, 20.00671930138225, 2.0, 20.0, 3.0, 0.0, 0.0, 0.0, 513.0, 922.0, 664.0, 86.0, 184.0, 93.0, 18842.529873056294, 3.2928164193938545, 21738.549547882078, 3.417980016749601, 18917.82105824642, 3.409847115780509, 4967998.619999999, 6398857.56, 5279009.22, 4053453.0, 3993056.0, 3494963.0]
[227.01075268817203, 242.1290322580645, 216.18279569892474, 36.17204301075269, 45.43010752688172, 22.096774193548388, 167.91085203449194, 174.46983206313993, 163.2170431635607, 22.456539502624008, 34.70853730632903, 19.617574483393728, 2.0, 2.0, 6.0, 0.0, 0.0, 0.0, 662.0, 875.0, 713.0, 81.0, 124.0, 91.0, 25750.726685562106, 3.4024722685677427, 31805.523587388656, 3.23022498020141, 26300.027501286673, 3.2065169113266587, 6869448.720000001, 7675025.88, 6321411.810000001, 5187656.0, 4707195.0, 4547279.0]
[212.62765957446808, 99.27659574468085, 171.17021276595744, 150.29787234042553, -81.51063829787235, 15.691489361702128, 518.2388494055353, 720.5612269696048, 1461.4507642433532, 979.3717849283305, 1165.2811811182767, 67.96599823468732, -441.0, -5843.0, -10349.0, 0.0, -11249.0, -448.0, 4964.0, 552.0, 9457.0, 9452.0, 452.0, 451.0, 402292.20399786904, 3.801360711821537, 837228.6402852378, 3.632772445112521, 3426229.636090164, 3.5675668303711907, 27473322.659999996, 46260067.72, 189303868.36000004, -9919059.0, -19383504.0, -53133018.0]
[169.8279569892473, 294.3440860215054, 295.505376344086, -16.021505376344088, -100.40860215053763, -4.688172043010753, 208.58767438552871, 701.3366817638093, 700.7315839093968, 517.4923015284262, 1263.3206264217295, 236.43585298336222, -1345.0, 3.0, 15.0, -4948.0, -12150.0, -2250.0, 707.0, 6757.0, 6753.0, 92.0, 119.0, 103.0, 19076.95942637714, 3.5311107647881856, 40082.69922083134, 3.4773106908847224, 48371.46875286184, 3.374359173368823, 6217118.82, 49578024.72, 49564681.08, -4757357.0, 50232241.0, -5436128.0]
[223.19354838709677, 241.59139784946237, 227.70967741935485, 45.12903225806452, 45.365591397849464, 16.892473118279568, 152.78930207147843, 157.20813098226765, 190.6123758839184, 27.20742617872347, 34.581593793028276, 16.03627841299045, 1.0, 10.0, 1.0, 0.0, 0.0, 0.0, 764.0, 743.0, 813.0, 110.0, 163.0, 73.0, 21769.144496701294, 3.468157583415038, 22943.55856903356, 3.2462482141396864, 39364.45743744731, 3.3200703342019415, 6305891.969999997, 7162674.000000002, 7593311.430000001, 4860628.0, 4644176.0, 5255280.0]
[242.14893617021278, 217.04255319148936, 198.4255319148936, 36.61702127659574, 45.42553191489362, 28.80851063829787, 200.66325279024426, 127.70041510980911, 185.59508992866168, 22.16560659587243, 37.659335863382054, 28.182308412111478, 1.0, 1.0, 0.0, 0.0, 0.0, 0.0, 1269.0, 547.0, 889.0, 76.0, 146.0, 141.0, 56721.04283977397, 3.5251667664855466, 21691.15072882058, 3.3357270039009776, 37713.2409693614, 3.4239823532012172, 8701117.520000001, 5588008.6000000015, 6490199.92, 4961849.0, 4179070.0, 5065018.0]
[213.63440860215053, 220.04301075268816, 196.2688172043011, 33.38709677419355, 41.376344086021504, 22.763440860215052, 164.57882906708295, 186.91540250922253, 163.69896415338167, 23.267831992046403, 30.886508233156427, 22.54386923768197, 3.0, 11.0, 0.0, 0.0, 0.0, 0.0, 698.0, 1170.0, 747.0, 112.0, 111.0, 102.0, 22653.447306735794, 3.3320478482458515, 23759.24085618073, 3.4716982038869206, 31861.012561733798, 3.421707122079434, 6264868.739999999, 7176994.14, 5624501.430000001, 4305972.0, 3948413.0, 3847170.0]
[40.064516129032256, 107.73118279569893, 50.655913978494624, -106.87096774193549, 43.83870967741935, 23.0752688172043, 1425.005376087888, 1436.043327278607, 1426.5069720080135, 1403.0264665281268, 34.66808152433359, 27.351272349046845, -13485.0, -13485.0, -13485.0, -13490.0, 0.0, 0.0, 591.0, 1198.0, 627.0, 94.0, 150.0, 169.0, 2764228.337800373, 3.8256269695644183, 2786323.1380374576, 3.8265220094318027, 2776424.0487739556, 3.821531244948934, 173880416.70000002, 177447384.27, 174329873.61, 186296638.0, 186698723.0, 185261207.0]
[198.41935483870967, 228.70967741935485, 190.8279569892473, 37.56989247311828, 38.494623655913976, 25.838709677419356, 158.87035475921357, 137.1574452832727, 174.88416188859526, 26.805011637776918, 26.34166135524963, 22.179745128588483, 1.0, 2.0, 6.0, 0.0, 0.0, 0.0, 657.0, 571.0, 736.0, 104.0, 109.0, 87.0, 31220.70078013833, 3.321998723722736, 18186.732640138798, 3.3430837702613942, 32044.772218412014, 3.4299268437507293, 5564648.490000001, 6133697.820000001, 5766367.35, 4345962.0, 4327601.0, 3489472.0]
[221.4516129032258, 194.20430107526883, 204.72043010752688, 34.70967741935484, 45.61290322580645, 24.827956989247312, 170.40211496754887, 145.07296208848072, 159.85927001118404, 22.23128457883722, 37.10005046816693, 20.452290004615925, 18.0, 3.0, 3.0, 1.0, 0.0, 0.0, 899.0, 705.0, 663.0, 75.0, 169.0, 94.0, 29751.135901676975, 3.4164918067798644, 23417.179482594056, 3.5563594517855637, 33322.99816556044, 3.513746725760778, 6725935.7700000005, 5062707.03, 5811319.83, 3748189.0, 3867760.0, 4166787.0]
[260.59139784946234, 246.76344086021504, 234.66666666666666, 42.784946236559136, 45.1505376344086, 19.50537634408602, 181.9257634406396, 169.82717544158405, 190.2711071153436, 24.25222959824949, 31.361824701711008, 17.571359883971503, 3.0, 14.0, 1.0, 0.0, 1.0, 0.0, 864.0, 845.0, 1047.0, 91.0, 141.0, 67.0, 33428.4491126922, 3.4939757520026, 19867.365589595956, 3.4638260567994523, 17339.922692176926, 3.3919430470758125, 8705130.15, 7734225.029999998, 7860406.5, 5816223.0, 5664874.0, 6077299.0]
[227.38709677419354, 237.49462365591398, 231.65591397849462, 43.54838709677419, 39.806451612903224, 32.03225806451613, 165.2411302794945, 166.86121697881237, 172.0944188913683, 27.580126796470623, 31.334540625085495, 28.901802115056707, 8.0, 2.0, 26.0, 0.0, 0.0, 0.0, 863.0, 1128.0, 898.0, 107.0, 124.0, 109.0, 26011.958553367756, 3.321084469164445, 25870.16781310663, 3.3379797388272388, 21317.253691528273, 3.283100363176319, 6808140.33, 7260574.17, 7175426.159999999, 5335155.0, 5102692.0, 5224113.0]
[245.20430107526883, 448.38709677419354, 18.72043010752688, 112.43010752688173, 244.3548387096774, 117.29032258064517, 1039.5763305009505, 1819.213393273719, 1695.7327155923624, 974.2627691908945, 1217.4442549970186, 1798.786992130392, -2250.0, -4044.0, -11240.0, -4949.0, 2.0, -8550.0, 9463.0, 12153.0, 4078.0, 6753.0, 8550.0, 11250.0, 24663.43606748298, 3.5086670596695018, 74729.99263713032, 2.3934563061112692, 56662.26551513838, 2.7023459698276158, 97666537.25999999, 300552917.4, 246058898.73000002, 128148683.0, 113834157.0, 91441329.0]
[167.9784946236559, 106.19354838709677, 64.2258064516129, 82.33333333333333, -229.51612903225808, -209.6451612903226, 642.2002088353321, 1768.053905938886, 975.2941265279063, 1347.5452669119547, 1659.5723166507532, 1441.0666840706187, -3150.0, -12145.0, -6749.0, -7650.0, -11248.0, -11250.0, 4966.0, 7658.0, 686.0, 10351.0, 131.0, 116.0, 617650.9313848356, 3.5854883104928357, 4715364.943527733, 3.663359934936916, 1374975.2231941484, 3.465659006725514, 37727218.85999999, 268437164.16, 81741322.34999998, -69064977.0, 35898587.0, -2566610.0]
[225.04301075268816, 237.5483870967742, 213.72043010752688, 43.31182795698925, 40.11827956989247, 24.956989247311828, 149.9633950972627, 160.65731259348755, 159.52459028049822, 26.390865718300788, 32.599629719944865, 21.468841921387735, 9.0, 1.0, 0.0, 1.0, 0.0, 0.0, 648.0, 761.0, 797.0, 97.0, 150.0, 77.0, 24846.56261637271, 3.4228603269237605, 18888.072351653107, 3.366176169069916, 21874.350243120854, 3.483518831195862, 6304390.949999997, 7088934.299999999, 6127892.759999999, 4630978.0, 4901979.0, 4078877.0]
[209.04301075268816, 191.5268817204301, 192.21505376344086, -262.51612903225805, 9.838709677419354, 181.06451612903226, 172.090150412793, 1910.5142637486142, 729.2882749858182, 1691.497443178826, 1137.4707572956172, 1191.264917844926, -447.0, -11233.0, -4048.0, -10348.0, -8550.0, -1348.0, 648.0, 13058.0, 4956.0, 102.0, 6750.0, 10350.0, 31602.828277421533, 3.5220754533127976, 6484037.624665092, 3.7032958690830893, 941320.5127099116, 3.604675159453192, 6313385.910000001, 315472213.61999995, 48701574.11999999, 7744285.0, 118679195.0, 7163832.0]
[219.61290322580646, 251.81720430107526, 229.83870967741936, 41.526881720430104, 40.13978494623656, 22.72043010752688, 169.64573267343258, 190.16451380184057, 164.91732384035583, 26.417875781803772, 33.31881287287404, 20.638906690476947, 6.0, 8.0, 5.0, 0.0, 0.0, 0.0, 907.0, 961.0, 750.0, 118.0, 142.0, 102.0, 17757.916588104566, 3.458890880863321, 26094.75063511847, 3.5491246423906055, 19598.237178934174, 3.4408534868151053, 6633786.719999999, 8578562.73, 6895943.489999999, 4780142.0, 5810288.0, 4863388.0]
[176.43010752688173, 223.90322580645162, 236.72043010752688, 40.0, 35.193548387096776, 36.12903225806452, 136.5951171902045, 192.0960507321074, 174.919818003129, 22.94795624129029, 26.11232345436027, 30.29680202898865, 2.0, 3.0, 2.0, 1.0, 0.0, 0.0, 834.0, 1211.0, 698.0, 97.0, 123.0, 144.0, 15151.600327752103, 3.627162237596914, 28676.200342398228, 3.5635798973652544, 27940.311091479685, 3.2430793608648822, 4288622.46, 7493213.669999999, 7464476.669999999, 3768667.0, 4859963.0, 3950186.0]
[250.752688172043, 259.10752688172045, 224.8709677419355, 35.60215053763441, 44.935483870967744, 20.43010752688172, 157.60177221981235, 186.19364991539643, 174.1469410662988, 26.763107225589415, 35.532840428934286, 21.84351353798112, 4.0, 10.0, 1.0, 0.0, 0.0, 1.0, 714.0, 764.0, 770.0, 96.0, 149.0, 99.0, 28860.80791857735, 3.4140995744381226, 34058.23419268935, 3.4917182280702685, 40586.25797811698, 3.5122588352305777, 7563390.539999999, 8772854.610000001, 6968327.25, 5870582.0, 5761875.0, 5701683.0]
[223.86021505376345, 228.88172043010752, 215.95698924731184, 39.39784946236559, 42.98924731182796, 27.731182795698924, 175.5780881271579, 185.26466669994775, 184.70869627008187, 23.831446062122932, 36.76644696259606, 21.5926415530375, 0.0, 0.0, 0.0, 0.0, 0.0, 0.0, 810.0, 981.0, 1019.0, 104.0, 140.0, 100.0, 27857.64794560195, 3.2281937544008463, 34797.35754518942, 3.4087383009406658, 52294.777756300886, 3.3389873077327237, 6971922.630000002, 7467613.560000002, 6952746.960000001, 5131620.0, 4540388.0, 4776794.0]
[194.5268817204301, 206.95698924731184, 218.69892473118279, 27.688172043010752, 39.193548387096776, 18.978494623655912, 146.70790199798, 158.50565166021096, 156.82957968460101, 19.314884154017673, 29.46414846692138, 17.58765531412133, 1.0, 4.0, 4.0, 0.0, 0.0, 0.0, 740.0, 918.0, 793.0, 69.0, 120.0, 92.0, 18152.262562516782, 3.4845734982203442, 28239.23281330845, 3.3883508116051604, 28376.87356385845, 3.498328713169195, 5114368.529999999, 5854083.089999999, 6241141.65, 3849865.0, 4110641.0, 3857492.0]
[183.2258064516129, 217.65591397849462, 189.67741935483872, 28.989247311827956, 37.946236559139784, 21.0, 132.64353415404452, 155.4238590760102, 153.61818572217365, 18.49823412468472, 30.485693576766053, 16.188428502832025, 6.0, 1.0, 5.0, 1.0, 0.0, 0.0, 660.0, 637.0, 816.0, 80.0, 131.0, 57.0, 14024.92437589407, 3.4289054547611033, 29234.695857552913, 3.5007430882584036, 21931.454623833986, 3.3606978595002923, 4408984.92, 6164222.28, 5130787.68, 3936308.0, 3780097.0, 3289366.0]
[229.01075268817203, 236.6021505376344, 222.69892473118279, 30.623655913978496, 45.333333333333336, 17.43010752688172, 171.63450135982566, 203.4288220668321, 170.64499030508492, 21.1351314673268, 32.252513664537204, 14.286964147555272, 3.0, 3.0, 5.0, 0.0, 1.0, 0.0, 1131.0, 1428.0, 761.0, 87.0, 129.0, 62.0, 25076.36943941321, 3.3373000947239566, 61874.74996786213, 3.414126660181502, 30671.949899536336, 3.3893172360296706, 7056508.920000001, 8382514.08, 6780937.829999999, 5221299.0, 5000157.0, 5023298.0]
[184.24468085106383, 214.03191489361703, 175.79787234042553, 36.6063829787234, 40.297872340425535, 23.882978723404257, 138.9443832548444, 148.72182679817456, 140.66650714361086, 22.067939127025788, 28.733416830168597, 18.701880983530053, 2.0, 3.0, 1.0, 1.0, 0.0, 0.0, 680.0, 687.0, 623.0, 89.0, 141.0, 83.0, 17069.974935499, 3.266272664283334, 20457.99049007746, 3.233201934600226, 17540.56091828795, 3.435151466928782, 4687168.06, 5981313.06, 4460541.58, 3367287.0, 3434077.0, 3245584.0]
[203.83870967741936, 209.41935483870967, 161.25806451612902, 37.935483870967744, 43.32258064516129, 19.35483870967742, 140.08571058948323, 161.0558452012602, 128.81743934274536, 23.9523106136071, 33.124324862790914, 16.37843569087794, 8.0, 6.0, 0.0, 0.0, 0.0, 0.0, 686.0, 800.0, 548.0, 100.0, 126.0, 78.0, 24386.93478345022, 3.423250074204249, 22557.238826678135, 3.5232124521455206, 13095.726468898765, 3.2453280999022183, 5272708.470000001, 6012485.34, 3668876.9699999997, 4035901.0, 2852461.0, 3049617.0]
[205.21505376344086, 214.68817204301075, 201.04301075268816, 33.02150537634409, 37.763440860215056, 22.204301075268816, 138.13075480534704, 143.2665483646406, 163.12284741065116, 22.205550860394293, 29.600381111479532, 17.23908548201425, 14.0, 5.0, 1.0, 0.0, 0.0, 0.0, 679.0, 792.0, 736.0, 79.0, 143.0, 65.0, 19617.327824979824, 3.298061763107508, 17974.77900398822, 3.505752020965937, 28186.330865097556, 3.3986684063949073, 5274866.07, 5742556.56, 5772449.55, 3871599.0, 4027580.0, 4080703.0]
[187.1720430107527, 204.49462365591398, 210.93548387096774, 32.096774193548384, 31.516129032258064, 15.827956989247312, 134.6981830399319, 144.68831746174664, 153.5347154095927, 21.53463565884798, 28.837480481222848, 12.286103546118925, 1.0, 6.0, 2.0, 2.0, 0.0, 0.0, 591.0, 593.0, 723.0, 78.0, 171.0, 59.0, 14330.62113788188, 3.49438475819838, 18496.60962003236, 3.4366814114387076, 22040.81488543085, 3.3639065885026196, 4582402.949999999, 5408016.96, 5865164.970000002, 3845089.0, 4062893.0, 3645355.0]
[187.38297872340425, 203.09574468085106, 197.38297872340425, 31.425531914893618, 34.40425531914894, 18.25531914893617, 118.91463517939668, 139.55197660816538, 154.97936778275886, 19.213844337616386, 24.527938491520004, 15.40139371588404, 5.0, 9.0, 1.0, 0.0, 0.0, 0.0, 556.0, 712.0, 761.0, 65.0, 91.0, 64.0, 12169.381093005739, 3.5178376348285854, 25203.582959200237, 3.343153350079869, 34294.33954884657, 3.3920618863035203, 4338709.119999998, 5347145.82, 5542215.5600000005, 3462980.0, 3977583.0, 3342142.0]
[168.69892473118279, 239.43010752688173, 209.80645161290323, 36.344086021505376, 40.8494623655914, 20.64516129032258, 121.27885447310877, 161.3968507484271, 140.86111399596814, 21.25491995405745, 29.83758435137132, 19.943749789852067, 1.0, 0.0, 7.0, 0.0, 0.0, 0.0, 553.0, 672.0, 617.0, 84.0, 133.0, 92.0, 16371.38544364562, 3.5930219462115383, 23880.19716035108, 3.438659720493831, 15814.105498326797, 3.547373491597773, 3719911.6499999994, 7186940.49, 5504850.419999999, 3763963.0, 4716698.0, 3203330.0]
[214.51063829787233, 220.67021276595744, 174.88297872340425, 41.0, 35.40425531914894, 20.659574468085108, 165.76714752156911, 175.8478318416099, 132.8820203039676, 25.442746183015178, 26.821320017926105, 17.22186231951874, 2.0, 2.0, 0.0, 1.0, 0.0, 0.0, 859.0, 1043.0, 570.0, 95.0, 109.0, 76.0, 14906.338161811529, 3.5656873654753634, 21929.097968150287, 3.437007770230149, 18717.684329396656, 3.2046089175205834, 6468061.04, 7005961.94, 4246037.340000002, 4987332.0, 3230643.0, 3615906.0]
[213.0, 261.0860215053763, 206.31182795698925, 30.946236559139784, 34.634408602150536, 14.741935483870968, 139.40783148109315, 176.39738092763727, 154.51480712038034, 23.0176518234413, 24.91890540648438, 12.558474728944256, 1.0, 7.0, 1.0, 0.0, 1.0, 0.0, 605.0, 816.0, 789.0, 87.0, 94.0, 54.0, 20381.650178779546, 3.2103972206479146, 23561.356496704386, 3.291250279635219, 17523.940616307194, 3.299497813148695, 5586784.350000001, 8557957.65, 5724139.769999999, 5276898.0, 4765676.0, 4247864.0]
[217.4731182795699, 229.89247311827958, 188.1505376344086, 37.73118279569893, 40.16129032258065, 19.795698924731184, 128.43638176475858, 172.4226015628078, 147.90110872358034, 24.71319828022997, 29.62493453398771, 18.77878031170621, 2.0, 1.0, 2.0, 0.0, 0.0, 0.0, 486.0, 744.0, 737.0, 93.0, 129.0, 80.0, 13595.633252449155, 3.3625817392895367, 21638.201500042953, 3.294396416851205, 16526.485635790134, 3.3180893827697657, 5501895.8100000005, 7114704.600000001, 4933402.619999999, 4394551.0, 4356747.0, 3616728.0]
[191.48387096774192, 241.65591397849462, 212.31182795698925, 38.38709677419355, 45.10752688172043, 18.989247311827956, 145.34311823968596, 173.2746936177939, 140.53322201178466, 20.860839252190942, 38.590791412728024, 19.08305338778927, 1.0, 4.0, 6.0, 0.0, 0.0, 0.0, 757.0, 750.0, 623.0, 80.0, 163.0, 90.0, 19452.078103503776, 3.4852893179788236, 28560.89211827089, 3.584328526628937, 17674.967782062973, 2.9966012093907373, 4978671.300000001, 7619670.419999998, 5588424.87, 4614066.0, 4837927.0, 3974604.0]
[191.08602150537635, 228.88172043010752, 207.0, 39.215053763440864, 36.98924731182796, 21.129032258064516, 147.99174888236303, 167.15170468654108, 166.05590991407473, 24.938554690507345, 29.873826927544247, 19.19365033503869, 1.0, 7.0, 3.0, 0.0, 0.0, 0.0, 627.0, 778.0, 791.0, 97.0, 127.0, 94.0, 23099.180784989854, 3.443238144584618, 28367.04466403863, 3.562086083208926, 42084.93560469623, 3.3371972601810675, 5031981.689999998, 6921458.039999997, 6065289.809999999, 4197225.0, 4295800.0, 3932494.0]
[220.06451612903226, 268.2258064516129, 211.31182795698925, 38.45161290322581, 48.225806451612904, 20.956989247311828, 165.52083846555215, 185.69084458198478, 159.9486995539931, 24.30848667737627, 33.48689848681838, 22.08969560013005, 3.0, 3.0, 3.0, 0.0, 0.0, 0.0, 841.0, 671.0, 745.0, 81.0, 180.0, 114.0, 32122.19350767496, 3.3325944799204605, 40962.69107985895, 3.1697666911725175, 33094.33483089073, 3.3604338821506246, 6532671.539999998, 9172732.290000001, 6050942.7, 5486289.0, 4619990.0, 4367148.0]
[218.1505376344086, 224.95698924731184, 212.67741935483872, 40.193548387096776, 43.784946236559136, 24.956989247311828, 190.65116940749914, 157.8290154881772, 167.46616538808553, 23.702530622789283, 40.26511313952045, 20.896179169415586, 2.0, 3.0, 8.0, 0.0, 0.0, 0.0, 974.0, 673.0, 935.0, 80.0, 189.0, 83.0, 25182.67511778264, 3.344211391570308, 30581.9725537942, 3.2785030491198532, 22286.657219864726, 3.4224198666521453, 7225953.059999999, 6508181.850000001, 6311611.470000001, 5065923.0, 4301246.0, 5079303.0]
[185.10752688172042, 139.13978494623655, 292.5483870967742, -138.0, -19.731182795698924, -97.02150537634408, 247.69877667132184, 930.6651851066089, 1212.7018121258166, 1274.6321293680744, 862.8347005250238, 945.6334083622219, -1339.0, -8548.0, -3143.0, -11250.0, -7647.0, -8550.0, 1358.0, 875.0, 11260.0, 94.0, 3151.0, 87.0, 119618.10910606728, 3.556892115937301, 2211679.6065655504, 3.8138938686285897, 3801347.827666976, 3.745038453922655, 8213069.009999999, 75781176.47999999, 133230653.31000003, -6973296.0, 26055081.0, -15332814.0]
[232.7311827956989, 222.8709677419355, 217.11827956989248, 34.16129032258065, 47.935483870967744, 20.849462365591396, 171.8924802832678, 149.60209730325158, 168.02062822776085, 24.131564357019432, 41.72159446378195, 16.427671668466527, 4.0, 3.0, 2.0, 0.0, 1.0, 0.0, 918.0, 678.0, 729.0, 96.0, 238.0, 65.0, 36771.98741989702, 3.284354143255237, 22193.852954771286, 3.358890986578158, 27036.985657619316, 3.2890011594844206, 7212670.799999998, 6210985.47, 6492607.14, 4728691.0, 4704403.0, 4343962.0]
[239.50537634408602, 278.247311827957, 241.8279569892473, 39.31182795698925, 42.365591397849464, 26.225806451612904, 180.10351031365957, 243.32898002471697, 171.54500129931137, 28.468891677783734, 32.4274390474958, 20.746989845704945, 4.0, 8.0, 5.0, 0.0, 0.0, 0.0, 715.0, 1379.0, 800.0, 109.0, 121.0, 84.0, 25253.18019061338, 3.5654476683450538, 48059.91166667425, 3.5889209831279505, 27200.191859879, 3.1853129343122277, 7736643.959999999, 11762112.690000001, 7575833.9399999995, 6127428.0, 6517925.0, 5875512.0]
[196.8494623655914, 228.9784946236559, 198.68817204301075, 46.204301075268816, 34.17204301075269, 27.21505376344086, 141.85279772543754, 158.74596732259835, 135.7172555187265, 27.231119961234626, 27.42128007981249, 19.350232816465695, 1.0, 10.0, 2.0, 1.0, 0.0, 0.0, 683.0, 827.0, 654.0, 112.0, 133.0, 94.0, 20083.086843563604, 3.532531885933496, 37933.30485114957, 3.495388061892958, 18204.881113966265, 3.1935376300496396, 5073119.3100000005, 6690906.389999999, 4990309.319999999, 4274959.0, 4078705.0, 3472217.0]
[200.30107526881721, 265.6774193548387, 185.10752688172042, 39.17204301075269, 34.473118279569896, 16.462365591397848, 149.633304313247, 189.78575800384488, 159.54639930028745, 25.99775226735288, 25.79205784305192, 12.009560629642703, 9.0, 5.0, 1.0, 1.0, 0.0, 0.0, 667.0, 922.0, 702.0, 102.0, 109.0, 45.0, 20087.758952376804, 3.3754054324886456, 35152.51099744989, 3.3222487186142624, 22526.028430133658, 3.4749279385862955, 5385723.000000001, 9186606.959999999, 5141496.63, 5188726.0, 4768135.0, 3268427.0]
[178.11827956989248, 216.13978494623655, 218.7741935483871, 31.086021505376344, 39.0, 22.258064516129032, 165.45765578503014, 156.47243064555224, 179.86021921821123, 22.624849705952162, 33.986890055610765, 18.504936606805206, 3.0, 2.0, 1.0, 0.0, 0.0, 0.0, 895.0, 677.0, 1016.0, 78.0, 207.0, 80.0, 12316.93549352695, 3.3868634529016513, 24345.48664483626, 3.144229362997488, 20093.53593068281, 3.3058380241691467, 5086302.99, 6135320.669999998, 6907437.36, 3836889.0, 4496685.0, 4343764.0]
[128.7311827956989, 305.1505376344086, -38.40860215053763, -144.16129032258064, -70.10752688172043, -21.913978494623656, 578.045773345227, 1243.9222762158463, 1645.8476555084283, 1187.7461693615767, 861.4508043482781, 653.4731566276556, -4038.0, -4049.0, -13041.0, -8549.0, -7648.0, -5850.0, 717.0, 11254.0, 831.0, 75.0, 154.0, 2250.0, 34353.58338131668, 3.216904764632375, 34975.59428771003, 2.969777209169244, 76029.97628212793, 2.0765015710944206, 30022042.38, 140444311.76999998, 231893760.89999998, -14583893.0, -38874874.0, 83488686.0]
[180.0215053763441, 233.63440860215053, 213.30107526881721, 41.935483870967744, 31.537634408602152, 23.602150537634408, 128.16081766540714, 218.16023154843327, 142.4807984733867, 26.270253657111425, 23.65906349895318, 20.537420663238876, 6.0, 2.0, 5.0, 0.0, 0.0, 0.0, 539.0, 1023.0, 613.0, 142.0, 105.0, 83.0, 16405.10193200988, 3.40560650211081, 30805.798710823976, 3.406166338683798, 18340.65604661904, 3.4554018853652932, 4208285.34, 8793192.78, 5672000.249999998, 4292223.0, 4705108.0, 3273320.0]
[204.32258064516128, 204.3548387096774, 255.51612903225808, 33.87096774193548, 39.645161290322584, 23.516129032258064, 144.85533722891492, 172.55910425134934, 185.13588504846604, 21.58815386031826, 29.227237579863576, 19.890795830377886, 1.0, 9.0, 0.0, 1.0, 0.0, 0.0, 691.0, 861.0, 912.0, 96.0, 101.0, 82.0, 18380.666452119014, 3.540352719660061, 28065.82774385757, 3.1171441099124606, 38319.36089655928, 3.4531910768044436, 5406071.399999999, 6159589.950000001, 8579396.01, 3843411.0, 5553846.0, 4847924.0]
[221.32258064516128, 147.98924731182797, 390.13978494623655, 12.333333333333334, 155.1505376344086, -56.83870967741935, 655.0312332628038, 1496.344934474201, 1353.9367607044687, 614.9054245649653, 1202.4959364139654, 611.2524080209095, -4041.0, -10344.0, 3.0, -4949.0, -4050.0, -4050.0, 4051.0, 7662.0, 12154.0, 3152.0, 8551.0, 1352.0, 88240.26610370034, 3.6312153250690136, 336371.3680147841, 3.636022518950196, 325771.93649235996, 3.420954370265575, 40947478.70999999, 193467162.50999993, 170008425.86999992, -72877231.0, -100219197.0, 54705441.0]
[176.80645161290323, 223.0215053763441, 205.49462365591398, 36.27956989247312, 33.634408602150536, 15.21505376344086, 136.3669329152301, 153.8168008643529, 181.65409219148125, 21.357905364340557, 31.89138664764344, 15.126890440511955, 4.0, 5.0, 2.0, 0.0, 0.0, 0.0, 542.0, 629.0, 799.0, 75.0, 158.0, 71.0, 22594.499371553837, 3.3429272757618045, 25641.2503043372, 3.250662391896075, 45008.0439304695, 3.2176569823212153, 4294791.15, 6326206.89, 6475629.99, 3376941.0, 4421578.0, 3297431.0]
[207.90322580645162, 222.05376344086022, 252.55913978494624, 41.39784946236559, 40.473118279569896, 21.225806451612904, 171.60483324728617, 143.52309052154806, 184.41738237213738, 24.208397655855883, 38.78552828441396, 17.816778262575532, 5.0, 3.0, 4.0, 0.0, 0.0, 0.0, 763.0, 638.0, 970.0, 93.0, 209.0, 77.0, 22235.618340499277, 3.4738615019411347, 21415.180375429285, 3.5463276263826664, 30751.848213656143, 3.393411342974357, 6258011.849999999, 6027077.970000001, 8426737.44, 4020567.0, 5465484.0, 5364175.0]
[222.40860215053763, 237.86021505376345, 205.65591397849462, 37.02150537634409, 46.98924731182796, 24.010752688172044, 170.61558854815544, 185.9353903328092, 172.24372864355905, 26.361606838364658, 36.449636076091025, 20.279832895105162, 1.0, 3.0, 4.0, 1.0, 0.0, 0.0, 681.0, 908.0, 737.0, 90.0, 140.0, 84.0, 27100.771606206916, 3.522464009967518, 34320.5230012459, 3.3966154650035842, 31773.52948346168, 3.181801390246781, 6768902.7, 7851364.11, 6196424.459999999, 4992171.0, 4141258.0, 4209099.0]
[256.31182795698925, 239.23655913978496, 226.1290322580645, 37.473118279569896, 49.53763440860215, 23.591397849462364, 213.25418485595722, 174.22177257795798, 194.5108818799233, 23.66045655309879, 44.10845308411513, 21.48368266501032, 3.0, 1.0, 0.0, 0.0, 0.0, 0.0, 1218.0, 691.0, 930.0, 87.0, 200.0, 103.0, 51707.65584501794, 3.4105757912673442, 30222.05279923268, 3.2836203945375892, 50221.93707186606, 3.307229078274909, 9573067.530000001, 7547202.030000002, 7659727.380000001, 6541428.0, 4365384.0, 6112642.0]
[286.18279569892474, 364.9462365591398, 85.6989247311828, 53.053763440860216, 123.09677419354838, 28.548387096774192, 894.8924024008181, 1250.1923535964845, 806.2105505676897, 1399.174371188637, 1098.2520011018707, 273.54001837935704, -1348.0, 3.0, -6719.0, -8548.0, -2250.0, -1350.0, 8554.0, 12174.0, 840.0, 10351.0, 10350.0, 2250.0, 1821328.3635153002, 3.7782184057372787, 3552675.715192509, 3.8272467026097767, 1466560.2594522992, 3.677150391951674, 75602803.41, 145247883.59999996, 56247108.65999999, 108516755.0, -78758488.0, -48719685.0]
[221.10752688172042, 215.30107526881721, 205.3763440860215, 31.78494623655914, 44.40860215053763, 17.27956989247312, 145.16927618156012, 173.93256970210913, 166.56249081758648, 21.832788197713285, 33.429756517971605, 14.517879225434445, 1.0, 5.0, 3.0, 0.0, 0.0, 0.0, 660.0, 799.0, 761.0, 77.0, 138.0, 68.0, 20933.443890893242, 3.495650094843968, 33260.79475945202, 3.3547831768100678, 26742.47268480324, 2.8471953877239438, 6031471.29, 6597612.510000002, 6021796.499999999, 4049524.0, 3686940.0, 4046999.0]
[217.18279569892474, 369.6989247311828, 194.65591397849462, 60.26881720430107, 193.3548387096774, 1.6021505376344085, 195.64497272602912, 1342.4648953789883, 180.81479202089008, 230.57193255529052, 1348.4000958072759, 142.47914719926302, -440.0, 5.0, -449.0, 0.0, 2.0, -1350.0, 856.0, 13050.0, 968.0, 2250.0, 13050.0, 66.0, 36534.57536426994, 3.443640226534557, 74325.50585597978, 3.0697446544497686, 31053.296881569022, 3.1976747199065505, 7354568.339999999, 166018477.55999994, 6074483.789999999, -1501209.0, -1406184.0, 4849199.0]
[209.30107526881721, 237.49462365591398, 202.95698924731184, 37.193548387096776, 44.27956989247312, 28.548387096774192, 155.15026271511874, 158.00926112483256, 143.7938525911687, 22.055886557499953, 33.26421421947441, 23.118088216914675, 0.0, 0.0, 0.0, 0.0, 1.0, 0.0, 694.0, 680.0, 651.0, 93.0, 149.0, 92.0, 26101.356122845344, 3.46854248385688, 30744.955062516907, 3.534872231113019, 19042.0850990612, 3.398213227099349, 5848428.689999999, 7014525.930000001, 5331752.31, 4591651.0, 4392358.0, 3939970.0]
[225.04301075268816, 250.23655913978496, 220.10752688172042, 40.053763440860216, 46.1505376344086, 22.913978494623656, 177.13068830291078, 166.43619993529458, 159.50088335352984, 25.057484168536853, 37.19395294368928, 17.94657283134685, 6.0, 6.0, 0.0, 2.0, 0.0, 0.0, 902.0, 815.0, 717.0, 100.0, 150.0, 75.0, 32036.37072004057, 3.380683865359516, 19543.459852458367, 3.477178809169653, 26906.213558390336, 3.433911645310556, 7064699.43, 7785958.1400000015, 6366900.900000002, 4862189.0, 4970406.0, 5173025.0]
[221.44086021505376, 222.89247311827958, 187.56989247311827, 37.11827956989247, 47.30107526881721, 22.118279569892472, 180.31653703886053, 137.66937886659056, 179.73654620083727, 25.085440720433485, 34.90819791166432, 16.77138444310375, 1.0, 9.0, 1.0, 1.0, 0.0, 0.0, 943.0, 714.0, 1348.0, 94.0, 137.0, 76.0, 30556.68517805752, 3.458948206354802, 21841.440038860354, 3.4507831979329993, 48989.505772186196, 3.467331763427219, 7023030.780000001, 5918520.930000002, 5806966.500000001, 4770279.0, 3670442.0, 4738456.0]
[193.05376344086022, 220.72043010752688, 192.44086021505376, 34.46236559139785, 36.74193548387097, 17.795698924731184, 166.09258586124145, 142.39125260072788, 142.55742263059497, 20.729394766529705, 28.703470183255014, 12.948526137200314, 0.0, 2.0, 3.0, 2.0, 0.0, 0.0, 770.0, 574.0, 615.0, 88.0, 125.0, 55.0, 33786.49351860166, 3.2805309766057333, 18748.07103910923, 3.468773562287284, 19343.998047791978, 3.387294976341695, 5583783.239999999, 5948329.290000001, 4941829.35, 4233915.0, 3940812.0, 3567270.0]
[81.03225806451613, 83.06451612903226, 25.27956989247312, 33.01075268817204, 40.81720430107527, 19.817204301075268, 1289.086013013913, 1283.1776183133231, 1401.902080293145, 32.01477058010674, 34.932215801388324, 39.67064028717918, -12135.0, -12075.0, -13277.0, 1.0, 0.0, 0.0, 646.0, 781.0, 590.0, 286.0, 202.0, 372.0, 1890473.7186346946, 3.816455323360382, 1868705.660555125, 3.821849515002462, 2239562.127265571, 3.8227349238644446, 142746622.55999997, 141475129.34999996, 168208859.13, 150735708.0, 163464958.0, 164398156.0]
[181.56989247311827, 233.56989247311827, 184.1505376344086, 37.61290322580645, 33.96774193548387, 16.50537634408602, 145.82094424099762, 159.27801766022492, 137.30519372017176, 21.903956490961267, 27.034780984672327, 13.62033618297509, 4.0, 1.0, 2.0, 0.0, 0.0, 0.0, 552.0, 751.0, 619.0, 86.0, 135.0, 58.0, 18870.819053154824, 3.471544171949252, 28711.618096644997, 3.3489707478651547, 15107.732024825713, 3.5841086905844097, 4670696.22, 6889066.139999999, 4546037.159999998, 3921942.0, 3655142.0, 3332592.0]
[157.56989247311827, 238.70967741935485, 188.32258064516128, 40.526881720430104, 33.32258064516129, 19.516129032258064, 122.30142715309566, 185.0015617234411, 147.8443777356802, 24.56428628767411, 25.919675794034966, 19.84538764901536, 2.0, 3.0, 1.0, 0.0, 0.0, 0.0, 521.0, 916.0, 586.0, 96.0, 126.0, 86.0, 12271.121153198954, 3.527971921726852, 23278.726798329444, 3.318067714008682, 21521.383600732654, 3.340520351279833, 3427172.7600000007, 7856740.4399999995, 4937569.0200000005, 3270234.0, 4299238.0, 2723516.0]
[185.8279569892473, 274.8817204301075, 178.30107526881721, 37.69892473118279, 38.634408602150536, 23.053763440860216, 141.2313568809452, 189.80057322623648, 130.98363529930955, 23.133255257988, 28.998794932322305, 16.294414614802328, 0.0, 10.0, 0.0, 0.0, 1.0, 1.0, 583.0, 844.0, 555.0, 86.0, 117.0, 72.0, 19194.695557396197, 3.4155818781709812, 40350.42392717999, 3.2625969637756485, 16486.483188934697, 3.334382000835812, 4693280.34, 9617416.439999998, 4217555.58, 5506743.0, 4285668.0, 2684363.0]
[211.2258064516129, 266.93548387096774, 173.4516129032258, 40.935483870967744, 42.526881720430104, 21.27956989247312, 154.05039611821687, 197.86555637887565, 125.87472344678677, 24.38451328360977, 38.15830623515485, 18.397403876042244, 3.0, 5.0, 2.0, 0.0, 0.0, 0.0, 614.0, 852.0, 546.0, 93.0, 158.0, 97.0, 27596.662886173726, 3.2494403294955787, 43505.170147343284, 3.262104026893763, 14292.300370631614, 3.509601088659313, 5889336.6, 9512546.85, 3957742.41, 5258424.0, 4568097.0, 3351692.0]
[231.59139784946237, 267.3010752688172, 189.08602150537635, 39.31182795698925, 43.956989247311824, 21.526881720430108, 176.22609221500826, 184.90431044345712, 144.3951896038738, 22.40680142017425, 37.662377138284896, 21.39412322692616, 1.0, 12.0, 1.0, 3.0, 0.0, 0.0, 761.0, 732.0, 628.0, 99.0, 167.0, 90.0, 24196.23174277424, 3.274498884911181, 34286.650616991006, 3.1081654392604676, 18771.42187299408, 3.529948273478351, 7295974.62, 9104961.330000002, 4876245.750000001, 6073886.0, 4425165.0, 4072632.0]
[243.33333333333334, -22.21505376344086, 101.43010752688173, 56.1505376344086, 425.5376344086022, 165.78494623655914, 1226.9345534912302, 2401.858355928766, 2447.352386621321, 1804.569537652272, 2059.084091231805, 2408.6502888793857, -4042.0, -12143.0, -13044.0, -10349.0, -5848.0, -12150.0, 8557.0, 10357.0, 13055.0, 9450.0, 13050.0, 10350.0, 523687.4756928029, 3.5536382309394976, 4092023.207001728, 3.6797827384800446, 3312132.970705521, 3.640837572408981, 133920489.17999999, 493631783.52, 513354318.63000005, -39216184.0, 84540443.0, -203697713.0]
[193.88172043010752, 258.93548387096774, 178.89247311827958, 40.494623655913976, 40.193548387096776, 23.344086021505376, 166.9822204452739, 172.80686671463818, 144.4203152009102, 22.994150322236486, 38.509247354853706, 23.94536109365577, 4.0, 1.0, 2.0, 0.0, 0.0, 0.0, 927.0, 842.0, 614.0, 99.0, 162.0, 135.0, 24572.82654393694, 3.360816500242815, 24229.252400955367, 3.4846433930584078, 21254.08647696509, 3.4411131581762553, 5636844.39, 8353956.569999999, 4552442.07, 4584732.0, 3889683.0, 3295077.0]
[192.79569892473117, 230.16129032258064, 211.2258064516129, 45.40860215053763, 40.68817204301075, 22.301075268817204, 139.40849883173215, 181.0139491575755, 153.49112203700747, 26.22902332015292, 28.499801103281428, 19.69925232869234, 2.0, 2.0, 6.0, 1.0, 0.0, 0.0, 618.0, 882.0, 852.0, 109.0, 128.0, 80.0, 18398.64105781638, 3.512376916335027, 25226.0763830763, 3.3595355614109934, 22176.32633600208, 3.4515387497454912, 4877684.459999999, 7385203.470000002, 5874620.28, 3861457.0, 4529505.0, 4028280.0]
[205.31182795698925, 238.36559139784947, 159.18279569892474, 39.24731182795699, 38.236559139784944, 18.537634408602152, 144.14854796465312, 162.82344298591573, 104.6966577096775, 25.341431925662977, 32.40652036156974, 21.61599605957354, 1.0, 11.0, 2.0, 0.0, 0.0, 0.0, 667.0, 758.0, 511.0, 104.0, 134.0, 111.0, 22195.539800138507, 3.4955957039701953, 26522.16863070811, 3.123180215414694, 9836.9887344721, 3.4112033452068555, 5423642.819999998, 7182523.92, 3129440.7, 5193877.0, 3490323.0, 2867903.0]
[198.72340425531914, 211.25531914893617, 183.95744680851064, 48.11702127659574, 42.680851063829785, 25.30851063829787, 159.98020067383737, 138.03232722264445, 138.76830809318648, 27.494224763263936, 33.06533537662936, 20.818223301085613, 1.0, 0.0, 3.0, 1.0, 1.0, 0.0, 777.0, 566.0, 602.0, 106.0, 127.0, 87.0, 21135.082887021243, 3.2175134544344726, 18721.340212642248, 3.4169218202037417, 21855.30250072811, 3.3217546789869834, 5726822.16, 5609008.200000001, 4673548.4, 3626078.0, 3744895.0, 3731946.0]
[200.32258064516128, 245.2258064516129, 204.33333333333334, 43.225806451612904, 38.795698924731184, 21.70967741935484, 137.91870331359218, 186.076137352444, 155.7290940211163, 28.982426846602294, 30.30481348614618, 17.090920959463734, 12.0, 7.0, 0.0, 0.0, 1.0, 0.0, 735.0, 770.0, 643.0, 106.0, 122.0, 72.0, 19205.604612356543, 3.3300253874006116, 28915.299254044443, 3.303624074210351, 25651.532876455967, 3.137144965544643, 5098254.419999999, 8163593.94, 5686102.77, 5186753.0, 4826741.0, 4018327.0]
[212.23655913978496, 220.33333333333334, 190.98924731182797, 40.666666666666664, 35.655913978494624, 21.129032258064516, 128.51318641946423, 161.48740247901782, 141.99636359578827, 23.586258588485343, 30.28756906132768, 17.116751143411236, 11.0, 7.0, 8.0, 0.0, 0.0, 0.0, 567.0, 803.0, 612.0, 90.0, 143.0, 62.0, 16154.30630267749, 3.495071227379526, 18925.12467199506, 3.244160571818519, 20851.838332411073, 3.428009051536469, 5308964.5200000005, 6430059.989999998, 4880029.919999999, 4429910.0, 3852134.0, 4013978.0]
[195.8279569892473, 230.33333333333334, 173.2688172043011, 44.516129032258064, 39.75268817204301, 18.50537634408602, 143.94855841855707, 161.46350599474775, 128.76943836250308, 24.24360646475586, 34.88323875382064, 16.990805477691122, 5.0, 4.0, 6.0, 0.0, 0.0, 0.0, 651.0, 1048.0, 490.0, 94.0, 154.0, 61.0, 20060.998898252845, 3.3518834049909723, 22976.240697842288, 3.3983927796162607, 15982.33482323341, 3.189681512542058, 5089674.24, 6819181.289999998, 4015328.9399999995, 4036636.0, 3622635.0, 3446344.0]
[172.20430107526883, 231.6236559139785, 226.91397849462365, 42.61290322580645, 35.68817204301075, 21.9247311827957, 124.40698980256074, 181.061898734785, 189.47626075430748, 24.73337485457766, 27.382943951451608, 21.738683492366775, 2.0, 8.0, 4.0, 1.0, 0.0, 0.0, 542.0, 1375.0, 1231.0, 99.0, 144.0, 84.0, 10620.852534521558, 3.38627830271171, 56008.704591764035, 3.572021202824038, 16239.6436646259, 3.330303288929783, 3889022.8500000006, 7445095.469999999, 7525077.33, 3847694.0, 4475393.0, 3949903.0]
[200.44086021505376, 264.8279569892473, 203.03225806451613, -20.623655913978496, -58.03225806451613, 68.56989247311827, 149.92965469103746, 177.57310947863468, 152.35395370313222, 609.4183597992451, 984.7756360186479, 511.9372923099049, 6.0, 9.0, 1.0, -5830.0, -9448.0, 0.0, 749.0, 906.0, 643.0, 96.0, 127.0, 4951.0, 17335.442113300687, 3.338665698052042, 22526.907401818007, 3.3062955893115715, 25684.193429669995, 3.4634131586956665, 5398163.61, 8763772.23, 5551294.62, 5132334.0, 4759401.0, 3630722.0]
[236.44086021505376, 228.10752688172042, 197.50537634408602, 42.0, 43.784946236559136, 29.688172043010752, 186.76353698481424, 175.1689533717061, 161.7584500619146, 27.351575743495545, 33.3752868290445, 28.047699469569636, 2.0, 1.0, 0.0, 0.0, 0.0, 0.0, 775.0, 1008.0, 769.0, 109.0, 131.0, 118.0, 30896.28031476536, 3.407829100513708, 29560.835754022264, 3.4324852511125807, 28572.60632999062, 3.3913002615768373, 7819546.949999997, 7125674.880000001, 5612579.760000001, 5438762.0, 4378503.0, 4554889.0]
[196.61290322580646, 294.98924731182797, 210.19354838709677, 43.73118279569893, 40.82795698924731, 25.946236559139784, 160.98555378464627, 265.7930093064271, 144.70646886658974, 28.663391204198398, 27.567160541955644, 22.846541737825753, 6.0, 2.0, 2.0, 0.0, 0.0, 0.0, 999.0, 1932.0, 790.0, 131.0, 102.0, 86.0, 30232.727032341547, 3.3761879514731414, 84878.95781982075, 3.2957393281467016, 26226.05526366588, 3.445473032059724, 5560815.03, 13570708.8, 5612866.199999999, 7564069.0, 5306458.0, 3555737.0]
[163.88172043010752, 394.97849462365593, 171.63440860215053, -301.78494623655916, 171.11827956989248, -20.688172043010752, 710.5823216615211, 1051.9140419760565, 1586.9997451093343, 1905.6604575149631, 1339.5496148483962, 1406.8217338514642, -4045.0, -449.0, -13044.0, -11249.0, -3150.0, -12150.0, 4050.0, 8561.0, 5850.0, 91.0, 12154.0, 4950.0, 343207.7177933643, 3.396371862127075, 686975.0066674105, 3.5361868932039857, 1605120.5049913386, 3.429088100692264, 45524455.11, 108167253.75, 218036548.86000004, -50135441.0, 89532522.0, -88538482.0]
[207.65591397849462, 244.16129032258064, 196.59139784946237, 35.645161290322584, 36.32258064516129, 15.602150537634408, 161.82152639516812, 178.27880524144473, 155.311974716749, 23.11203580731228, 26.661387684587652, 14.477223329247852, 1.0, 9.0, 0.0, 2.0, 0.0, 0.0, 672.0, 732.0, 541.0, 95.0, 116.0, 61.0, 26594.812984645843, 3.3377912711049964, 40176.4113545045, 3.4034292807555633, 22158.36761545218, 3.3419673298217973, 5970025.260000001, 7875460.409999999, 5406542.91, 4847394.0, 4800221.0, 4261187.0]
[220.2258064516129, 287.0, 230.40860215053763, 41.41935483870968, 44.096774193548384, 23.419354838709676, 161.24556812462072, 210.37203070833306, 209.28024879069298, 30.0403071905229, 37.92041566575549, 19.324079696093722, 1.0, 2.0, 2.0, 0.0, 0.0, 0.0, 895.0, 1156.0, 825.0, 104.0, 173.0, 80.0, 28258.035761817944, 3.3149139937013237, 48389.95207833604, 3.408493478187506, 34204.39898156256, 3.158272734875893, 6419285.009999999, 10910671.649999999, 8338967.760000002, 5456170.0, 6407847.0, 4715983.0]
[249.46808510638297, 244.5212765957447, 293.6595744680851, 45.56382978723404, 54.96808510638298, 26.77659574468085, 237.46455093125354, 172.8350402995354, 221.14445982580014, 28.29094559005263, 43.72604158190845, 20.655991479117098, 6.0, 0.0, 0.0, 1.0, 0.0, 0.0, 1101.0, 659.0, 1013.0, 99.0, 189.0, 85.0, 55730.890165199824, 3.2754411210155077, 32632.16970146973, 3.607355507977762, 56671.853853541485, 3.476995528483943, 10428587.480000002, 7894508.220000001, 11895072.080000002, 5724765.0, 7262605.0, 8108269.0]
[206.72340425531914, 268.3510638297872, 232.8404255319149, 43.90425531914894, 46.07446808510638, 19.24468085106383, 175.73632523041653, 172.4138374462506, 197.56764477561237, 25.546108071710854, 41.294702558457104, 16.90370333554717, 2.0, 4.0, 3.0, 0.0, 0.0, 0.0, 803.0, 742.0, 1221.0, 91.0, 191.0, 81.0, 34938.90416510052, 3.550506551174211, 24712.93842293442, 3.5215721646989375, 23217.187862647446, 3.3819776860462927, 6475840.4799999995, 8961699.62, 8202670.299999999, 5172055.0, 4835325.0, 4900494.0]
[454.741935483871, 13.397849462365592, 98.83870967741936, -136.8709677419355, 125.96774193548387, -1.7849462365591398, 1162.8882792728314, 1824.316376665308, 1512.5040876001005, 2174.932188976927, 1789.7976412919404, 1628.7819058202492, 7.0, -13042.0, -10347.0, -13047.0, -8549.0, -10349.0, 8551.0, 3152.0, 4057.0, 9451.0, 13051.0, 10350.0, 1159508.3518161292, 3.7940212818872174, 7899021.910303329, 3.4829930382013403, 4864333.883332026, 3.3986305630362046, 133588857.69, 284770348.67999995, 196577855.34, -9198164.0, 174004063.0, -17920506.0]
[202.69892473118279, 221.44086021505376, 167.46236559139786, 1.7204301075268817, 63.344086021505376, -94.46236559139786, 163.10864510358388, 134.67726821243824, 156.7713343875324, 425.46571326609904, 232.3354253727204, 1075.1465376275944, 1.0, 6.0, 0.0, -4049.0, 1.0, -10350.0, 757.0, 671.0, 734.0, 103.0, 2257.0, 68.0, 30710.611033193334, 3.251282831639707, 20122.816603657433, 3.312656919849614, 16042.8535289415, 3.3168419759885843, 5829877.050000001, 5793012.779999999, 4528324.38, 4328443.0, 3136302.0, 3562488.0]
[212.20430107526883, 257.258064516129, 224.18279569892474, 46.39784946236559, 44.60215053763441, 29.602150537634408, 147.54833836818602, 155.7628425318583, 166.35961219707139, 28.57870132175291, 33.93540532328077, 24.150407227166202, 2.0, 9.0, 3.0, 0.0, 0.0, 0.0, 621.0, 660.0, 754.0, 124.0, 137.0, 120.0, 23518.357780120074, 3.4381397900846324, 25096.91249271578, 3.42756159188146, 30326.449610318094, 3.465725437966276, 5757387.269999999, 7799918.370000001, 6714725.550000001, 5497720.0, 5404480.0, 4378548.0]
[197.96774193548387, 273.9462365591398, 226.78494623655914, 40.333333333333336, 41.0, 21.0752688172043, 153.18569660304047, 190.95027611302135, 165.746522651068, 24.91827220846326, 27.960764435653168, 18.14988115851606, 9.0, 1.0, 7.0, 0.0, 0.0, 0.0, 718.0, 950.0, 892.0, 95.0, 127.0, 85.0, 24157.86385066667, 3.4675789501971988, 47151.67783833252, 3.3943636274302826, 28296.116413295305, 3.45868829535048, 5397387.989999999, 9610464.69, 6798799.4099999955, 5119360.0, 5259204.0, 4103292.0]
[202.36559139784947, 246.03225806451613, 278.63440860215053, 38.505376344086024, 41.72043010752688, 18.301075268817204, 182.1031590673525, 180.14115549931483, 220.35128993743623, 24.226119418616896, 35.11514153510402, 18.600949570336084, 4.0, 1.0, 3.0, 1.0, 0.0, 0.0, 839.0, 825.0, 957.0, 88.0, 160.0, 85.0, 40929.30178255234, 3.3600132871715553, 43085.882079062525, 3.271335980869197, 56938.0546144777, 3.3399270749086183, 6379227.119999999, 8011895.13, 10869175.05, 4557462.0, 5758319.0, 6150779.0]
[212.13978494623655, 245.78494623655914, 201.68817204301075, 38.68817204301075, 42.98924731182796, 24.956989247311828, 165.5610744656307, 167.74338900096686, 171.1600432404042, 22.44412312670293, 36.010715381027765, 21.139759561430697, 3.0, 2.0, 5.0, 0.0, 0.0, 0.0, 747.0, 830.0, 798.0, 87.0, 167.0, 75.0, 32363.44656875346, 3.406163063888955, 27766.09141099277, 3.4907172813297946, 32598.12605715615, 3.275318026161242, 6237574.170000001, 7632355.619999999, 6024795.749999999, 4554746.0, 5353197.0, 4185146.0]
[192.03225806451613, 271.03225806451616, 218.27956989247312, 44.55913978494624, 45.67741935483871, 27.107526881720432, 163.39206326933675, 213.44678858395187, 160.4923379988426, 26.271766282452596, 39.40209696757008, 26.729100883392906, 0.0, 0.0, 3.0, 0.0, 0.0, 0.0, 651.0, 986.0, 778.0, 99.0, 158.0, 101.0, 34626.80937969143, 3.2500409030980673, 50685.62620397158, 3.4318383375559884, 25599.480507972643, 3.4258434531869573, 5473631.25, 10251497.879999999, 6324736.5600000005, 4649913.0, 5341603.0, 4127427.0]
[210.31182795698925, 241.18279569892474, 200.1290322580645, 43.1505376344086, 40.69892473118279, 22.677419354838708, 202.9065954793327, 152.2522182487478, 170.4172134731886, 23.78935925657188, 32.263448475432405, 26.664241357685874, 3.0, 11.0, 1.0, 0.0, 2.0, 0.0, 1150.0, 604.0, 902.0, 85.0, 145.0, 117.0, 47210.91750979612, 3.4857916853498274, 24581.510190238518, 3.4970843730088323, 32690.82381561514, 3.404834003717268, 7348142.969999999, 7014392.939999999, 5948901.239999999, 4575454.0, 4498240.0, 4143640.0]
[267.1290322580645, 293.7204301075269, 219.33333333333334, 38.74193548387097, 50.483870967741936, 25.258064516129032, 203.39494809074267, 263.2816876998358, 171.4643665182572, 24.319835894847525, 34.004671323352866, 19.15037928209168, 10.0, 0.0, 1.0, 0.0, 0.0, 1.0, 927.0, 1489.0, 1025.0, 89.0, 139.0, 104.0, 33265.012710938114, 3.359817532863171, 50483.17132975781, 3.0511649367953986, 22545.175319255944, 3.456934809079051, 9711321.33, 13392422.22, 6676250.520000001, 8604746.0, 5949747.0, 5894949.0]
[228.1720430107527, 258.8709677419355, 227.8494623655914, 43.13978494623656, 47.924731182795696, 26.27956989247312, 167.77991689787845, 198.21070397358832, 154.74817876546896, 28.518716736576266, 33.699192532946604, 23.24415101342133, 8.0, 5.0, 5.0, 0.0, 0.0, 0.0, 773.0, 1248.0, 665.0, 103.0, 138.0, 98.0, 33425.25607500428, 3.4662858307778244, 61889.39576334976, 3.332112081889329, 22888.4813618888, 3.368104234348331, 6911406.599999999, 9157493.309999999, 6539066.220000002, 5608386.0, 5363793.0, 4523079.0]
[284.02150537634407, 330.8817204301075, 349.21505376344084, 138.9247311827957, -31.93548387096774, -41.31182795698925, 974.9118240896881, 1059.9533198238985, 887.4655884261011, 882.3216686003583, 704.9454929044794, 703.8559168653801, 2.0, 2.0, 3.0, 1.0, -6750.0, -6750.0, 9450.0, 10358.0, 8553.0, 8551.0, 147.0, 101.0, 2072694.325105239, 3.8230126254031815, 2467392.510083799, 3.8258219841763403, 1686652.761463914, 3.8076110182968708, 88297758.17999999, 105595908.84000002, 77934198.08999999, 101503176.0, 93596868.0, 84685574.0]
[198.88172043010752, 257.35483870967744, 231.61290322580646, 50.193548387096776, 44.59139784946237, 28.698924731182796, 158.97202717174773, 175.7581493664624, 166.39940375742785, 30.30147724355456, 38.16361702366701, 26.72231804016869, 0.0, 2.0, 3.0, 1.0, 0.0, 0.0, 781.0, 861.0, 742.0, 110.0, 158.0, 127.0, 28791.206470485566, 3.3169949816119164, 28462.442801990444, 3.2555982827658614, 28402.902006122345, 3.4186230874191086, 5583301.500000001, 8371391.279999998, 7008766.440000001, 4851987.0, 4690099.0, 4651742.0]
