[300.0752688172043, 368.3010752688172, 613.6129032258065, 56.075268817204304, 82.26881720430107, 33.16129032258065, 271.1931862584766, 230.26854761467175, 402.8041392715643, 33.08264899201885, 48.10340758628098, 30.55475851454546, 3.0, 1.0, 5.0, 2.0, 1.0, 0.0, 1623.0, 1231.0, 1608.0, 151.0, 190.0, 107.0, 85539.34544428074, 3.158244535562538, 53471.60998323944, 3.1786173379903855, 131150.82013176347, 3.039355384178189, 14080580.37, 16268694.6, 46447494.059999995, 12081056.0, 21599503.0, 17399221.0]
[327.83870967741933, 355.505376344086, 626.483870967742, 59.935483870967744, 68.49462365591398, 35.666666666666664, 255.88211833825648, 258.6962976683325, 410.33336428533613, 31.69378160501469, 43.45427973517082, 27.10901235243803, 5.0, 7.0, 20.0, 0.0, 0.0, 0.0, 1719.0, 1324.0, 1725.0, 127.0, 207.0, 119.0, 40010.58896577016, 3.2920242216095525, 72308.0516318457, 3.0751506088872813, 139328.3955322223, 3.108507883519927, 14897888.549999999, 16656956.580000002, 48351805.76999999, 12588393.0, 19956098.0, 19893760.0]
[298.8494623655914, 360.38709677419354, 662.3763440860215, 53.58064516129032, 69.47311827956989, 41.763440860215056, 267.5614088894019, 234.09209597274838, 378.8180392030182, 29.32884119201096, 41.75773591382681, 33.58163248273829, 2.0, 3.0, 5.0, 0.0, 2.0, 1.0, 1204.0, 974.0, 1573.0, 118.0, 170.0, 115.0, 86740.26991784984, 3.0966876045836433, 60724.213034349035, 2.918483022563201, 150289.68395023834, 3.0185696255255547, 13849672.530000001, 15921834.360000001, 50224957.82999999, 10984430.0, 23007231.0, 18912038.0]
[266.6170212765957, 420.8723404255319, 622.031914893617, 64.82978723404256, 74.43617021276596, 26.4468085106383, 229.39898596315604, 247.65394838655965, 375.70067736229504, 36.82204759653591, 48.30337785348699, 22.96028221946207, 0.0, 2.0, 9.0, 3.0, 1.0, 0.0, 905.0, 1049.0, 1645.0, 147.0, 179.0, 91.0, 55571.56364754978, 3.1741478617328953, 58540.59717440591, 3.1263710918945904, 176021.86838436773, 3.104030255177563, 10881419.32, 21013203.679999996, 46527998.74, 12729639.0, 24962296.0, 14773773.0]
[321.48936170212767, 394.968085106383, 612.468085106383, 59.351063829787236, 79.62765957446808, 37.329787234042556, 296.07343410078755, 256.36534968453594, 375.0779331815384, 33.442844018719434, 46.0541952935987, 29.672545617036366, 2.0, 18.0, 5.0, 3.0, 0.0, 0.0, 1734.0, 980.0, 1504.0, 136.0, 176.0, 104.0, 62406.38707750051, 3.375086810015331, 74873.43054495593, 2.986445450171142, 137055.20364722476, 3.051360769354175, 16795675.6, 19529662.779999997, 45443899.56000002, 13750593.0, 22723843.0, 17432904.0]
[311.83870967741933, 416.6236559139785, 613.4516129032259, 55.31182795698925, 60.31182795698925, 36.43010752688172, 282.4105587662487, 269.02250245215447, 372.0336449292278, 30.282359082843154, 39.87588856707218, 25.682170202158932, 0.0, 6.0, 2.0, 2.0, 1.0, 0.0, 1472.0, 1218.0, 1619.0, 133.0, 186.0, 89.0, 93235.34133424856, 3.0943402487565166, 71932.40093415703, 2.922339610004185, 116784.83244667192, 3.3295315001280708, 15234479.730000004, 21204768.179999996, 44390442.87, 13740551.0, 23878891.0, 17244366.0]
[251.25531914893617, 392.3829787234043, 617.9148936170212, 54.09574468085106, 72.18085106382979, 30.71276595744681, 185.16188419461278, 256.63580765683685, 371.38907111193566, 29.06687474607485, 45.43267801402385, 23.194188343470376, 1.0, 11.0, 1.0, 0.0, 0.0, 0.0, 784.0, 1221.0, 1561.0, 107.0, 185.0, 94.0, 39309.17071112117, 3.3814762134657395, 58931.21102603826, 3.0281790159823574, 162759.16226104586, 2.8531930142076196, 8575287.24, 19361945.160000004, 45795337.36000001, 9768902.0, 20544859.0, 15560824.0]
[300.86021505376345, 383.8817204301075, 587.9032258064516, 61.74193548387097, 72.46236559139786, 34.225806451612904, 249.29620898240054, 275.53358705792647, 346.2609616697175, 34.99717480082172, 45.998714334534476, 27.497877005901692, 1.0, 2.0, 12.0, 0.0, 0.0, 0.0, 1071.0, 1005.0, 1421.0, 135.0, 182.0, 106.0, 49502.78789780294, 3.3745196302608194, 78247.18547538207, 2.7185922375755003, 132645.99315394097, 3.0513391786646413, 13146238.200000001, 19241222.91, 40151913.93000001, 13154022.0, 21545477.0, 16167349.0]
[250.5483870967742, 419.5698924731183, 573.4731182795699, 64.93548387096774, 61.0, 32.97849462365591, 206.89114529821003, 247.93413386594813, 344.343944315723, 33.18027388426839, 42.9339735752064, 23.619252691590603, 7.0, 3.0, 18.0, 1.0, 0.0, 1.0, 908.0, 1137.0, 1384.0, 143.0, 159.0, 94.0, 54156.16691698429, 2.9423085339756008, 58672.701084908025, 3.009763568568456, 121684.9407343913, 3.0394647039891702, 9091671.629999999, 20485091.400000002, 38589173.55, 10512566.0, 22482014.0, 12064023.0]
[323.1182795698925, 410.4301075268817, 668.483870967742, 61.98924731182796, 70.70967741935483, 41.043010752688176, 303.353784328749, 281.2991366873977, 423.4649673129697, 35.557208840321806, 44.907533173893846, 30.468413429711045, 1.0, 5.0, 21.0, 0.0, 1.0, 0.0, 1589.0, 1219.0, 1960.0, 146.0, 188.0, 113.0, 76388.84286374266, 3.1364753917296735, 62437.67949088212, 2.9907246655905633, 141181.46018773958, 3.098606961722261, 16903557.240000002, 21339783.720000003, 53992685.42999999, 14616404.0, 27518889.0, 18836503.0]
[305.89247311827955, 405.39784946236557, 641.1720430107526, 78.44086021505376, 60.44086021505376, 44.064516129032256, 241.22258629403348, 258.8617282317937, 387.41752624874084, 44.881598428675154, 39.48264956462891, 34.62432119931485, 1.0, 3.0, 18.0, 1.0, 1.0, 0.0, 1051.0, 1113.0, 1519.0, 164.0, 167.0, 146.0, 59807.610182026096, 3.296787394023732, 70426.90387819095, 3.2359720106540837, 151865.95704219743, 3.175687983851064, 13071481.080000002, 19947731.82, 48398076.98999998, 12047347.0, 22440006.0, 17051524.0]
[265.31182795698925, 399.36559139784947, 648.1505376344086, 65.10752688172043, 72.98924731182795, 29.010752688172044, 210.88163682474374, 258.9684295408057, 328.4165550240095, 37.068228035431765, 45.49211461142038, 24.952343544051047, 5.0, 2.0, 32.0, 1.0, 4.0, 0.0, 1091.0, 1163.0, 1335.0, 148.0, 171.0, 100.0, 53113.74451701005, 3.469931577249218, 53822.45235358175, 2.67429412165891, 108794.48428700688, 2.8445971207116783, 9893007.059999999, 19532590.050000004, 45562654.85999999, 10811592.0, 22715151.0, 15921257.0]
[286.1489361702128, 363.20212765957444, 586.2659574468086, 65.52127659574468, 62.87234042553192, 40.47872340425532, 208.52636858849664, 248.67167885867525, 355.46840748668006, 34.662963632891305, 45.89779061905727, 31.637982047377783, 2.0, 19.0, 46.0, 0.0, 6.0, 1.0, 869.0, 1145.0, 1495.0, 147.0, 208.0, 129.0, 45731.72156244675, 3.340977504177786, 60078.98075875101, 2.929603643181113, 133892.2816132962, 3.0241277461644804, 11036329.44, 17061922.139999993, 41416216.699999996, 10975228.0, 20534974.0, 15993410.0]
[306.2258064516129, 437.8494623655914, 623.1182795698925, 65.23655913978494, 69.34408602150538, 39.1505376344086, 231.57326425581294, 305.0116158243015, 373.0468512790074, 35.55014763299082, 44.510989025099406, 25.99621470629202, 1.0, 25.0, 14.0, 1.0, 0.0, 1.0, 1316.0, 1367.0, 1615.0, 135.0, 195.0, 108.0, 53684.26160996507, 3.102385712081851, 85586.9258208682, 2.988628092657849, 167999.10075595087, 2.994782446350619, 12698790.090000002, 24541009.259999994, 45488892.83999999, 14680342.0, 24460613.0, 16460148.0]
[262.3829787234043, 409.72340425531917, 573.8297872340426, 64.12765957446808, 71.05319148936171, 25.5531914893617, 231.11264796900855, 258.14305462408254, 336.2886828945705, 35.34172167902553, 49.268927812256976, 20.26736187684052, 11.0, 1.0, 9.0, 1.0, 0.0, 0.0, 1119.0, 1208.0, 1338.0, 148.0, 197.0, 84.0, 58104.56170228896, 3.420274846650219, 50190.09480061267, 2.851369717261423, 104988.37101041788, 3.002500667238552, 10752498.32, 20658761.639999997, 38981570.64, 11573378.0, 22182723.0, 13641380.0]
[271.8404255319149, 384.2659574468085, 641.4787234042553, 56.702127659574465, 68.38297872340425, 43.8936170212766, 220.69817384745605, 262.7677815119014, 353.3275530686682, 31.45908070597817, 44.84240178094181, 28.053508045486964, 0.0, 8.0, 3.0, 0.0, 0.0, 0.0, 1144.0, 1150.0, 1600.0, 142.0, 224.0, 101.0, 46261.18738502901, 3.3380815519541747, 68946.03518352963, 2.7476405468777294, 104545.19745785637, 3.1223294606182863, 10787583.82, 19083347.02, 47273238.260000005, 11625429.0, 22881391.0, 16335525.0]
[281.5698924731183, 438.18279569892474, 680.236559139785, 65.16129032258064, 63.483870967741936, 39.45161290322581, 258.73649504136955, 282.01714973432564, 423.972937965576, 34.16370128182091, 44.258041004413954, 30.241605421293745, 8.0, 5.0, 11.0, 0.0, 1.0, 0.0, 1488.0, 1105.0, 1678.0, 144.0, 164.0, 117.0, 67580.15690088594, 3.324912198564827, 92646.8440175452, 2.5694225361492875, 175581.4325898426, 3.0937072750133177, 12584843.7, 23411341.05, 55400477.58, 12684319.0, 26968880.0, 17675285.0]
[281.2043010752688, 408.23655913978496, 652.010752688172, 62.01075268817204, 69.05376344086021, 37.10752688172043, 249.7878473363983, 288.3231278274528, 371.577088222375, 36.14328208180178, 46.6977714744779, 27.86319934093816, 3.0, 3.0, 4.0, 2.0, 0.0, 1.0, 1139.0, 1220.0, 1380.0, 164.0, 182.0, 118.0, 78385.74527657659, 3.4334953138056066, 82173.6433004276, 3.048825182364351, 133838.63175578357, 3.246507881496167, 12177699.000000002, 21526793.69999999, 48581686.89000001, 12377878.0, 24233914.0, 16030057.0]
[268.0744680851064, 413.9148936170213, 635.4468085106383, 61.8936170212766, 74.87234042553192, 41.276595744680854, 205.79226603657077, 270.3316823560872, 364.3928996458157, 37.778775427453795, 49.541170896723344, 32.95595113432707, 3.0, 7.0, 2.0, 1.0, 3.0, 1.0, 1002.0, 1155.0, 1582.0, 161.0, 176.0, 128.0, 40210.04782574003, 3.332369668274711, 69004.3727718094, 2.818512780585406, 136734.4355942402, 3.1173403715487873, 10052172.939999998, 21526909.92, 47286936.88000001, 12141678.0, 24184064.0, 14596571.0]
[319.6774193548387, 431.68817204301075, 715.5698924731183, -56.03225806451613, 169.2688172043011, 64.47311827956989, 412.55289940886274, 279.8108048110608, 805.4277475199053, 1173.775267835751, 1068.0334034405898, 138.73462244577104, 8.0, 4.0, 14.0, -11249.0, 2.0, 1.0, 3151.0, 1378.0, 7684.0, 143.0, 10351.0, 1351.0, 359073.39667399693, 3.5042720857633465, 110936.54071607257, 2.680107031203346, 1450187.4967964499, 3.7671194412661886, 23401032.0, 22816658.13, 99790320.59999998, 17440226.0, 34897648.0, 40474524.0]
[229.8709677419355, 407.10752688172045, 641.6559139784946, 63.946236559139784, 69.74193548387096, 42.236559139784944, 205.7220172638232, 275.0439673297151, 382.2990661381211, 34.38603280384217, 45.314577562760576, 33.09912577640421, 7.0, 0.0, 7.0, 0.0, 1.0, 0.0, 1075.0, 1171.0, 1494.0, 140.0, 181.0, 140.0, 46998.13521622284, 3.2845184862930155, 70043.31177066095, 2.8209041605401115, 149969.17848558235, 3.1276390773916853, 8191220.52, 20807097.39, 48114677.16, 9598172.0, 22583403.0, 12928178.0]
[358.06451612903226, 429.9139784946237, 647.752688172043, 67.44086021505376, 55.086021505376344, 60.064516129032256, 331.55177989108745, 323.53931472394976, 374.29053629947333, 41.99908445316589, 38.30985113234115, 40.942379035933165, 20.0, 3.0, 17.0, 1.0, 1.0, 1.0, 2213.0, 1881.0, 1770.0, 161.0, 174.0, 174.0, 100819.57416099301, 3.4008256213377286, 144433.13023288554, 3.218658734014283, 141184.88637722345, 3.0758945241790765, 20494218.419999998, 24941826.24, 48276172.59, 19028847.0, 25893938.0, 23491014.0]
[232.46236559139786, 399.6989247311828, 575.0645161290323, 60.11827956989247, 59.54838709677419, 35.38709677419355, 205.17005455389315, 249.79699518444784, 330.6669415396843, 33.051293950321465, 46.160757879636684, 26.287305689109846, 2.0, 2.0, 14.0, 2.0, 0.0, 0.0, 1076.0, 1059.0, 1361.0, 132.0, 161.0, 111.0, 48135.26934419817, 3.3890625591147083, 52276.92662130261, 2.91655201955915, 96470.94440892972, 3.220995859207153, 8275438.53, 19156394.82, 37957357.59, 10311117.0, 21853930.0, 11279676.0]
[241.95698924731184, 393.23655913978496, 570.6344086021505, 64.63440860215054, 65.66666666666667, 35.58064516129032, 177.56406767690154, 259.46790862344255, 346.9740870209887, 36.0228746608489, 50.27734672994288, 31.506149358582835, 10.0, 9.0, 16.0, 0.0, 2.0, 0.0, 925.0, 1073.0, 1378.0, 151.0, 190.0, 147.0, 25954.321251389712, 3.475073289978329, 52612.90923923934, 3.089773148900738, 112256.88050294515, 3.0641261357930323, 7761021.12, 19134587.250000007, 38463843.029999994, 10096093.0, 21671855.0, 14067087.0]
[235.8494623655914, 398.0752688172043, 562.3548387096774, 60.53763440860215, 56.59139784946237, 44.88172043010753, 191.24335431684938, 254.22457705220518, 342.7661024397937, 32.225954682719895, 39.02541996519141, 34.64442029934276, 2.0, 9.0, 10.0, 1.0, 4.0, 0.0, 1055.0, 1178.0, 1912.0, 147.0, 161.0, 133.0, 30650.219973375097, 3.4110214816247426, 83993.82915614442, 2.697891258614863, 126581.10024764313, 3.245602888010478, 7940276.759999999, 19235298.81, 37404178.71, 9663372.0, 20185616.0, 12158513.0]
[257.64516129032256, 440.55913978494624, 640.763440860215, 60.96774193548387, 66.65591397849462, 36.89247311827957, 265.1045997485788, 279.74835207058595, 408.36765185759265, 34.32721433147126, 50.573556981209556, 34.914947081254034, 2.0, 13.0, 34.0, 0.0, 0.0, 0.0, 1457.0, 1187.0, 1950.0, 163.0, 196.0, 162.0, 96838.95579380632, 3.484927807607861, 88847.3957341943, 2.6008519041643448, 214414.18621131964, 3.067331901968334, 11754490.41, 23482899.900000002, 49779212.550000004, 12525710.0, 26171525.0, 14371037.0]
[241.39361702127658, 398.5531914893617, 577.2765957446809, 58.255319148936174, 54.861702127659576, 34.297872340425535, 225.33044876717216, 264.93779416053707, 336.6476222950173, 30.739955495666276, 45.7660251183793, 26.756902350260532, 8.0, 0.0, 15.0, 2.0, 0.0, 0.0, 1421.0, 1115.0, 1332.0, 136.0, 200.0, 114.0, 41290.05870938079, 3.3807990668644567, 64131.67768412781, 2.8543739454330925, 113095.09262743377, 3.068104714512838, 9587461.38, 20171700.640000004, 39353267.32000001, 10846067.0, 22012172.0, 15157187.0]
[315.06451612903226, 374.23655913978496, 638.3870967741935, 53.59139784946237, 60.89247311827957, 42.88172043010753, 289.795610374668, 242.46122046939806, 369.4015734135315, 29.565048606618834, 44.481667539314145, 31.789678890552974, 1.0, 0.0, 59.0, 0.0, 0.0, 2.0, 1222.0, 1079.0, 1528.0, 126.0, 186.0, 113.0, 54677.774791843774, 3.4223485503446387, 48875.86806059449, 2.487846333813827, 113109.56654987123, 2.903629251648983, 15770942.79, 17143037.819999997, 46923274.61999999, 12697016.0, 22459394.0, 18316046.0]
[212.9787234042553, 317.1808510638298, 523.968085106383, -84.08510638297872, 64.52127659574468, 34.96808510638298, 363.8012271498986, 1202.0646929683062, 1208.9294691321236, 1365.8532695605863, 45.675745598590815, 41.61561228122285, -2505.0, -10935.0, -10425.0, -13182.0, 5.0, 0.0, 1406.0, 1149.0, 1630.0, 128.0, 183.0, 310.0, 61341.39358361001, 3.5653890260504744, 68770.48354043269, 2.9274920210356967, 211537.6715361792, 3.0200990913407084, 15578157.520000001, 135207704.02000004, 152023824.61999997, 38679405.0, 138974219.0, 40638318.0]
[246.27956989247312, 414.02150537634407, 593.8602150537635, 63.16129032258065, 60.73118279569893, 34.16129032258065, 217.33896415264206, 277.23530182134107, 356.73076534472256, 34.06620482766533, 37.91613737692419, 28.08190285365627, 1.0, 6.0, 17.0, 0.0, 0.0, 0.0, 873.0, 1251.0, 1404.0, 150.0, 166.0, 124.0, 38614.438692742435, 3.394378715647338, 70931.73977066949, 2.785519102278198, 116546.02818207862, 3.3078577712754185, 9287463.600000001, 21401671.499999996, 41390519.55, 10545142.0, 20835191.0, 13607237.0]
[323.9569892473118, 418.7956989247312, 651.3548387096774, 58.54838709677419, 59.86021505376344, 40.645161290322584, 287.17230526737075, 271.9763240630789, 397.5322148597927, 32.64083736172549, 41.42373594876794, 31.48210159594838, 7.0, 3.0, 2.0, 1.0, 0.0, 0.0, 1394.0, 1116.0, 1928.0, 138.0, 159.0, 136.0, 74518.02828479103, 3.3712430757798852, 70644.88415797097, 2.809616623616934, 157970.7837975331, 3.233773450610742, 16132920.180000002, 21498436.14, 50215723.86000001, 14465165.0, 24200940.0, 18904765.0]
[173.38709677419354, 280.59139784946234, 621.8064516129032, 66.29032258064517, 62.98924731182796, 34.16129032258065, 902.5692076590612, 1434.1828474518857, 386.5132951778355, 57.84303735582169, 56.89798166811863, 26.372041487719795, -8175.0, -13129.0, 12.0, 0.0, 0.0, 0.0, 1105.0, 1225.0, 1383.0, 514.0, 416.0, 101.0, 1452189.7556545923, 3.797139181978089, 3657267.7290953435, 3.8234309668794437, 146281.47114997162, 2.9415097356815876, 72299999.55, 182796180.69, 46222800.480000004, 118465746.0, 11022184.0, 7993965.0]
[259.0430107526882, 397.03225806451616, 611.236559139785, 58.913978494623656, 54.494623655913976, 34.61290322580645, 216.68133855455426, 289.84709055746674, 353.9130143020734, 33.01240080372252, 39.8992273151493, 29.944888602834798, 2.0, 3.0, 17.0, 0.0, 1.0, 0.0, 969.0, 1224.0, 1510.0, 142.0, 151.0, 122.0, 45051.42925618159, 3.354427630925395, 73512.66794963712, 2.889043881063322, 106747.02128457637, 3.1532391302024307, 9820873.469999999, 20821827.66, 43030308.56999999, 10008375.0, 21817387.0, 16220682.0]
[262.8817204301075, 309.64516129032256, 718.7311827956989, 203.29032258064515, 84.74193548387096, -53.494623655913976, 476.41952305172595, 794.2828272582881, 1260.2149759654103, 1347.2803651014656, 231.7874730843362, 891.1161128614025, -3139.0, -6739.0, 1.0, 1.0, 0.0, -8549.0, 2331.0, 1207.0, 12150.0, 13052.0, 2250.0, 119.0, 46514.09426593558, 3.418032027197257, 119343.09670434758, 2.9220953173306787, 193757.52743083378, 3.2040578512248814, 25397076.119999997, 62271210.63, 180559940.82, 33617051.0, -61593606.0, -20087763.0]
[234.4731182795699, 425.19354838709677, 594.3655913978495, 69.05376344086021, 56.53763440860215, 38.70967741935484, 178.19234791784686, 265.6970838995168, 409.7289874429257, 37.34864108796122, 40.908317199345674, 30.616697861433206, 9.0, 1.0, 6.0, 1.0, 1.0, 1.0, 728.0, 1281.0, 2226.0, 162.0, 176.0, 112.0, 40074.81813176542, 3.334761340609465, 63276.143598277136, 2.7827124119962994, 174804.18272007158, 2.8113661725711867, 7471761.36, 21676591.589999996, 44917990.02, 10332178.0, 21488062.0, 14440880.0]
[249.44086021505376, 393.7956989247312, 564.5698924731183, 65.19354838709677, 53.26881720430107, 35.806451612903224, 229.9725154828569, 270.51635645878133, 361.00178844099514, 37.318330402246296, 46.06638399587439, 29.796869570227226, 1.0, 2.0, 3.0, 1.0, 0.0, 0.0, 1175.0, 1386.0, 1630.0, 165.0, 196.0, 129.0, 50435.20936301798, 3.2630942496975193, 66561.62933148013, 2.6717400316811126, 125735.40176041742, 3.0368237969056144, 9906514.38, 19673645.009999998, 38718125.489999995, 10771779.0, 20703490.0, 13630578.0]
[218.4787234042553, 335.8085106382979, 571.6489361702128, -70.95744680851064, 67.59574468085107, 48.255319148936174, 1228.4718256533845, 1293.4528290595135, 1401.4409382439037, 1325.9392444189082, 46.30574388973168, 51.764548870723495, -11235.0, -11655.0, -12285.0, -12785.0, 0.0, 0.0, 1228.0, 1450.0, 1680.0, 148.0, 172.0, 425.0, 645989.1926977523, 3.728314735839176, 762008.4728211224, 3.6787991877474324, 912188.1889392362, 3.6007258305679297, 136146967.06, 156219551.27999994, 200570590.86, 148525012.0, 171970813.0, 159861530.0]
[267.40860215053766, 424.23655913978496, 576.0967741935484, 65.81720430107526, 62.96774193548387, 33.86021505376344, 231.36646240369126, 279.6528281657013, 333.27495713704394, 35.58545936455041, 44.493636968844065, 28.09246819911819, 0.0, 1.0, 8.0, 2.0, 1.0, 0.0, 1205.0, 1138.0, 1361.0, 147.0, 175.0, 104.0, 74876.5140685185, 3.241885031046408, 72920.79176306629, 2.7258836734511602, 89834.24925576067, 3.0768626226185196, 10764736.050000003, 22257461.22, 38208286.469999984, 11968914.0, 21089868.0, 14614032.0]
[144.8494623655914, 275.7204301075269, 476.247311827957, 70.13978494623656, 63.8494623655914, 44.946236559139784, 1268.7097258224387, 1338.293676466185, 1234.7247682740615, 41.74497923412583, 46.626160374081266, 120.70430682775786, -11775.0, -12255.0, -10811.0, 1.0, 0.0, 2.0, 1277.0, 1178.0, 1686.0, 296.0, 195.0, 1170.0, 2550635.011049256, 3.8057763745389592, 2852161.2679938246, 3.797737232112024, 2385767.1229946697, 3.7832062530663926, 139534139.36999997, 159815645.4, 150057018.69000003, 155434759.0, 153176739.0, 142946619.0]
[300.258064516129, 393.1720430107527, 630.763440860215, 57.73118279569893, 64.76344086021506, 36.46236559139785, 271.8184297757943, 241.50099575165652, 351.43690750012183, 30.517329284019368, 44.741381936603254, 25.004155802318724, 6.0, 0.0, 15.0, 3.0, 2.0, 2.0, 1516.0, 1076.0, 1375.0, 126.0, 213.0, 99.0, 44974.237601392204, 3.3602016545566156, 54250.40396947839, 2.8573956841808856, 116209.88702023803, 2.9388844751905423, 14119120.500000002, 18360085.110000003, 44978465.13000002, 12098759.0, 22005599.0, 18295050.0]
[306.258064516129, 402.64516129032256, 559.9032258064516, 63.333333333333336, 67.41935483870968, 35.053763440860216, 229.5740812151459, 282.4245434109749, 337.8602124276473, 32.96286887753675, 47.297697935671515, 23.24368338289569, 3.0, 7.0, 2.0, 1.0, 1.0, 1.0, 1088.0, 1323.0, 1493.0, 146.0, 196.0, 111.0, 59770.672770093144, 3.4621954762853697, 58583.333327498716, 3.209212697060125, 124049.76485077929, 3.2556715880178886, 12621619.62, 20846604.72, 36880523.60999999, 12384811.0, 20746030.0, 16305044.0]
[324.8494623655914, 474.9139784946237, 556.0322580645161, 132.5483870967742, -73.27956989247312, -59.97849462365591, 442.24973139413675, 715.5283188865167, 637.0974338768399, 601.0186916743401, 1266.4516362964969, 984.7340071054126, 7.0, 14.0, -4023.0, 3.0, -12149.0, -9450.0, 4076.0, 6784.0, 1927.0, 5854.0, 196.0, 111.0, 45175.359936526445, 3.3761015900734392, 85561.37015820408, 3.1064194226715083, 170329.6769737482, 3.0642531528240005, 25861282.830000002, 63312314.01, 61468492.29000001, 39030231.0, -4105649.0, 864086.0]
[266.5483870967742, 439.13978494623655, 634.752688172043, 55.10752688172043, 70.56989247311827, 36.54838709677419, 209.80050131167738, 286.72136873846284, 372.4326509268365, 29.818094289844776, 49.840920382287585, 24.32323818591035, 0.0, 12.0, 1.0, 0.0, 3.0, 1.0, 1282.0, 1079.0, 1499.0, 132.0, 196.0, 104.0, 53345.594087316895, 3.4955902879905607, 82283.6018523664, 2.7280414497379497, 154939.6640923214, 3.1871930451527137, 9910975.59, 23712870.300000004, 46715462.39999999, 12097874.0, 25602493.0, 16581532.0]
[241.62765957446808, 413.06382978723406, 625.531914893617, 60.41489361702128, 72.6063829787234, 29.48936170212766, 218.41840995522043, 279.2232239359309, 334.7104896380051, 34.3984900814125, 56.58948914242058, 25.781440636795782, 8.0, 2.0, 5.0, 0.0, 0.0, 0.0, 1445.0, 1151.0, 1460.0, 140.0, 212.0, 109.0, 72421.19442821649, 3.4818195196903234, 76815.36390903579, 2.703584432564377, 128155.13692092765, 3.164725261015574, 9329314.819999998, 21891889.360000003, 44368159.8, 10262184.0, 23109598.0, 14313646.0]
[280.86170212765956, 422.3191489361702, 579.2978723404256, 79.80851063829788, 58.319148936170215, 47.51063829787234, 251.13384175473234, 263.15669369375166, 362.11807703545327, 44.5624550480389, 33.58673982006917, 37.255509711843565, 1.0, 13.0, 1.0, 2.0, 2.0, 1.0, 1296.0, 1062.0, 1665.0, 164.0, 146.0, 154.0, 47174.57271735491, 3.3711274521080834, 79820.95628546624, 2.887833380281285, 153848.98967946027, 2.931035447791232, 12483550.62, 21813273.400000006, 41115722.20000001, 12795840.0, 21037714.0, 15022452.0]
[274.7741935483871, 381.2795698924731, 618.0215053763441, 60.075268817204304, 58.31182795698925, 39.43010752688172, 209.40978803959524, 273.1746282377931, 372.7782584423003, 32.84093302146621, 35.95830269203232, 28.305168466992633, 9.0, 1.0, 5.0, 0.0, 1.0, 0.0, 994.0, 1104.0, 1555.0, 182.0, 179.0, 115.0, 38753.638612872106, 3.562672318812058, 61488.38306019814, 3.0408732729214174, 153947.13426273724, 2.948883006718991, 10282085.579999998, 18958268.549999993, 44924633.94000002, 11244245.0, 21307425.0, 15550464.0]
[236.50526315789475, 443.4736842105263, 635.9368421052632, 50.71578947368421, 65.89473684210526, 35.589473684210525, 187.66214967012655, 294.3798328728373, 339.9380046897887, 28.678950379133894, 42.450089262420384, 29.345881126347983, 1.0, 3.0, 19.0, 1.0, 0.0, 0.0, 818.0, 1153.0, 1644.0, 123.0, 170.0, 100.0, 28131.468446182294, 3.467138386314502, 100118.30145014096, 2.619440521006651, 127422.39153949877, 3.1121321590525204, 8192995.7, 25488061.10000001, 46817829.70000001, 10869745.0, 24913004.0, 14014766.0]
[272.80645161290323, 440.0537634408602, 642.8602150537635, 63.634408602150536, 66.86021505376344, 32.73118279569893, 212.74904884396364, 302.34889742435985, 368.0998385184983, 36.30450473493091, 41.41087638002781, 31.01827644447363, 9.0, 0.0, 17.0, 0.0, 6.0, 0.0, 1036.0, 1201.0, 1473.0, 143.0, 169.0, 124.0, 53083.42584109281, 3.48269922156904, 78019.00115458238, 2.3357139600929573, 159724.69641253114, 2.9175081352559693, 10309506.63, 24570011.309999995, 47336823.300000004, 12993681.0, 23113529.0, 15695935.0]
[247.82978723404256, 391.90425531914894, 551.8297872340426, 58.776595744680854, 56.48936170212766, 44.01063829787234, 289.31779744838434, 277.49540610937163, 320.74850759541414, 33.92754907351687, 40.70236702341309, 38.16418821295413, 1.0, 0.0, 37.0, 1.0, 0.0, 0.0, 2482.0, 1107.0, 1275.0, 134.0, 176.0, 175.0, 26574.9345813315, 3.51033410739885, 62841.738845954074, 3.1934418733132315, 83510.37387130276, 3.178257093466911, 12744508.720000003, 20302782.7, 35900778.92000001, 11382146.0, 20140492.0, 14651192.0]
[266.97849462365593, 396.0537634408602, 562.010752688172, 52.56989247311828, 70.20430107526882, 38.483870967741936, 218.5520024922247, 269.5139088768405, 351.24810055570765, 30.329494128962107, 47.37008759429284, 27.682050731093277, 5.0, 1.0, 10.0, 1.0, 4.0, 1.0, 1157.0, 1088.0, 1443.0, 135.0, 189.0, 106.0, 31176.404798076026, 3.474145617961422, 78476.22549382936, 2.4790935157951446, 119073.0058063873, 3.1203507631169995, 10251563.909999996, 19781584.529999997, 37874377.41000001, 10999888.0, 19091252.0, 15527911.0]
[274.40860215053766, 434.06451612903226, 598.0322580645161, 63.31182795698925, 65.87096774193549, 37.60215053763441, 237.14489409380906, 310.8466980771548, 382.06912223509755, 34.200806783842566, 47.859446799627136, 26.58748470899429, 5.0, 3.0, 4.0, 5.0, 0.0, 0.0, 1320.0, 1336.0, 1629.0, 147.0, 208.0, 109.0, 49111.46332491413, 3.421358414154044, 94400.22605350974, 2.7992229654236547, 162953.4678127387, 3.1476582394142905, 11324401.68, 24563046.540000007, 43422283.11, 12436867.0, 22921803.0, 14231248.0]
[279.48387096774195, 470.752688172043, 587.3225806451613, 59.774193548387096, 66.34408602150538, 43.935483870967744, 208.83905873762683, 343.3072415273038, 357.4554445111435, 34.069024893926766, 44.41564907915852, 29.18449798884932, 0.0, 4.0, 7.0, 2.0, 0.0, 0.0, 911.0, 1516.0, 1391.0, 145.0, 161.0, 113.0, 37608.722090386385, 3.5322883158894385, 71703.55490062483, 2.5558319423346214, 102259.50466997463, 3.006655419592529, 10487433.299999999, 29250973.8, 40766913.62999999, 13936341.0, 24728978.0, 15986573.0]
[255.09677419354838, 432.38709677419354, 545.1612903225806, 68.64516129032258, 75.97849462365592, 30.978494623655912, 213.6909117167846, 299.9515552282918, 327.56055830157374, 39.27706631469464, 55.76756469151449, 28.834979698812848, 1.0, 5.0, 22.0, 0.0, 0.0, 0.0, 973.0, 1263.0, 1573.0, 180.0, 210.0, 118.0, 42215.5052878152, 3.0745030253000083, 82675.34147509909, 2.792882197103396, 113793.37282409174, 3.1752596372296393, 9535276.979999999, 23867962.680000003, 34885138.86, 13274929.0, 22596566.0, 14413511.0]
[216.70212765957447, 384.47872340425533, 555.1489361702128, 70.15957446808511, 54.138297872340424, 69.17021276595744, 170.58437383762595, 247.29185789932308, 299.76445797938305, 40.39703576677015, 33.3410532126637, 47.19272731875326, 4.0, 4.0, 10.0, 1.0, 1.0, 0.0, 780.0, 1349.0, 1441.0, 149.0, 120.0, 201.0, 29738.038036356334, 3.496403284790887, 81489.99509007864, 3.0966142815989555, 86805.62177707779, 2.7977813207606017, 6693206.080000002, 18407737.060000006, 35087148.76, 9128021.0, 18995257.0, 11412969.0]
[234.7311827956989, 378.36559139784947, 617.0430107526881, 55.806451612903224, 55.0, 38.24731182795699, 201.28630592230226, 283.95038547583397, 345.01949894419937, 29.900290119472277, 36.0217325706483, 26.49760280953178, 2.0, 9.0, 1.0, 4.0, 1.0, 0.0, 869.0, 1228.0, 1388.0, 126.0, 165.0, 108.0, 45914.753865070554, 3.538945988949463, 76739.71070490268, 3.0778063234586304, 127715.76359266594, 2.772779938311485, 8232053.099999999, 19280469.839999996, 43115312.43000001, 9730263.0, 20436641.0, 13718306.0]
[203.7741935483871, 381.80645161290323, 549.7741935483871, 58.88172043010753, 56.24731182795699, 29.451612903225808, 162.8978827252013, 266.65350657101794, 320.3873378947894, 30.064007609260724, 41.493230436337576, 27.02435138948649, 1.0, 15.0, 10.0, 0.0, 0.0, 0.0, 875.0, 1208.0, 1315.0, 126.0, 211.0, 114.0, 22269.63307058308, 3.476347747334927, 70445.27732584215, 2.6388011639205513, 116855.10134180376, 3.2149495838349353, 5861800.229999999, 18691846.799999997, 34924313.25, 7845492.0, 18055121.0, 10406034.0]
[233.80645161290323, 396.7741935483871, 524.9677419354839, 55.806451612903224, 59.344086021505376, 34.82795698924731, 201.20842849407353, 283.26535911511365, 314.7139643913012, 32.3567942144661, 40.266367081046226, 28.688591754697462, 2.0, 0.0, 20.0, 1.0, 1.0, 0.0, 933.0, 1167.0, 1354.0, 115.0, 159.0, 102.0, 35813.67776504683, 3.3870725090274374, 90082.66924143229, 2.421197654544952, 109410.44596148998, 3.086901165414315, 8191897.56, 20481371.4, 32310156.72, 9531801.0, 17556921.0, 11598779.0]
[207.5212765957447, 406.09574468085106, 577.3404255319149, 58.648936170212764, 62.180851063829785, 29.361702127659573, 157.26976541068305, 272.87911653287443, 308.436241583893, 33.27943194007293, 41.72334968510224, 24.698983943156378, 7.0, 0.0, 18.0, 0.0, 0.0, 0.0, 752.0, 1218.0, 1229.0, 135.0, 190.0, 98.0, 13199.825879478913, 3.2943247317909234, 67979.59287100006, 2.764841535445568, 86128.11463194712, 3.089207335629934, 5967457.46, 21081335.82, 37768848.440000005, 7816885.0, 20267027.0, 11590706.0]
[212.32258064516128, 442.1505376344086, 619.9139784946236, 73.29032258064517, 61.81720430107527, 56.27956989247312, 205.7172057065297, 317.9725838002718, 352.76915890762166, 42.855566490744664, 39.98992977492533, 36.30168447145629, 3.0, 10.0, 23.0, 1.0, 2.0, 0.0, 1310.0, 1656.0, 1443.0, 184.0, 160.0, 165.0, 29215.01081683101, 3.390779835954412, 98245.79078082507, 2.7724890303784115, 156421.9354859407, 3.0950415433580805, 7519907.46, 25559221.62, 43885137.6, 11308112.0, 23654905.0, 12080257.0]
[187.0, 458.9462365591398, 643.1182795698925, 55.516129032258064, 63.31182795698925, 45.204301075268816, 170.8194444689938, 338.50330309837244, 352.9036033383364, 32.64586427739282, 42.12584110749075, 27.533599687190474, 0.0, 20.0, 19.0, 0.0, 1.0, 1.0, 802.0, 1548.0, 1588.0, 134.0, 177.0, 97.0, 24740.405180754016, 3.3959042290627854, 125316.36513248686, 3.048598462658979, 118461.06561383176, 3.0229127946758663, 5521048.230000001, 28021379.880000006, 46428084.95999999, 10239278.0, 24954245.0, 10937653.0]
[189.9247311827957, 392.86021505376345, 623.7311827956989, 62.30107526881721, 71.51612903225806, 31.258064516129032, 166.74063669423447, 279.2448898523461, 330.83908934526346, 34.309583192327324, 45.61192943290018, 23.424208596814893, 2.0, 1.0, 4.0, 0.0, 0.0, 1.0, 685.0, 1185.0, 1277.0, 135.0, 170.0, 98.0, 24254.658988502044, 3.5438722002615872, 58397.96030674584, 2.8618178508086873, 88545.77217278488, 3.028868322014781, 5498592.45, 20020565.700000003, 43013047.77000002, 6824347.0, 21243797.0, 12699803.0]
[171.05376344086022, 404.60215053763443, 613.516129032258, 61.096774193548384, 67.10752688172043, 40.83870967741935, 174.1036900934636, 294.25111797596884, 330.29050496768633, 33.155124371501934, 42.15820678411247, 31.29532897587554, 5.0, 1.0, 22.0, 2.0, 0.0, 0.0, 907.0, 1127.0, 1656.0, 128.0, 179.0, 119.0, 45832.01546799388, 3.4544535125885667, 88225.65553193823, 2.5630389062906915, 98723.216289177, 2.9172013663227117, 5124147.4799999995, 21566766.96, 41888908.40999999, 7260149.0, 21006066.0, 10107234.0]
[161.95744680851064, 371.90425531914894, 495.71276595744683, 64.94680851063829, 51.670212765957444, 43.09574468085106, 121.39803145324453, 239.69851445338563, 301.4793140905778, 34.18462429356172, 31.83336597348065, 28.916293412335975, 11.0, 2.0, 8.0, 0.0, 2.0, 1.0, 742.0, 996.0, 1209.0, 128.0, 164.0, 102.0, 13708.176461177865, 3.528246326337784, 69617.01370244965, 2.7308883825410972, 94684.088292466, 2.7841147265238355, 3606052.4399999995, 17244065.939999998, 29658388.379999995, 6032548.0, 16816249.0, 7757837.0]
[137.91397849462365, 407.8709677419355, 532.7956989247311, 66.82795698924731, 51.83870967741935, 34.17204301075269, 119.5036524741052, 282.20468311086813, 333.4002542688248, 37.53943539680869, 32.73951552142823, 26.697428493621683, 0.0, 0.0, 14.0, 2.0, 1.0, 0.0, 533.0, 1122.0, 1255.0, 157.0, 135.0, 101.0, 13795.459787571459, 3.361595873684209, 69676.28041045924, 3.1630692142444743, 133486.99115374923, 3.1443024013231486, 2866955.64, 21202320.42, 34062509.22, 5416286.0, 18014228.0, 7306241.0]
[198.1263157894737, 418.05263157894734, 527.8947368421053, 69.97894736842105, 56.23157894736842, 39.05263157894737, 154.20421953172544, 272.46203594305604, 323.6657546245592, 35.95652781480993, 37.64827498282665, 27.888977621783738, 0.0, 14.0, 22.0, 1.0, 0.0, 2.0, 851.0, 1102.0, 1635.0, 138.0, 167.0, 113.0, 23484.956726132026, 3.565813914309075, 79949.79335677491, 2.503112378066286, 109384.09725102923, 2.93924576807734, 5666136.299999998, 22402047.85, 34505250.199999996, 7721949.0, 18597745.0, 10484410.0]
[197.53763440860214, 391.505376344086, 547.1827956989247, 59.10752688172043, 60.69892473118279, 35.02150537634409, 180.27229158063767, 276.9391953219395, 326.89813418797206, 34.95290694062245, 42.82009507590438, 23.904237615328363, 2.0, 1.0, 2.0, 1.0, 0.0, 0.0, 692.0, 1330.0, 1657.0, 149.0, 184.0, 82.0, 38218.940184349405, 3.4543051532125064, 107929.5399016092, 3.015596956638529, 111340.14799718415, 3.120121340878875, 6155473.7700000005, 19818932.4, 35039031.540000014, 6630264.0, 19907715.0, 11334141.0]
[219.74468085106383, 419.4148936170213, 591.2659574468086, 74.73404255319149, 54.0, 49.07446808510638, 189.38269477153742, 316.28731356478966, 311.5802999946761, 43.65952716778205, 35.03700041169995, 35.682060599673264, 2.0, 14.0, 31.0, 3.0, 1.0, 0.0, 1160.0, 1520.0, 1418.0, 173.0, 167.0, 150.0, 31680.089239317036, 3.530179595129753, 90616.48501925888, 3.2196321409159685, 84201.36083486631, 3.055636069711469, 7402092.04, 24288598.9, 39377185.62, 9982057.0, 21427555.0, 12491696.0]
[176.31182795698925, 375.505376344086, 432.86021505376345, 63.44086021505376, 52.41935483870968, 28.526881720430108, 132.85992775121113, 238.2778622631439, 239.250486865065, 32.65413695263668, 37.02065304331024, 29.97882999350268, 4.0, 5.0, 28.0, 3.0, 1.0, 0.0, 561.0, 988.0, 1189.0, 133.0, 148.0, 123.0, 17477.47676960052, 3.5551738546564566, 52750.90937180798, 2.8318698265457063, 57179.23666535648, 2.967445213747782, 4198900.71, 17053244.46, 21102977.82, 5998627.0, 14556385.0, 6916136.0]
[228.5268817204301, 397.2795698924731, 492.1505376344086, 56.46236559139785, 61.086021505376344, 33.54838709677419, 188.80387750473457, 249.97618867436321, 308.4117781768168, 32.873459342237766, 40.640699217810905, 27.579338568002814, 0.0, 7.0, 18.0, 1.0, 2.0, 0.0, 1371.0, 1092.0, 1362.0, 127.0, 154.0, 91.0, 14779.35944699898, 3.351860668093267, 70619.004607166, 2.687592315442239, 69543.66468936694, 3.1708339414918174, 7566849.210000001, 18997289.490000006, 29087210.1, 8643881.0, 17707546.0, 10707612.0]
[332.6559139784946, 198.6236559139785, 511.7204301075269, 21.752688172043012, 209.8494623655914, 105.29032258064517, 732.0748876907818, 1752.9164698592683, 1722.432653858511, 822.47067683839, 1054.1169696896786, 804.4821934506958, 11.0, -13041.0, -13032.0, -6750.0, 3.0, -1349.0, 6758.0, 1320.0, 9489.0, 4050.0, 9453.0, 7652.0, 54925.053658390214, 3.428530148166695, 127863.86046648688, 2.67698298689127, 76345.03464155091, 3.2195312772893954, 55425462.029999994, 266313741.66, 276485285.58, -82721162.0, 20576093.0, -53709771.0]
[182.91397849462365, 396.36559139784947, 536.6129032258065, 63.53763440860215, 68.3763440860215, 39.086021505376344, 139.8068275929621, 256.49963068649726, 311.4880845043977, 33.94930976431753, 48.67034495247965, 27.74325453228245, 1.0, 10.0, 4.0, 2.0, 0.0, 0.0, 833.0, 1129.0, 1466.0, 131.0, 200.0, 127.0, 14999.128322072253, 3.487090138015229, 67664.76261632006, 3.0049467416672107, 82830.4704946728, 3.039284863377521, 4566092.61, 19217239.14, 33206534.43, 6568379.0, 18231673.0, 10199996.0]
[183.31914893617022, 382.9148936170213, 491.22340425531917, 65.19148936170212, 68.8936170212766, 26.27659574468085, 159.651247112712, 271.2153316460576, 282.27174256494754, 34.661582524955406, 44.29094135036206, 21.70645028523453, 5.0, 11.0, 24.0, 0.0, 0.0, 0.0, 792.0, 1030.0, 1195.0, 156.0, 176.0, 92.0, 17713.26945020473, 3.321712565318149, 68238.70687523649, 3.0623980096398355, 79753.80287872306, 3.122565236634329, 5197624.720000002, 19386099.400000002, 28286699.019999996, 6612831.0, 16163796.0, 8998827.0]
[163.96774193548387, 421.36559139784947, 566.2043010752689, -35.86021505376344, 184.8494623655914, -26.612903225806452, 171.2363261194575, 619.7710794939468, 883.8214525464402, 892.9751151822406, 1160.9048190231745, 610.7708428210966, -439.0, 4.0, 2.0, -8549.0, 1.0, -5848.0, 895.0, 5850.0, 8579.0, 129.0, 11253.0, 96.0, 48309.04425902856, 3.29750566692522, 735709.7449030386, 3.7392621850634398, 1520903.1602454744, 3.7982789576211617, 4834100.009999999, 48221190.99000001, 94561965.68999998, 3068373.0, 65186719.0, 4829701.0]
[165.39361702127658, 372.0425531914894, 516.3404255319149, 65.56382978723404, 55.851063829787236, 42.0, 162.16520304029177, 259.167812737235, 277.7726134805535, 38.295837251148, 35.435526018847824, 28.82427292539084, 0.0, 0.0, 1.0, 0.0, 0.0, 0.0, 770.0, 1147.0, 1344.0, 146.0, 168.0, 114.0, 23800.996383447004, 3.4873313287185366, 62493.73653523158, 3.1712291844335634, 60285.79568666044, 3.2345734377565245, 4716024.18, 18102230.48, 30302552.519999996, 5993007.0, 18002215.0, 9175320.0]
[210.33333333333334, 405.01075268817203, 522.5913978494624, 60.26881720430107, 61.55913978494624, 39.236559139784944, 201.02343219101365, 285.32260515696566, 289.56377372805713, 37.63328192396189, 44.75062845455999, 33.74598135477776, 2.0, 16.0, 0.0, 1.0, 0.0, 0.0, 849.0, 1130.0, 1227.0, 146.0, 197.0, 148.0, 38957.58198405566, 3.340340919917996, 79362.83715296953, 2.9681141457191895, 87988.32135579537, 3.1383662660968557, 7283842.77, 21152628.660000004, 30794536.650000002, 7314574.0, 18966269.0, 11378301.0]
[211.81720430107526, 353.2795698924731, 500.21505376344084, 59.763440860215056, 61.483870967741936, 37.75268817204301, 150.47959172885112, 244.2699133260884, 292.4155712212674, 33.129324278684365, 42.32164953821323, 27.724442172605407, 4.0, 2.0, 3.0, 4.0, 0.0, 0.0, 542.0, 1014.0, 1348.0, 141.0, 168.0, 96.0, 26604.18549736808, 3.3054397812858825, 75213.99022232888, 2.982486213662051, 91765.16030117687, 2.899945262072872, 5817935.85, 15899686.409999998, 28957071.48, 7182273.0, 15218347.0, 9896761.0]
[213.11827956989248, 343.80645161290323, 517.6129032258065, 62.236559139784944, 59.74193548387097, 27.86021505376344, 162.6784538165346, 256.74925418225007, 272.3080908703159, 36.63847996463209, 44.17453113006419, 23.49634171240903, 1.0, 4.0, 15.0, 2.0, 0.0, 0.0, 609.0, 1238.0, 1139.0, 163.0, 163.0, 102.0, 25953.19396624172, 3.3475055894382897, 56410.23454269892, 2.8894774757858026, 81822.30649707744, 2.970139655029457, 6192607.74, 15863497.32, 29517089.580000002, 7800341.0, 16537978.0, 10409668.0]
[170.48387096774192, 345.5698924731183, 506.6989247311828, 57.473118279569896, 45.655913978494624, 45.086021505376344, 125.0539546949745, 234.57442491204023, 270.64166044494414, 32.84766929652877, 32.21345068231724, 32.47127691078568, 0.0, 4.0, 11.0, 0.0, 0.0, 0.0, 543.0, 980.0, 1324.0, 124.0, 146.0, 131.0, 17015.957867912966, 3.1383211393120707, 43436.623370399364, 3.0944260740610114, 61424.78101277063, 3.2952651010838236, 3851839.5899999994, 15036463.199999997, 28472776.769999992, 6129738.0, 16453162.0, 8009169.0]
[267.83870967741933, 350.7204301075269, 544.3763440860215, 60.72043010752688, 64.79569892473118, 40.806451612903224, 214.01992442408462, 254.72254153299897, 334.6077169117948, 33.48437844447761, 41.70928348852039, 24.478587832472886, 0.0, 2.0, 17.0, 1.0, 1.0, 1.0, 890.0, 1033.0, 1459.0, 146.0, 191.0, 103.0, 47464.40152580872, 3.274606702239295, 62254.350083804915, 3.2959561936186805, 127185.27395867668, 3.098505424870585, 10123618.23, 16190125.409999996, 35210427.74999999, 8906162.0, 15771661.0, 13753121.0]
[260.86021505376345, 348.7204301075269, 585.4623655913979, 61.86021505376344, 67.59139784946237, 37.634408602150536, 236.7034739829676, 274.3477785581888, 380.88847960307635, 35.63632471346735, 42.13080989715241, 27.359039896323498, 0.0, 6.0, 12.0, 4.0, 1.0, 0.0, 1230.0, 1190.0, 1552.0, 136.0, 184.0, 124.0, 45568.17648881356, 3.0268949023432166, 67332.42619715461, 2.94715762636935, 135708.02303178184, 2.985445291774305, 10679277.420000002, 16957516.77, 42058552.49999999, 7749710.0, 19202683.0, 15054186.0]
[238.40860215053763, 382.4623655913978, 532.5483870967741, 57.13978494623656, 55.30107526881721, 42.10752688172043, 184.0551215024609, 282.17615370620905, 299.15200862383426, 32.77279870160401, 35.76486767346965, 26.060741074246977, 2.0, 0.0, 10.0, 1.0, 0.0, 0.0, 845.0, 1078.0, 1510.0, 123.0, 171.0, 104.0, 24493.868965187037, 3.4092795961036866, 88760.25697324157, 3.114277064018415, 80610.94169668239, 3.0373179653552267, 7814431.020000001, 19464114.150000002, 32186166.32999999, 8725248.0, 17166165.0, 11931330.0]
[268.9139784946237, 369.4623655913978, 527.7096774193549, 59.064516129032256, 66.65591397849462, 23.978494623655912, 248.0097585700128, 266.64043363838294, 318.24309072882306, 33.11666021401789, 49.283230815812935, 21.09552728950508, 12.0, 0.0, 1.0, 0.0, 0.0, 0.0, 1080.0, 1548.0, 1382.0, 141.0, 198.0, 84.0, 39494.206246741145, 3.121303663522299, 63356.529666475646, 2.887108515728321, 79462.62699502663, 3.0239443540592847, 11517197.189999998, 17889165.66, 32750921.85, 7994659.0, 17021311.0, 14430426.0]
[233.2258064516129, 419.51612903225805, 575.2688172043011, 60.903225806451616, 68.84946236559139, 34.0, 161.92960957534294, 286.2875421708811, 306.09738929702644, 35.841154543991514, 41.72371503649858, 25.056891788227777, 6.0, 1.0, 4.0, 0.0, 2.0, 0.0, 705.0, 1281.0, 1362.0, 139.0, 181.0, 105.0, 31402.315031577135, 3.3058499720702774, 75743.05160748215, 2.926082922643923, 97541.22590877135, 3.051362742527263, 6948046.74, 22234247.490000002, 36639096.54, 9319996.0, 20986470.0, 13102057.0]
[191.3978494623656, 413.59139784946234, 493.78494623655916, -106.75268817204301, 215.25806451612902, -27.870967741935484, 514.2493080840169, 1194.6333368403948, 1698.1661966692343, 1133.019231732803, 1326.993446325891, 1040.153554987106, -4032.0, -7631.0, -12126.0, -8549.0, -2248.0, -9450.0, 1363.0, 7653.0, 10377.0, 450.0, 11251.0, 3150.0, 110175.44177409516, 3.516936259624536, 514301.93760804116, 3.511713071746272, 946730.4318168132, 3.5955061048516037, 25794943.14, 136901645.10000002, 267823527.84000003, 46328733.0, -150495554.0, -49297924.0]
[261.36559139784947, 373.1505376344086, 537.8172043010753, 59.87096774193548, 65.27956989247312, 28.967741935483872, 197.38137796761995, 323.6670305380461, 315.5399770109948, 34.8793653357857, 44.49068431837551, 24.45957250724196, 0.0, 18.0, 10.0, 0.0, 0.0, 0.0, 728.0, 1561.0, 1207.0, 152.0, 157.0, 112.0, 32595.869333305993, 3.363625669137219, 87557.22116235776, 2.9466736172905783, 107695.80423594275, 3.1258275234243174, 9241669.47, 21006277.349999998, 33535825.110000003, 10997234.0, 16580674.0, 12563103.0]
[235.79569892473117, 410.19354838709677, 605.4623655913979, 66.13978494623656, 71.96774193548387, 36.483870967741936, 185.7110049851759, 284.2302059210531, 299.9415000621963, 34.80429489921481, 44.79917788766821, 26.501276795831114, 8.0, 6.0, 21.0, 2.0, 0.0, 0.0, 962.0, 1253.0, 1262.0, 138.0, 171.0, 112.0, 51618.28649287984, 3.3227460560778694, 71519.91675074823, 2.8330611595195516, 93482.38784932019, 3.1049246620968387, 7759653.09, 21464818.5, 39403305.78, 10212720.0, 22031835.0, 13273951.0]
[252.34408602150538, 405.3333333333333, 572.6559139784946, 66.35483870967742, 66.12903225806451, 39.75268817204301, 212.4494566296967, 334.91664548106576, 330.48947541696975, 36.94462517868151, 42.69640698824047, 30.231590127021573, 6.0, 10.0, 1.0, 4.0, 1.0, 0.0, 832.0, 1307.0, 1340.0, 157.0, 183.0, 111.0, 46723.99356248723, 3.1841389604813246, 115324.34367521582, 3.037295255125474, 106597.73566885896, 3.172340326705252, 9369201.299999999, 23807077.440000005, 37708225.470000006, 9432276.0, 19035613.0, 14873269.0]
[269.96774193548384, 373.39784946236557, 546.1075268817204, 68.19354838709677, 72.44086021505376, 37.11827956989247, 211.23119682784542, 274.4526228135522, 310.9218922734521, 35.168309000068, 43.41645209244377, 27.920247235717664, 2.0, 6.0, 2.0, 2.0, 2.0, 0.0, 904.0, 1116.0, 1235.0, 149.0, 176.0, 106.0, 32084.717137040618, 3.3332919993960775, 69844.36342047704, 3.156492697076618, 106603.22733053262, 3.252693827161527, 10121183.49, 18503692.919999998, 34065501.95999999, 9797952.0, 17180601.0, 15450501.0]
[242.95698924731184, 447.3333333333333, 623.8279569892474, 67.6236559139785, 75.53763440860214, 36.39784946236559, 211.1955056534777, 326.6350953391971, 327.8083222958699, 34.69930270521505, 47.93101000844972, 26.097284460159518, 4.0, 16.0, 8.0, 0.0, 2.0, 1.0, 1070.0, 1309.0, 1343.0, 168.0, 178.0, 104.0, 45306.78837294963, 3.3637302534576317, 103094.40164023488, 3.0752990877022217, 102540.13288910649, 3.1756668064567855, 8921619.270000001, 26435701.979999997, 42852694.379999995, 10580026.0, 25062493.0, 14542062.0]
[261.9468085106383, 394.63829787234044, 605.3404255319149, 64.37234042553192, 64.64893617021276, 38.11702127659574, 200.27472352290988, 295.57910540117643, 318.5462122140931, 36.60130558883925, 40.278254611576976, 26.524833721156977, 2.0, 1.0, 29.0, 0.0, 0.0, 0.0, 929.0, 1454.0, 1316.0, 162.0, 152.0, 94.0, 58185.14963608186, 3.0569450086984107, 109863.42161261522, 3.05513509701788, 106318.8726030584, 3.137449822531013, 9569334.42, 21398755.959999993, 41249031.12000001, 10223658.0, 21365121.0, 15540871.0]
[301.39784946236557, 217.61290322580646, 834.505376344086, 6.419354838709677, -225.18279569892474, 2.6881720430107525, 619.0725907387764, 1602.2925018768663, 1776.988791673051, 1075.0255742416048, 1671.8569209261361, 1394.7953798698952, -445.0, -10337.0, 15.0, -9448.0, -13050.0, -8548.0, 5856.0, 7654.0, 13073.0, 4053.0, 141.0, 9451.0, 633776.3848270496, 3.768229772418875, 4699417.661913852, 3.6687782571496177, 5764735.441847546, 3.407073929080098, 40647753.66, 223757484.78000003, 330403453.8300001, 61857747.0, -147794668.0, 41257035.0]
[231.50537634408602, 455.3010752688172, 684.3118279569892, -14.43010752688172, -40.75268817204301, 125.43010752688173, 182.78703595785726, 739.3143531111937, 1154.621300409177, 706.672859524145, 986.7160031035977, 789.434516901173, 3.0, 5.0, 19.0, -6749.0, -9447.0, 0.0, 779.0, 6762.0, 11266.0, 142.0, 157.0, 7650.0, 41089.226245790516, 3.434932478714572, 121650.40231688069, 3.2558517681340984, 143029.03208880036, 3.3571803780592226, 7494062.760000002, 64695170.069999985, 154566112.53, 11689805.0, 94283865.0, 17017535.0]
[316.0537634408602, 376.2903225806452, 570.236559139785, 59.774193548387096, 65.3763440860215, 24.344086021505376, 226.92166650685382, 290.82803751586533, 305.8351501768297, 32.50188256496044, 46.24013736874403, 21.606910440299618, 8.0, 3.0, 9.0, 0.0, 0.0, 0.0, 1057.0, 1222.0, 1524.0, 135.0, 181.0, 96.0, 46895.26195822368, 3.269693864579411, 92580.00399600432, 3.0585898332061743, 104757.32302528825, 3.194743105514117, 13045263.449999996, 19483246.11, 36126796.74, 12932077.0, 19398980.0, 16587050.0]
[301.01075268817203, 379.5376344086022, 589.8387096774194, 57.0, 60.225806451612904, 30.72043010752688, 219.0415135670215, 279.0840437208128, 329.42434277950423, 30.25507503242045, 40.89996519405824, 24.25290910000276, 3.0, 7.0, 1.0, 0.0, 1.0, 0.0, 1161.0, 1207.0, 1308.0, 129.0, 170.0, 101.0, 53411.156081889436, 3.26043906636412, 88951.16827700085, 3.0603960646310795, 102805.69384884801, 3.171644765996173, 11941739.4, 19122871.109999996, 39375715.46999999, 10380785.0, 20142646.0, 16794640.0]
[304.494623655914, 364.8494623655914, 557.763440860215, 57.376344086021504, 59.516129032258064, 30.0, 219.5104545225438, 266.38240517675206, 308.8487176402579, 32.066816784067086, 34.610130743326096, 24.36364005073419, 7.0, 2.0, 25.0, 1.0, 2.0, 0.0, 973.0, 1142.0, 1262.0, 133.0, 141.0, 97.0, 45209.00379748348, 3.306310273812968, 85105.22756431093, 3.1076955335003857, 83870.24239907281, 3.0358020812934297, 12141786.12, 17584429.770000003, 35068400.94, 10736430.0, 18145842.0, 15478937.0]
[298.3225806451613, 299.61290322580646, 544.6129032258065, 59.17204301075269, 70.73118279569893, 31.93548387096774, 221.80142711788116, 217.4977777126882, 298.6583416700233, 32.55317511259345, 49.11723769516339, 22.826284644839532, 5.0, 7.0, 11.0, 0.0, 5.0, 0.0, 951.0, 941.0, 1218.0, 144.0, 187.0, 94.0, 28812.754601053814, 3.177991034523694, 60635.238233132215, 3.0542862176752843, 105107.57602426971, 3.153733998871477, 11906494.260000002, 11811465.0, 33284890.65, 9182966.0, 15043340.0, 14428510.0]
[252.67741935483872, 332.0752688172043, 524.6881720430108, 60.68817204301075, 49.98924731182796, 35.59139784946237, 202.1364778564829, 218.180880113125, 303.20361857191034, 30.86963419123256, 34.27430734518963, 25.37554306942526, 2.0, 14.0, 25.0, 0.0, 1.0, 0.0, 898.0, 1043.0, 1376.0, 137.0, 146.0, 106.0, 49584.23714743979, 3.2493143782867193, 41161.40344660812, 3.3713688141810203, 97793.38846556038, 2.9377035469742223, 9017939.370000001, 13610500.709999995, 31676235.23999999, 8187217.0, 15420102.0, 12311146.0]
[261.6989247311828, 321.8709677419355, 554.8279569892474, 53.1505376344086, 61.03225806451613, 39.70967741935484, 176.45881308742426, 233.40500468752535, 311.9870964324422, 30.407359748615473, 37.70925719954418, 26.610957470626765, 11.0, 4.0, 8.0, 2.0, 1.0, 2.0, 869.0, 879.0, 1398.0, 116.0, 174.0, 111.0, 40996.13106301017, 3.2033730376166316, 51167.71294529726, 3.070844447989944, 88601.52781018458, 3.1086963934250376, 8587525.14, 13621572.360000001, 34952631.74999999, 8619714.0, 15146511.0, 12767236.0]
[304.1182795698925, 317.5483870967742, 508.9139784946237, 53.8494623655914, 56.32258064516129, 37.634408602150536, 221.57371182277242, 260.2180739356993, 274.13867705779774, 30.52829985602067, 39.4384940211868, 23.120565354452093, 3.0, 2.0, 41.0, 0.0, 1.0, 1.0, 823.0, 1194.0, 1094.0, 121.0, 163.0, 89.0, 40199.76125617694, 3.290599263184658, 60836.24328883161, 3.381652457951202, 73576.98559853944, 3.0496882163364836, 12199841.369999997, 14514952.680000002, 28830348.749999993, 10651860.0, 14892496.0, 14863307.0]
[276.70212765957444, 343.40425531914894, 562.6595744680851, 58.03191489361702, 56.02127659574468, 41.276595744680854, 197.55259704082587, 238.1996234817739, 334.9808068066725, 32.00485585726472, 35.324906295762375, 30.427210606226797, 1.0, 0.0, 2.0, 1.0, 1.0, 0.0, 854.0, 918.0, 1608.0, 122.0, 147.0, 140.0, 52339.80237402259, 3.110918023739402, 51222.19715718868, 3.1911920794188986, 82167.55471400995, 3.191613663501717, 10176943.840000002, 15380112.68, 37783106.35999999, 9802282.0, 17493877.0, 14860037.0]
[283.3010752688172, 340.96774193548384, 553.1182795698925, 58.774193548387096, 59.61290322580645, 40.956989247311824, 188.782355991268, 238.88647711435362, 300.33506105907077, 33.05664737210764, 35.84326759235344, 27.180921209432203, 5.0, 2.0, 3.0, 1.0, 1.0, 1.0, 789.0, 1041.0, 1187.0, 120.0, 144.0, 112.0, 40061.95748933506, 3.39856464305861, 71281.00615431956, 3.0731436040455153, 83968.09132776411, 3.1120063690111457, 9990897.93, 14937872.040000001, 34178346.3, 9961066.0, 16095093.0, 14419357.0]
[322.1720430107527, 316.76344086021504, 502.55913978494624, 60.053763440860216, 50.354838709677416, 39.32258064516129, 216.38430102863356, 212.24244739209993, 298.5829744980808, 33.384898171178435, 38.7869445654553, 24.72464062706367, 15.0, 6.0, 7.0, 1.0, 0.0, 1.0, 1067.0, 1084.0, 1214.0, 130.0, 154.0, 98.0, 37610.67162595372, 3.1600079152903198, 45123.53226153711, 2.8011757834802267, 89995.46769445573, 2.993189746770061, 12983318.940000001, 12532535.850000003, 29472233.819999997, 11267036.0, 14153964.0, 15198003.0]
[267.83870967741933, 366.0752688172043, 532.1505376344086, 55.473118279569896, 55.645161290322584, 35.32258064516129, 202.81579189450517, 274.94787002183983, 281.59263462439463, 33.256444749019, 34.84426381626703, 25.249262275199154, 2.0, 14.0, 10.0, 0.0, 0.0, 0.0, 953.0, 1215.0, 1101.0, 148.0, 134.0, 107.0, 50521.40416414382, 3.1915769021161795, 71014.30451172499, 3.362063673545986, 69315.86051874959, 3.138939302499455, 9724028.850000001, 18058642.350000005, 31277030.879999995, 10177850.0, 15973575.0, 12694363.0]
[308.6063829787234, 332.70212765957444, 521.8297872340426, 58.92553191489362, 59.40425531914894, 36.819148936170215, 211.7793139291037, 225.32126787958845, 312.2075969916637, 28.96502873292154, 44.982271095180906, 25.75023238895343, 19.0, 3.0, 27.0, 0.0, 0.0, 0.0, 818.0, 968.0, 1612.0, 120.0, 180.0, 100.0, 49414.375937631085, 3.1078407308360445, 59507.12923173473, 3.4386925893861253, 86241.98766931982, 3.2608638834092813, 12336049.58, 14218915.64, 32582127.72, 10126820.0, 15363546.0, 15636696.0]
[276.505376344086, 331.4516129032258, 466.505376344086, 56.46236559139785, 63.98924731182796, 31.408602150537636, 186.48998245948027, 208.73055838282292, 265.6342542594952, 29.452083095953963, 39.1134066373044, 21.531693808016342, 0.0, 28.0, 4.0, 0.0, 1.0, 0.0, 748.0, 974.0, 1150.0, 123.0, 184.0, 78.0, 37424.07566153751, 3.083487645909624, 49457.848115909794, 3.290999955903316, 66151.38819141734, 2.9975018062112437, 9588261.869999997, 13229522.489999996, 24859829.07, 8852335.0, 13720007.0, 11457758.0]
[334.21505376344084, 359.18279569892474, 619.1720430107526, 66.53763440860214, 65.88172043010752, 39.505376344086024, 226.02139420967694, 258.2510973181182, 321.26521698542746, 34.94422858977509, 40.1112175198035, 27.695009617930456, 13.0, 3.0, 32.0, 3.0, 0.0, 0.0, 1028.0, 1059.0, 1607.0, 146.0, 154.0, 119.0, 41835.287019972624, 3.0565275692339795, 61778.876000998775, 3.170709427560659, 110398.54477450861, 3.2197693162984473, 14031797.22, 16864579.080000002, 41988781.11, 12344942.0, 20801987.0, 18203160.0]
[289.81720430107526, 392.4731182795699, 608.9784946236559, 57.344086021505376, 69.6989247311828, 42.67741935483871, 242.15010374615377, 311.0002653220541, 403.42385140236553, 35.8634168161882, 43.76513028960398, 30.989535853224986, 3.0, 22.0, 9.0, 0.0, 3.0, 0.0, 909.0, 1304.0, 1661.0, 139.0, 170.0, 117.0, 59831.760711718925, 3.13955416376979, 98062.08969966239, 3.072230650044543, 144914.12051626606, 3.1588028474002368, 12281595.809999999, 21597962.880000003, 46000191.03000001, 11536764.0, 21457755.0, 18044355.0]
[346.48387096774195, 377.3333333333333, 636.7741935483871, 64.96774193548387, 69.47311827956989, 40.526881720430104, 234.37004431413428, 287.67374082355917, 374.802328452939, 35.511006136157896, 45.87260037506747, 27.036445369429, 1.0, 1.0, 9.0, 0.0, 0.0, 0.0, 1027.0, 1292.0, 1478.0, 139.0, 159.0, 100.0, 53155.02510754571, 3.2049972929001584, 87353.79426262392, 3.1798590035327776, 111895.56102823139, 3.029827086905884, 15082969.71, 19395103.500000004, 47089277.76000001, 13890162.0, 21036945.0, 21056521.0]
[333.64516129032256, 341.2043010752688, 614.6236559139785, 60.46236559139785, 69.64516129032258, 30.870967741935484, 242.38559135148822, 293.95139938209337, 348.56771888932343, 33.80717673351291, 46.69830207352072, 23.252968864422833, 2.0, 2.0, 10.0, 1.0, 0.0, 0.0, 1070.0, 1058.0, 1470.0, 136.0, 214.0, 100.0, 43163.451486923135, 3.183316290501642, 80962.45592472867, 3.2852115479587867, 115012.31808713493, 2.903649535971936, 14654704.710000003, 17462217.539999995, 43068149.339999996, 12248883.0, 19266770.0, 19412412.0]
[325.77659574468083, 375.0, 586.1170212765958, 60.0531914893617, 77.44680851063829, 37.91489361702128, 238.31939146778794, 270.14524169954063, 370.30303941161947, 35.31497809537642, 53.61283288467349, 33.00331021992237, 6.0, 2.0, 2.0, 0.0, 0.0, 0.0, 861.0, 1316.0, 1510.0, 150.0, 200.0, 110.0, 62800.87549749659, 3.1447330375413296, 72683.89028465039, 3.189901626992256, 133206.69016630744, 2.838777329249096, 14342799.18, 18805401.240000006, 42342000.14, 13191984.0, 21304703.0, 19303408.0]
[122.52688172043011, 319.3440860215054, 591.2903225806451, 66.66666666666667, 49.40860215053763, 65.11827956989248, 1409.6051065226518, 239.4714058733298, 344.19002526552987, 41.18260854264591, 33.89377157068312, 36.62259027904878, -13185.0, 2.0, 5.0, 2.0, 1.0, 2.0, 753.0, 987.0, 1516.0, 256.0, 150.0, 161.0, 833111.6865807375, 3.782074425746941, 55188.3585083422, 3.1869476662858154, 100077.40411804123, 2.9221802872795832, 171305030.01, 13726877.190000001, 40375018.14000001, 8196770.0, 16331450.0, 1110645.0]
[362.59139784946234, 351.9569892473118, 633.7956989247311, 62.064516129032256, 67.63440860215054, 28.311827956989248, 224.56262981139002, 279.4451378830718, 350.71605507254367, 32.748317730312465, 46.76346235978157, 22.793963013989536, 23.0, 10.0, 31.0, 0.0, 1.0, 0.0, 930.0, 1267.0, 1397.0, 146.0, 187.0, 106.0, 35851.735240270405, 3.2453009055155144, 60048.16887170418, 3.180172490853127, 110655.42306377263, 3.300590891274577, 15685710.15, 17395183.139999993, 45266802.330000006, 13070679.0, 19810174.0, 21736630.0]
[308.96774193548384, 337.02150537634407, 558.6881720430108, 60.26881720430107, 69.6989247311828, 43.086021505376344, 218.97009184365712, 249.65119051147374, 325.0389935970433, 33.50539858672558, 49.93338713731667, 30.15058436018118, 1.0, 0.0, 49.0, 1.0, 0.0, 0.0, 869.0, 1343.0, 1372.0, 137.0, 197.0, 115.0, 46271.78758215242, 2.9815782786048968, 45474.39456026836, 3.2594029099456825, 112735.55279988788, 3.1084884486877824, 12358849.979999999, 15156424.83, 36035781.36, 10915203.0, 17836934.0, 15145059.0]
[364.68817204301075, 326.35483870967744, 544.2150537634409, 60.086021505376344, 67.54838709677419, 38.69892473118279, 247.9353868535731, 226.8163711004091, 319.4742913199734, 32.365996620842715, 45.14505994666147, 27.300973444277453, 3.0, 1.0, 1.0, 1.0, 0.0, 0.0, 1100.0, 1008.0, 1302.0, 127.0, 161.0, 94.0, 51452.35281047735, 3.0848822752888747, 52398.82033124046, 3.2004835903823734, 88851.27303781013, 3.0239622045419283, 16762491.119999997, 13613523.21, 34348326.12000002, 12304089.0, 15116523.0, 18196187.0]
[337.21505376344084, 273.76344086021504, 786.236559139785, 70.75268817204301, -129.04301075268816, -181.38709677419354, 571.3656571047537, 1880.4856241306247, 2406.5803376767585, 1567.6304027022413, 2336.1043609150875, 1574.4999553499247, -2233.0, -9435.0, -10313.0, -10348.0, -12146.0, -13049.0, 4065.0, 12170.0, 13069.0, 10350.0, 13053.0, 3152.0, 429633.7123618579, 3.5256371675479548, 5276006.063327746, 3.5871917034009213, 8278848.375793463, 3.6799132534536247, 37766930.790000014, 309041628.17999995, 548997114.54, -8810902.0, -127913643.0, 59706382.0]
[355.5483870967742, 330.1720430107527, 572.6774193548387, 49.83870967741935, -55.97849462365591, 23.666666666666668, 249.2257801293155, 263.8776323641037, 354.3747758619128, 149.97117768907265, 1076.2570706579297, 237.67086912153428, 10.0, 7.0, 1.0, -1344.0, -10317.0, -2223.0, 1079.0, 1006.0, 1545.0, 170.0, 148.0, 126.0, 58518.438856005676, 3.0230963296688302, 70024.8674573821, 2.980854222894768, 109805.86947178785, 3.0260099627235464, 16248033.719999997, 15386247.36, 39109962.39, 12185069.0, 16115366.0, 18926255.0]
[334.0537634408602, 349.06451612903226, 755.4623655913979, 194.4731182795699, 25.537634408602152, -79.06451612903226, 277.24072751152084, 389.40600826218287, 884.6901761675591, 1159.7785544944218, 334.60299509885704, 1359.9358345353269, -450.0, -2245.0, 4.0, 0.0, -3149.0, -13048.0, 1159.0, 1284.0, 8558.0, 11251.0, 131.0, 153.0, 64944.58617292832, 3.1604145850194345, 193263.1349664703, 3.4550702886396305, 1019794.0184259542, 3.7501653078634662, 16227933.629999999, 23512528.77, 116327684.75999999, 16131710.0, 2865386.0, 15395997.0]
[374.10752688172045, 347.76344086021504, 575.3548387096774, 71.75268817204301, 52.064516129032256, 40.81720430107527, 239.60504015737482, 310.6746654932393, 299.7896235246836, 45.52272626749874, 42.19463350681214, 29.36388873538941, 8.0, 5.0, 30.0, 3.0, 1.0, 0.0, 1041.0, 1766.0, 1392.0, 215.0, 206.0, 160.0, 42122.42959980895, 3.233258146273959, 59047.92867808112, 3.294260479625572, 96681.40981591947, 3.163210360677563, 17016881.46, 18718193.7, 36320664.53999999, 14199200.0, 17062352.0, 20273663.0]
[324.39784946236557, 304.18279569892474, 615.1182795698925, 60.39784946236559, 54.98924731182796, 44.645161290322584, 240.07540209479413, 315.37320701162105, 301.3626606751106, 35.05000768620713, 37.94117146081031, 33.40158976992689, 5.0, 0.0, 41.0, 0.0, 2.0, 0.0, 942.0, 1889.0, 1422.0, 139.0, 163.0, 131.0, 62892.33656281582, 2.927622190438328, 59696.87736594785, 3.2818624244010146, 94236.9644733441, 3.2046780091021545, 14033038.769999998, 16512495.030000001, 40495776.78, 10066138.0, 16810950.0, 17579344.0]
[388.86170212765956, 456.6170212765957, 500.3829787234043, 258.9255319148936, -101.08510638297872, 100.81914893617021, 599.7235133759525, 1425.6909971982382, 871.8939970390622, 1291.3049183846308, 1135.1795903540726, 1172.4897868529758, -2246.0, -3144.0, -6716.0, 1.0, -8549.0, -5850.0, 4062.0, 11256.0, 3157.0, 11250.0, 1353.0, 9450.0, 269010.0040210513, 3.521736068712047, 1425486.8207587467, 3.7256736866392064, 549496.0994184067, 3.7203039156530986, 44803420.22, 196112419.96000004, 88580461.96, 84150992.0, -38095129.0, 7412503.0]
[358.3010752688172, 272.9462365591398, 556.9462365591398, 64.10752688172043, 49.61290322580645, 46.72043010752688, 263.0594157115145, 234.44886183815078, 302.686642585716, 38.69009039669151, 34.14006706969308, 31.34186171026174, 14.0, 4.0, 8.0, 0.0, 1.0, 0.0, 1096.0, 1018.0, 1281.0, 152.0, 129.0, 115.0, 55193.71409480059, 3.0752716703622194, 50503.78146226964, 3.4627161676909517, 93305.95474780507, 3.1178705018841644, 17024330.760000005, 11146388.520000001, 34667195.22, 11483263.0, 13777758.0, 17839331.0]
[382.80645161290323, 282.6989247311828, 586.0967741935484, 60.526881720430104, 55.12903225806452, 32.763440860215056, 244.00883172115772, 230.99796653284525, 335.88080392603985, 32.39618583220852, 38.58452770737412, 26.931635611812418, 9.0, 1.0, 15.0, 2.0, 0.0, 0.0, 972.0, 1127.0, 1584.0, 150.0, 150.0, 100.0, 74924.7095185785, 3.060338393054196, 51839.29380893285, 3.4231194049336433, 89006.82295359258, 3.1814591078099266, 17768580.929999996, 11477653.589999998, 39362660.13000001, 10640207.0, 14955671.0, 21116945.0]
[407.35483870967744, 315.03225806451616, 580.8172043010753, 65.44086021505376, 45.67741935483871, 60.204301075268816, 310.21407913698994, 246.86017216286734, 313.340728081601, 37.07379901176882, 32.24773712665156, 43.13113450754997, 4.0, 8.0, 15.0, 0.0, 0.0, 0.0, 1347.0, 1104.0, 1573.0, 135.0, 142.0, 171.0, 119540.15124091477, 2.87564665881432, 66024.04224096978, 3.3514063071576343, 104263.82130062456, 3.139312217249502, 22585650.78, 13797749.700000003, 37577769.72, 14077071.0, 16662720.0, 21084732.0]
[369.06451612903226, 239.13978494623655, 560.3548387096774, 60.54838709677419, 55.204301075268816, 39.25806451612903, 233.04747633735272, 182.57991647482277, 327.9177602745943, 32.90219899121065, 34.76147265723466, 26.39783556089666, 7.0, 1.0, 13.0, 0.0, 1.0, 2.0, 1059.0, 801.0, 1518.0, 143.0, 138.0, 104.0, 42404.953465169114, 3.0096219405062987, 39241.53225091392, 3.011536196080383, 94217.74326614234, 3.087740431935528, 16427543.249999996, 7798355.040000001, 36357919.41, 9060301.0, 11815964.0, 18614124.0]
[363.6774193548387, 251.3763440860215, 500.3333333333333, 57.38709677419355, 64.51612903225806, 35.39784946236559, 224.26450616114596, 229.12323027512159, 293.1034590057911, 33.42676363857603, 41.48666965141668, 26.830036617383424, 3.0, 0.0, 6.0, 2.0, 2.0, 0.0, 889.0, 880.0, 1324.0, 133.0, 197.0, 116.0, 38938.20583844805, 3.1197910647034024, 43903.72614285514, 3.3907521006785504, 92878.12071786617, 3.1352005662572573, 15742480.14, 9956991.059999999, 29001768.21, 10407338.0, 10962598.0, 16653926.0]
[267.01075268817203, 190.48387096774192, 239.1290322580645, -30.559139784946236, -58.16129032258065, 20.483870967741936, 1338.7340426087792, 1575.7072781349527, 1858.3312302790846, 893.571126367405, 1173.731177006293, 251.74031706706543, -11775.0, -12255.0, -12885.0, -8546.0, -11249.0, -2248.0, 4063.0, 8568.0, 1281.0, 312.0, 150.0, 794.0, 546802.8213797383, 3.7239990390556477, 672728.6512579944, 3.61168375184196, 1002038.0112948131, 3.4405858012185564, 159507670.32000002, 215571151.41, 300418204.11, 187733896.0, 71421882.0, 123353036.0]
[380.9247311827957, 270.81720430107526, 568.7311827956989, 60.01075268817204, 61.333333333333336, 40.45161290322581, 297.184185186895, 239.23805436701852, 336.7456832874272, 33.972013617239575, 41.9226340581888, 30.405776099227484, 6.0, 1.0, 12.0, 1.0, 1.0, 3.0, 1546.0, 1039.0, 1465.0, 159.0, 187.0, 115.0, 117416.37094937764, 2.92545152919646, 60208.52346953158, 3.3906852660495748, 92025.05399963734, 2.9730211615916455, 20106540.479999997, 11240359.440000001, 37677940.019999996, 12463395.0, 13864791.0, 18943110.0]
[376.97849462365593, 231.3978494623656, 508.06451612903226, 54.924731182795696, 59.225806451612904, 36.88172043010753, 220.2466985635517, 178.73639442200098, 227.6338978372955, 31.026018730126644, 38.30118883166231, 23.92099744465264, 1.0, 2.0, 4.0, 0.0, 1.0, 0.0, 972.0, 869.0, 1041.0, 122.0, 159.0, 103.0, 47762.41588687636, 2.75887451154811, 34637.15429281516, 3.427132726553065, 68149.96022868175, 3.2128263753517055, 16441731.330000002, 7364463.539999998, 26759103.9, 8633731.0, 10236466.0, 17183335.0]
[389.3010752688172, 218.51612903225808, 486.97849462365593, 56.96774193548387, 67.52688172043011, 30.193548387096776, 240.7025850616336, 212.01566866334616, 257.2217778702897, 30.528835838790336, 42.985738635508014, 22.871216990355276, 1.0, 2.0, 22.0, 1.0, 2.0, 1.0, 1054.0, 965.0, 973.0, 119.0, 203.0, 94.0, 38620.743285199365, 2.9887797406355454, 43968.47939810406, 3.1930583848301066, 68587.63721014239, 3.007600184914822, 18065172.810000002, 7975813.919999999, 26171845.169999998, 8992869.0, 9508990.0, 16848440.0]
[353.741935483871, 222.80645161290323, 457.97849462365593, 57.97849462365591, 53.365591397849464, 41.634408602150536, 215.64407587835694, 153.2639282318403, 244.62851066084673, 30.490903310097778, 35.296503382136066, 28.12000098422773, 5.0, 1.0, 19.0, 0.0, 2.0, 0.0, 856.0, 631.0, 1131.0, 116.0, 142.0, 109.0, 52383.328946941954, 2.6227775429748252, 24507.256177029867, 3.429527477401545, 56621.58981403189, 2.8600892964136686, 14801526.600000001, 6303388.410000001, 23260960.98, 7534303.0, 9477887.0, 14766917.0]
[364.4623655913978, 235.53763440860214, 520.9354838709677, 63.10752688172043, 51.376344086021504, 41.87096774193548, 251.6560609736589, 225.3438222853452, 298.30301950298843, 36.39023470466607, 36.38797997263676, 31.821590225632637, 5.0, 2.0, 22.0, 1.0, 0.0, 0.0, 1159.0, 1356.0, 1570.0, 138.0, 177.0, 159.0, 88049.50071452977, 2.8562295886207623, 89108.03025927162, 3.3895529660633033, 112717.25368417722, 3.3986896109122537, 16907291.189999998, 9143013.21, 31084648.289999995, 8254219.0, 13046407.0, 16008528.0]
[406.0752688172043, 239.01075268817203, 525.3978494623656, 61.75268817204301, 61.0, 35.17204301075269, 235.35173660969383, 215.65882347817933, 289.3052825599008, 35.49729197080253, 36.45604858265456, 26.223795888100156, 3.0, 1.0, 18.0, 0.0, 3.0, 0.0, 911.0, 1021.0, 1240.0, 129.0, 170.0, 109.0, 60694.926135559115, 2.7554310143315517, 47788.159440483534, 3.439454877371791, 88211.9544454353, 3.06014532311457, 19001158.29, 8920126.620000001, 31036112.52, 10420843.0, 11213863.0, 18445693.0]
[351.9148936170213, 228.69148936170214, 517.3085106382979, 57.46808510638298, 56.712765957446805, 43.159574468085104, 226.36499499390513, 174.81246643593207, 325.2109663202677, 31.535166281831884, 39.05899104578263, 29.465964762533535, 7.0, 7.0, 3.0, 0.0, 0.0, 0.0, 918.0, 757.0, 1283.0, 119.0, 148.0, 107.0, 61313.925947044365, 2.7151832418633237, 26955.34324744622, 3.334593805682245, 98932.38386519042, 2.9579393955727307, 15422361.919999996, 7292712.700000001, 32891580.42, 8515471.0, 10858807.0, 15532904.0]
[380.2795698924731, 239.43010752688173, 493.0860215053763, 51.27956989247312, 58.25806451612903, 45.774193548387096, 229.15731095697208, 197.04421253205996, 284.99651622256636, 27.83115457594938, 45.09287594987234, 26.944035813490405, 4.0, 3.0, 5.0, 2.0, 0.0, 0.0, 914.0, 974.0, 1150.0, 116.0, 177.0, 111.0, 54953.8704643577, 2.683777426594278, 53388.97826429441, 3.226067975997311, 66822.74275721627, 2.9971523099579414, 17000558.099999994, 8280181.53, 27978085.590000004, 8625563.0, 11391502.0, 16119640.0]
[388.16129032258067, 223.25806451612902, 523.247311827957, 57.193548387096776, 62.655913978494624, 29.70967741935484, 244.6654899317318, 190.9684075412001, 268.1645607650345, 29.472632133570716, 39.93595269810855, 25.98058666755743, 3.0, 1.0, 22.0, 2.0, 0.0, 0.0, 923.0, 970.0, 1247.0, 124.0, 154.0, 105.0, 61282.460867923975, 2.786105117015208, 48059.25533546164, 3.406608318663344, 72892.86687009668, 3.1836157326053374, 18153102.45, 7431303.569999999, 29832712.979999993, 9482912.0, 9892135.0, 18649758.0]
[389.16129032258067, 248.36559139784947, 521.2795698924731, 56.40860215053763, 61.806451612903224, 35.1505376344086, 209.29074276473057, 196.69546009140717, 267.61780687453285, 31.579518871496646, 39.086653472296575, 27.05467340347462, 18.0, 1.0, 15.0, 3.0, 0.0, 0.0, 860.0, 833.0, 1190.0, 122.0, 165.0, 107.0, 39385.20025814449, 2.9162931938933823, 23198.81815378668, 3.357440056901351, 62089.63076856892, 3.0442646481346305, 16846360.38, 8645415.78, 29629880.909999996, 10248357.0, 10870132.0, 17859652.0]
[402.8709677419355, 201.53763440860214, 513.752688172043, 54.13978494623656, 69.87096774193549, 29.86021505376344, 234.44426545447445, 181.65971288551432, 282.7356906737079, 32.59987709961145, 41.90652792524034, 25.03588355082841, 23.0, 5.0, 3.0, 0.0, 4.0, 0.0, 1084.0, 873.0, 1162.0, 122.0, 159.0, 99.0, 53940.10182369477, 2.722276306097474, 31743.974100487212, 3.045618384835963, 94477.830953607, 3.1304023487767543, 18740490.45, 6336501.989999999, 29667949.53, 9284150.0, 9070986.0, 18137731.0]
[381.63829787234044, 225.75531914893617, 597.9148936170212, 66.03191489361703, 74.88297872340425, 36.244680851063826, 256.7017369308361, 197.01294571132635, 356.3754109632648, 35.441137669444345, 48.178846110478574, 29.919492754243713, 8.0, 1.0, 17.0, 1.0, 5.0, 0.0, 917.0, 781.0, 1491.0, 139.0, 200.0, 109.0, 66405.41235645297, 2.76956770225327, 32468.672246049355, 3.4972655335253657, 124094.12591503997, 3.0923444055887437, 18630048.0, 7896437.100000001, 42691536.319999985, 9385600.0, 13354566.0, 20002286.0]
[395.36559139784947, 204.70967741935485, 519.6344086021505, 58.354838709677416, 64.82795698924731, 42.83870967741935, 224.0103251185105, 162.74403619909725, 273.4746942011206, 34.738039906560495, 43.69051823707538, 26.74488586732239, 4.0, 1.0, 37.0, 0.0, 0.0, 0.0, 889.0, 617.0, 1150.0, 139.0, 178.0, 97.0, 43938.008727486405, 2.8504136234105517, 22349.414782332184, 3.2741947137799507, 68735.7480565646, 2.9302366192121716, 17813047.950000003, 5890564.199999999, 29752918.98, 9140984.0, 9367537.0, 18544021.0]
[372.6774193548387, 183.9247311827957, 455.9139784946237, 57.39784946236559, 60.623655913978496, 34.344086021505376, 218.88383663736792, 146.62939355952295, 241.36642970685529, 29.28241042916907, 47.321268767789405, 26.632153916898826, 6.0, 4.0, 1.0, 0.0, 0.0, 0.0, 1016.0, 599.0, 945.0, 110.0, 161.0, 98.0, 41093.27704147579, 2.420450523572059, 17594.38228457665, 3.3722300394581772, 55027.49521919762, 2.9230379858374147, 16111653.87, 4765365.570000001, 22962133.380000003, 6518161.0, 7589089.0, 14994406.0]
[383.83870967741933, 164.88172043010752, 468.18279569892474, 54.88172043010753, 57.53763440860215, 25.677419354838708, 235.30425679932392, 144.66309056190178, 242.91937946196484, 29.081164329288434, 43.00519663739967, 21.63489597161643, 22.0, 2.0, 24.0, 0.0, 0.0, 0.0, 965.0, 717.0, 1032.0, 112.0, 168.0, 93.0, 45946.51596831808, 2.7874554885904463, 18628.22196914601, 3.4203276577310335, 59633.6588367044, 3.03250777763662, 17480052.150000002, 4141864.7399999998, 24007067.430000003, 7240984.0, 7185298.0, 16296418.0]
[385.1595744680851, 209.0212765957447, 480.36170212765956, 54.58510638297872, 63.223404255319146, 33.02127659574468, 260.6964742407105, 196.34329047482578, 272.08181292784684, 31.84654386962852, 40.088384678556146, 26.785880859261344, 0.0, 1.0, 1.0, 3.0, 0.0, 0.0, 1488.0, 949.0, 1392.0, 121.0, 151.0, 96.0, 87725.82675031357, 3.251934523368944, 36829.05512204105, 3.4348408727786297, 80296.60101751624, 3.4608027139440916, 19049315.259999998, 7230540.16, 26860409.76, 9255202.0, 9283020.0, 18239261.0]
[382.86021505376345, 199.69892473118279, 514.6881720430108, 44.333333333333336, 59.086021505376344, 33.29032258064516, 244.26707547441345, 167.90802250211382, 271.7034820188867, 23.304381624461755, 37.474819346949346, 25.46932538887467, 9.0, 2.0, 50.0, 0.0, 0.0, 0.0, 1175.0, 794.0, 1100.0, 93.0, 146.0, 86.0, 69123.14603622787, 2.870017434700702, 38200.13358562636, 3.535759308398883, 91316.75165650078, 3.003104392729156, 17782929.9, 5861393.819999999, 29227816.799999997, 8091554.0, 9749714.0, 18305686.0]
[390.1290322580645, 204.68817204301075, 485.5806451612903, 51.10752688172043, 59.505376344086024, 24.419354838709676, 248.98826695800133, 145.56299835127592, 245.94424618196305, 28.578063328361022, 41.78168510138352, 23.789531210837602, 26.0, 2.0, 2.0, 1.0, 0.0, 0.0, 993.0, 711.0, 1133.0, 110.0, 161.0, 83.0, 53302.33810223093, 2.661500693367719, 19330.581413479573, 3.5314873155529307, 56123.261429051265, 3.148885560267226, 18468140.88, 5436588.420000003, 25568755.05, 8174431.0, 9872859.0, 17122180.0]
[398.2043010752688, 190.09677419354838, 506.2043010752688, 52.18279569892473, 61.56989247311828, 26.0752688172043, 278.53056030672457, 174.65774385775472, 298.56000631799975, 29.768653719525588, 43.16233207057887, 23.76800761671571, 0.0, 2.0, 3.0, 0.0, 2.0, 0.0, 1310.0, 824.0, 1203.0, 112.0, 161.0, 92.0, 71699.80796652322, 2.5419426041460444, 28793.98624863338, 3.449720943707407, 95281.96414819208, 3.19993024550031, 20352113.489999995, 5735506.2299999995, 29789093.189999998, 7935678.0, 8923807.0, 17459619.0]
[402.4623655913978, 191.05376344086022, 553.9354838709677, 49.193548387096776, 59.53763440860215, 38.29032258064516, 249.12763269578107, 155.96532262231423, 298.0633069045251, 26.07524982768981, 41.38539942597509, 24.324160759087682, 29.0, 0.0, 15.0, 0.0, 0.0, 0.0, 1181.0, 768.0, 1189.0, 113.0, 171.0, 91.0, 86562.91970971398, 3.0562571267025653, 27834.639623139068, 3.4258344079156475, 90828.84897711525, 3.243123522689939, 19319545.650000002, 5238280.799999999, 34140281.4, 7679368.0, 10227088.0, 19921012.0]
[420.7956989247312, 180.2258064516129, 555.1505376344086, 47.11827956989247, 64.6236559139785, 33.30107526881721, 274.29413596498546, 159.7157889497206, 315.6623797060149, 28.051912072459356, 47.62555807695263, 24.61034818854996, 0.0, 3.0, 4.0, 1.0, 1.0, 0.0, 1209.0, 731.0, 1224.0, 105.0, 207.0, 94.0, 73759.28104534403, 2.617308442457203, 30357.93494675427, 3.4392490239271005, 109590.18695574456, 2.9804206259582564, 21752000.639999993, 4991872.649999998, 35180969.06999999, 7719036.0, 9457148.0, 19703647.0]
[421.1182795698925, 186.6236559139785, 518.3548387096774, 56.98924731182796, 62.516129032258064, 30.35483870967742, 262.342161634231, 154.1399642038037, 271.2481073931685, 32.80061459646089, 39.18645864803904, 25.87412891257544, 1.0, 1.0, 16.0, 1.0, 0.0, 0.0, 1058.0, 932.0, 1278.0, 124.0, 150.0, 96.0, 55145.35040564412, 2.6034141990723523, 11486.36884374474, 3.3733756523774048, 72926.24496465517, 3.2596633429294526, 21226719.899999995, 5045138.399999999, 29534271.329999994, 7587868.0, 8651790.0, 19947289.0]
[416.1182795698925, 206.5483870967742, 514.5483870967741, 148.51612903225808, -61.55913978494624, -166.16129032258064, 324.5322000993981, 276.9388378610854, 291.5606252166402, 1188.2720155289364, 820.5327731361839, 1409.1502858284814, -1333.0, 3.0, -440.0, -2250.0, -6746.0, -11249.0, 1357.0, 2250.0, 1365.0, 11250.0, 141.0, 97.0, 159318.53829204332, 3.6018857096187213, 139675.4082310919, 3.5455538998261997, 103045.78898357986, 3.207804356840652, 23987403.510000005, 10251891.269999998, 30172346.189999998, 7919162.0, 10709970.0, 21124076.0]
[430.13978494623655, 207.1290322580645, 567.752688172043, 54.45161290322581, 63.483870967741936, 30.268817204301076, 296.5561238544998, 178.39771309989007, 306.080220229144, 30.446858954518667, 40.235613930086814, 24.472762048478305, 2.0, 0.0, 16.0, 0.0, 0.0, 0.0, 1096.0, 998.0, 1408.0, 120.0, 156.0, 97.0, 80777.11028130131, 2.6469501875914108, 28676.712101125973, 3.3864136936632976, 87325.16948581, 3.1021762808819404, 23527020.03000001, 6433642.350000001, 35895153.269999996, 9467165.0, 10891237.0, 21674125.0]
[299.7956989247312, 57.13978494623656, 530.8064516129032, 53.96774193548387, 66.96774193548387, 37.74193548387097, 1352.7267274330518, 1419.819826225649, 287.765954797528, 28.795928008066042, 76.09382818098341, 29.33720861392, -12315.0, -13297.0, 26.0, 2.0, 0.0, 0.0, 1344.0, 1737.0, 1413.0, 109.0, 649.0, 110.0, 4644688.349836264, 3.8265519737361147, 5186262.8548781555, 3.8235873036576886, 87779.72639308589, 3.242752351603088, 164337144.51000002, 172761792.23999995, 31454191.23, 173943928.0, 8527276.0, 17750336.0]
[465.6666666666667, 197.66666666666666, 513.4516129032259, 55.59139784946237, 58.086021505376344, 36.41935483870968, 261.9072742209637, 145.89374732059758, 295.4737359081187, 30.021816907310626, 40.53464860166425, 23.85887975277765, 18.0, 4.0, 0.0, 1.0, 0.0, 0.0, 1239.0, 681.0, 1166.0, 129.0, 169.0, 91.0, 78793.8021262104, 2.6748331999489774, 24279.625494545944, 3.4793052599236036, 90955.03698267005, 3.2878797482173847, 24623986.650000002, 5200490.25, 30271372.59, 9191659.0, 8615753.0, 20838003.0]
[401.06382978723406, 105.54255319148936, 199.10638297872342, -15.75531914893617, 136.18085106382978, 66.76595744680851, 1448.4021808884365, 1751.8103058356862, 2488.9244534130657, 2576.1762265497714, 2053.500352598947, 1784.0802179848831, -4049.0, -8548.0, -13050.0, -13048.0, -6748.0, -7650.0, 9458.0, 8551.0, 11267.0, 12150.0, 13053.0, 11250.0, 5204904.121625885, 3.565291420683363, 7670529.997633131, 3.4488324052572397, 15657322.436759757, 3.5523648546889377, 197608597.27999997, 269262198.18, 545047488.76, 60583358.0, 242348051.0, 58455272.0]
[416.48387096774195, 168.8709677419355, 519.010752688172, 54.784946236559136, 62.623655913978496, 33.56989247311828, 249.0374780989725, 134.63503208807745, 301.89083452479883, 27.36422984972932, 39.982037808978404, 22.687574577413592, 3.0, 4.0, 15.0, 4.0, 0.0, 1.0, 1012.0, 603.0, 1397.0, 101.0, 169.0, 93.0, 75535.01586436262, 2.467990447307527, 18182.95018645162, 3.6282520494777692, 115409.28121576834, 3.143558262603341, 20308855.47, 4017381.4499999997, 31095772.019999992, 6714676.0, 8156418.0, 18715565.0]
[435.48387096774195, 169.51612903225808, 540.7741935483871, 55.72043010752688, 56.39784946236559, 29.27956989247312, 299.57947384637373, 153.63024589714732, 289.20058967076585, 32.188090422241395, 40.84545096935686, 24.573919362944014, 27.0, 2.0, 26.0, 1.0, 0.0, 0.0, 1105.0, 800.0, 1245.0, 132.0, 206.0, 87.0, 84831.70482084842, 2.7272391984455933, 17289.57899595015, 3.2174009156025893, 79502.58383594536, 2.943953113756857, 24081326.999999996, 4504760.970000001, 32448832.73999999, 6839445.0, 9019244.0, 20324282.0]
[423.5376344086022, 184.44086021505376, 533.2688172043011, 55.26881720430107, 58.54838709677419, 34.623655913978496, 276.64993415552476, 153.67883382063184, 309.4553117904505, 33.276555196710206, 42.5051189063133, 27.04461449985071, 2.0, 1.0, 1.0, 1.0, 0.0, 0.0, 1222.0, 680.0, 1193.0, 128.0, 186.0, 102.0, 64028.785528190056, 2.831744858131259, 15867.204009038065, 3.410510527389587, 86678.21078522122, 3.0487737477617767, 22063283.730000004, 4962940.35, 32789095.56, 7596307.0, 9098644.0, 19560986.0]
[456.38709677419354, 183.05376344086022, 590.8279569892474, 60.46236559139785, 60.74193548387097, 38.0, 306.991539051304, 147.7694565715973, 329.99531036377635, 31.552771234933086, 37.11319442679395, 24.48690865855006, 10.0, 2.0, 20.0, 3.0, 0.0, 0.0, 1156.0, 693.0, 1718.0, 127.0, 148.0, 102.0, 92229.1315991513, 2.9017939959041867, 18480.515209457215, 3.4840117267448796, 141149.4021297296, 3.3446928250241186, 26078431.319999993, 4766437.86, 39508947.269999996, 8501431.0, 10685887.0, 24239237.0]
[428.73118279569894, 196.68817204301075, 566.989247311828, 62.12903225806452, 70.03225806451613, 26.376344086021504, 291.21515054744043, 148.80911163771142, 311.54459149826147, 32.144789897144406, 47.17116188227701, 22.159458662795537, 14.0, 1.0, 46.0, 0.0, 0.0, 0.0, 1168.0, 812.0, 1384.0, 120.0, 179.0, 84.0, 77360.30164223343, 2.702384362932982, 18375.07175365556, 3.4491107957030196, 95745.52865577374, 3.122688550256224, 23153787.779999994, 5240626.26, 36108985.38, 8131636.0, 10246704.0, 21622091.0]
[403.19354838709677, 173.9784946236559, 477.9569892473118, 53.655913978494624, 62.774193548387096, 29.440860215053764, 255.4677831328127, 135.459281423593, 280.0073335211409, 29.164262907693068, 44.17360244393902, 22.149915283767427, 6.0, 2.0, 27.0, 2.0, 1.0, 1.0, 1004.0, 682.0, 1383.0, 124.0, 175.0, 75.0, 68056.18155675285, 2.620321986819712, 20041.32881088401, 3.2703727076211675, 69339.08193665154, 3.0803976282645618, 19644219.810000002, 4187883.000000001, 26466280.380000003, 6423119.0, 8124451.0, 17286411.0]
[453.98924731182797, 153.8494623655914, 501.26881720430106, 57.53763440860215, 61.204301075268816, 36.666666666666664, 276.5715370397219, 102.66470819853538, 267.0878840782784, 30.268565678872108, 40.061788999262276, 24.77127251533489, 0.0, 14.0, 8.0, 0.0, 0.0, 0.0, 1197.0, 515.0, 1272.0, 115.0, 166.0, 86.0, 85000.42028755207, 2.7764932794675548, 11844.020150497485, 3.3565849938274526, 70777.84466651136, 3.2003291286404942, 24370768.109999996, 2948994.659999999, 27835882.08, 7005716.0, 7402550.0, 19671329.0]
[363.5806451612903, 159.7311827956989, 464.0860215053763, 48.333333333333336, 59.45161290322581, 29.666666666666668, 235.69892930069133, 114.98176980125703, 238.85495216143838, 26.49993163786643, 34.00879557876304, 21.85542084449199, 13.0, 3.0, 20.0, 0.0, 2.0, 0.0, 1053.0, 574.0, 1016.0, 96.0, 140.0, 98.0, 55908.96767693648, 2.851861867648998, 12733.379519223638, 3.528248413094327, 57348.07570580561, 3.2074845593480545, 16186388.669999996, 3337882.53, 23509198.44, 5531654.0, 6284729.0, 14670748.0]
[401.247311827957, 148.7741935483871, 418.16129032258067, 47.31182795698925, 57.17204301075269, 30.333333333333332, 229.04369508676623, 134.38435541000348, 250.35593315893715, 24.78647005342249, 41.55526013266891, 21.18825214559963, 3.0, 1.0, 5.0, 1.0, 0.0, 0.0, 1072.0, 643.0, 864.0, 92.0, 172.0, 95.0, 50988.697138924224, 2.7715810986317218, 14418.064650995828, 3.456433247858918, 57346.64305282394, 2.883003424893837, 18413402.939999998, 3459490.2600000007, 20486280.869999997, 5790053.0, 5808539.0, 14193002.0]
[339.78494623655916, 170.19354838709677, 446.3763440860215, 51.96774193548387, 59.913978494623656, 33.82795698924731, 225.12184379470972, 117.61573930319575, 264.95659669079254, 27.7866294140464, 42.647864494673755, 25.57156354400502, 1.0, 1.0, 5.0, 0.0, 0.0, 0.0, 996.0, 500.0, 1189.0, 108.0, 184.0, 100.0, 43465.852352473084, 2.9819624082861775, 15040.768111187022, 3.481864811244211, 64705.532365739135, 3.0601886877635156, 14321767.500000002, 3688846.860000001, 23239774.650000006, 5608965.0, 6607364.0, 12884090.0]
[368.2, 166.90526315789472, 441.18947368421055, 51.98947368421052, 55.22105263157895, 26.263157894736842, 246.41435437602493, 133.26897084102418, 228.5991239320177, 28.62839489738983, 39.34062351380119, 20.498682119712395, 12.0, 3.0, 29.0, 1.0, 0.0, 0.0, 1047.0, 562.0, 967.0, 110.0, 143.0, 75.0, 51280.82997202564, 2.2394054095591156, 12791.555168720617, 3.2220839489792983, 38354.66060489133, 3.0091008904334204, 17657603.45, 4100150.5999999996, 22233595.750000004, 5897345.0, 7020472.0, 14124887.0]
[414.23655913978496, 186.09677419354838, 477.2043010752688, 59.54838709677419, 59.13978494623656, 32.96774193548387, 302.09616946499517, 140.93477249485562, 259.40632719730513, 31.57169760658383, 38.6589298413056, 25.02713814559639, 14.0, 1.0, 5.0, 0.0, 1.0, 0.0, 1638.0, 737.0, 1110.0, 124.0, 144.0, 101.0, 95468.88241435388, 2.8534740566544667, 20714.84474779042, 3.257675838936746, 56078.86418075396, 3.133957031454082, 22649370.66, 4694767.41, 25453316.939999998, 7245275.0, 8326196.0, 17125930.0]
