[785.2795698924731, 456.9032258064516, 898.2043010752689, 96.17204301075269, 72.70967741935483, 88.17204301075269, 642.1139233472007, 354.06266531186526, 452.5701136922174, 47.871799735451496, 51.47489481906632, 45.99093097177207, 7.0, 3.0, 14.0, 1.0, 0.0, 1.0, 2606.0, 1717.0, 1840.0, 172.0, 237.0, 169.0, 417091.8131388965, 2.8400949272456835, 104461.51408532185, 2.882611440078789, 197999.16619571723, 2.8694773388109462, 88612538.07000001, 28781533.979999997, 87301995.08999999, 45034529.0, 31165468.0, 55104775.0]
[815.9468085106383, 465.5744680851064, 886.6489361702128, 95.79787234042553, 113.09574468085107, 95.54255319148936, 641.5703075313211, 370.59749749231105, 479.89810090989175, 49.274211839598564, 55.711250412800524, 47.86982008668457, 5.0, 2.0, 0.0, 0.0, 3.0, 0.0, 3092.0, 1967.0, 2107.0, 170.0, 251.0, 191.0, 325946.8139261979, 3.2124377226184784, 104295.60122476175, 3.1406069554707736, 167606.75556206802, 3.2063747765877313, 94810527.22, 31159358.76, 89596907.46000002, 50399379.0, 30956445.0, 52587676.0]
[804.2043010752689, 420.494623655914, 878.3655913978495, 85.43010752688173, 106.60215053763442, 86.48387096774194, 710.0709480648026, 367.1431903949595, 622.8481004181384, 60.61073191122508, 119.514065006824, 65.40718829383287, 59.0, 2.0, 5.0, 1.0, 1.0, 1.0, 3400.0, 2344.0, 2583.0, 219.0, 1040.0, 274.0, 501444.2616095202, 3.1135129822379, 131886.8188747357, 3.304111911654855, 328949.6743388855, 2.7710556364711803, 99076353.09, 26825777.459999993, 99921418.97999997, 48691909.0, 35307425.0, 68168931.0]
[772.8709677419355, 471.78494623655916, 877.258064516129, 97.70967741935483, 96.96774193548387, 96.3763440860215, 595.702074388343, 362.7369045807637, 497.7397587710174, 48.17711450316771, 53.222962438361954, 47.609807625542736, 48.0, 1.0, 11.0, 1.0, 0.0, 2.0, 2747.0, 1574.0, 2407.0, 180.0, 203.0, 187.0, 337672.1388444068, 3.186285206615843, 115462.8220377674, 3.294366078109934, 191932.10628010856, 3.1852155939175093, 82024935.15, 30508852.740000013, 87758173.11000001, 46664730.0, 30954035.0, 51324678.0]
[718.8172043010753, 450.7741935483871, 919.9462365591398, 100.86021505376344, 127.27956989247312, 103.51612903225806, 479.7784576202301, 354.12096094267304, 476.29307669140104, 52.34492446593608, 69.23940282931983, 51.125296406757606, 15.0, 2.0, 80.0, 2.0, 11.0, 3.0, 2258.0, 1880.0, 2109.0, 205.0, 298.0, 190.0, 246449.90468843988, 2.5296650035963024, 148164.4221353887, 2.807002580562378, 241483.88668748463, 2.680383929709233, 64384056.239999995, 28303906.44, 92606302.16999999, 38219694.0, 32708386.0, 52410860.0]
[711.0322580645161, 627.6989247311828, 989.8279569892474, 109.10752688172043, 133.8279569892473, 115.23655913978494, 512.9747101913823, 441.84331732419423, 542.4797656746589, 57.39270942292376, 69.82238703775676, 54.355792029573315, 2.0, 9.0, 14.0, 4.0, 0.0, 1.0, 2042.0, 2092.0, 2533.0, 218.0, 262.0, 217.0, 230034.7791795881, 2.9150528463519176, 194526.8551526692, 2.8826184351988426, 271581.43688408536, 2.6398723247289118, 66240998.400000006, 50781069.0, 109918353.53999999, 55130953.0, 47523181.0, 53696674.0]
[791.7849462365591, 616.3118279569892, 987.0430107526881, 108.55913978494624, 122.90322580645162, 120.08602150537635, 602.9383458541643, 490.8449232323042, 569.7967203115453, 58.350414917043366, 66.39965697202663, 59.47225438478206, 6.0, 11.0, 33.0, 0.0, 8.0, 1.0, 2284.0, 2331.0, 2771.0, 218.0, 348.0, 231.0, 320208.2272721811, 2.6151714331018137, 226407.40869554973, 2.64013737419386, 301002.718565563, 2.692129183908524, 85326629.52000001, 53466247.77, 112041840.21, 67051963.0, 43748476.0, 59799106.0]
[653.5591397849462, 658.4086021505376, 929.4301075268817, 109.41935483870968, 101.56989247311827, 131.18279569892474, 539.7146279439194, 533.7919159095761, 547.6880935161328, 55.53285799389894, 60.39820718787977, 60.962737413674894, 3.0, 12.0, 9.0, 4.0, 1.0, 3.0, 2461.0, 2452.0, 2223.0, 195.0, 237.0, 243.0, 346513.94211907964, 3.139554970941349, 324079.1276253188, 3.0735727506040744, 364165.85157756397, 2.557206941512747, 61866232.83, 61872514.97999999, 100378319.61000001, 56426052.0, 43296606.0, 46105340.0]
[612.6559139784946, 806.5376344086021, 1087.8064516129032, 119.78494623655914, 140.0, 136.1505376344086, 462.93882811746863, 611.9220708969933, 552.6342500295747, 56.53468528687684, 78.98513894343064, 62.192538738242604, 11.0, 20.0, 19.0, 7.0, 1.0, 0.0, 2160.0, 2979.0, 2672.0, 225.0, 335.0, 241.0, 192620.25602457055, 3.305125134276941, 300209.67971809243, 2.8631157727456995, 241625.61944901885, 2.966165606530231, 50800350.68999999, 88299824.64000002, 128476014.35999998, 64265504.0, 66504362.0, 52461293.0]
[515.0645161290323, 930.9354838709677, 1170.3655913978494, 112.29032258064517, 129.40860215053763, 149.67741935483872, 430.88427293415054, 684.8237444845334, 636.6975731638563, 58.63049003591333, 78.47919089452668, 73.20773915050752, 2.0, 0.0, 42.0, 2.0, 2.0, 3.0, 2536.0, 3679.0, 2694.0, 215.0, 293.0, 295.0, 224294.76074346923, 3.4018720551117196, 583351.3704474528, 2.780892091963823, 400748.4938752837, 2.8565824734325225, 38830235.13, 115082002.77, 153154801.26, 58058727.0, 83382729.0, 52415152.0]
[793.0106382978723, 710.7659574468086, 1252.3617021276596, 115.6063829787234, 125.53191489361703, 140.7659574468085, 736.0921297918649, 619.6033144002218, 633.7121196257118, 58.23796531456764, 73.301366756267, 68.32172870756102, 1.0, 15.0, 57.0, 9.0, 1.0, 0.0, 3554.0, 2986.0, 2618.0, 274.0, 267.0, 286.0, 498198.0296027486, 3.0814387468562883, 351207.136878062, 3.1176205972326, 421403.2109763457, 2.5107049273565694, 102933509.02000001, 78199694.16000001, 173691782.48, 79531318.0, 73880348.0, 85786691.0]
[571.5268817204301, 783.8494623655914, 992.9677419354839, 104.58064516129032, 130.55913978494624, 127.88172043010752, 442.74721886534394, 545.1005480889573, 584.538157560102, 51.8983795048691, 84.07999068764573, 65.7863553750296, 12.0, 19.0, 44.0, 2.0, 2.0, 5.0, 2089.0, 2942.0, 2846.0, 241.0, 344.0, 299.0, 233858.39849120178, 3.0966144419300066, 343209.3699629117, 2.8827059580326186, 383926.7145292274, 2.557951098286442, 45023258.58, 78564021.06000002, 114512393.58000003, 54226339.0, 63582733.0, 50472795.0]
[462.80645161290323, 957.3225806451613, 934.494623655914, 93.04301075268818, 106.02150537634408, 123.26881720430107, 388.76113874897857, 533.9744164464762, 520.1529378703234, 46.53210999301511, 59.98006525624987, 59.67887613045745, 5.0, 41.0, 10.0, 4.0, 0.0, 6.0, 1696.0, 2620.0, 2075.0, 170.0, 261.0, 225.0, 112100.20461774644, 2.812682087019548, 320290.2920900027, 2.788206958945881, 282311.2606746431, 2.419515121180677, 31456406.48999999, 103660799.25000001, 98679039.42000003, 50275829.0, 71319184.0, 36111492.0]
[327.26881720430106, 883.9247311827957, 835.6236559139785, 84.88172043010752, 102.08602150537635, 127.83870967741936, 257.07798426805226, 489.06830759150205, 453.49078208307066, 42.04884568088527, 66.11660580631283, 60.98044774362208, 5.0, 10.0, 74.0, 1.0, 3.0, 3.0, 1169.0, 2467.0, 2127.0, 164.0, 320.0, 256.0, 54622.957732377494, 3.2812823166335177, 258293.92001066005, 2.9729151174654453, 179944.5756514312, 2.956473455862654, 14918083.500000002, 88041529.23000002, 77988850.46999998, 29304802.0, 61797120.0, 27118994.0]
[417.0967741935484, 960.494623655914, 901.0215053763441, 94.96774193548387, 116.47311827956989, 114.18279569892474, 361.3973504064265, 663.3168897038828, 500.112856361151, 48.58955237785696, 62.5304432635485, 56.91965088891975, 14.0, 15.0, 26.0, 1.0, 3.0, 1.0, 1780.0, 3692.0, 2223.0, 177.0, 260.0, 230.0, 195428.50226393662, 3.3529392417707866, 529979.1178450804, 3.3450057763485126, 225170.124455182, 2.9565179322282984, 26221465.319999997, 117436826.93999998, 91615677.32999998, 50682972.0, 64024288.0, 30826502.0]
[450.0537634408602, 1093.784946236559, 1040.6236559139784, 106.43010752688173, 115.53763440860214, 120.89247311827957, 387.46560480145956, 738.5931228188283, 602.3898223990568, 57.32352841347888, 61.85336079930693, 60.23043834806297, 14.0, 85.0, 23.0, 1.0, 4.0, 13.0, 1930.0, 3857.0, 2562.0, 210.0, 262.0, 256.0, 160090.17331282597, 3.2265076534256285, 558715.6540368353, 3.2998392816062028, 402549.1487545374, 2.9999877299300755, 30363498.39, 150148327.02, 124707269.33999999, 59995292.0, 87844944.0, 42131531.0]
[508.81720430107526, 984.8387096774194, 1001.6451612903226, 104.06451612903226, 128.2258064516129, 125.09677419354838, 415.7516228166858, 674.814681329213, 578.6068095971581, 56.0232495315877, 79.50473448197339, 65.13982694710248, 0.0, 16.0, 25.0, 1.0, 0.0, 2.0, 2360.0, 3069.0, 2433.0, 209.0, 317.0, 260.0, 123765.32411997305, 3.3908454989199663, 376916.8126665242, 3.0938772843811266, 409545.6277536611, 3.086196737746552, 37180819.68, 122849153.52, 115419090.57000002, 57654347.0, 78910129.0, 48404919.0]
[381.01075268817203, 1018.0430107526881, 1074.0860215053763, 112.09677419354838, 122.63440860215054, 138.29032258064515, 284.2445936399807, 747.2853612733529, 571.3265771319066, 60.97826849469818, 77.46019804673833, 65.45270125045847, 7.0, 23.0, 0.0, 0.0, 0.0, 5.0, 1142.0, 3680.0, 2349.0, 252.0, 319.0, 280.0, 71495.74541013893, 3.3409214819410167, 452275.9872030201, 2.9902696486703757, 329773.0355107876, 2.207679035281026, 19468502.82, 137418970.62000003, 127708107.78000002, 41065282.0, 84123696.0, 37068855.0]
[387.35483870967744, 855.4408602150538, 1025.5483870967741, 92.87096774193549, 89.43010752688173, 140.16129032258064, 289.9902788910904, 599.9743375375315, 583.7492112671151, 47.460790637813226, 63.457345799031636, 67.06912241058224, 16.0, 9.0, 58.0, 10.0, 0.0, 3.0, 1433.0, 2650.0, 3067.0, 215.0, 319.0, 310.0, 105866.44516148922, 3.247951368531399, 351607.0243440562, 2.9665857094830637, 413442.2974439071, 2.5894807260897625, 20172399.36, 94090536.59999998, 120121508.16, 31318256.0, 67835144.0, 40454192.0]
[398.38709677419354, 984.247311827957, 1044.021505376344, 84.15053763440861, 113.17204301075269, 116.41935483870968, 284.85786052215985, 684.329577601859, 568.4934892842475, 46.55056769759825, 70.47596316350857, 56.31478348275591, 1.0, 31.0, 25.0, 0.0, 4.0, 2.0, 1161.0, 3250.0, 2346.0, 163.0, 282.0, 231.0, 70647.5985980463, 3.074537251162087, 459215.17919866025, 3.178980468345152, 371799.8068411194, 3.0174670057115023, 20669705.7, 123854906.67000002, 121924143.89999999, 37357631.0, 81831260.0, 37531465.0]
[399.3225806451613, 811.236559139785, 940.8064516129032, 100.3225806451613, 101.15053763440861, 137.0752688172043, 295.38715057311254, 579.3489111259418, 479.05244466606473, 49.98111845450774, 62.11769093327376, 68.24575740263684, 6.0, 9.0, 31.0, 0.0, 4.0, 4.0, 1170.0, 2419.0, 1942.0, 181.0, 261.0, 274.0, 85367.1459672503, 2.8592484013347836, 322437.191697304, 2.8877727399502713, 252543.19725905015, 2.4832040407315255, 21256983.029999994, 85637280.21000001, 96189021.15000002, 36441066.0, 59032231.0, 33942990.0]
[569.4148936170212, 814.6276595744681, 961.6276595744681, 88.7872340425532, 95.87234042553192, 148.0212765957447, 358.77337051221934, 607.6480125728306, 572.7973423085637, 47.22762822264139, 56.587782039800246, 67.98101865430903, 1.0, 8.0, 1.0, 2.0, 3.0, 1.0, 1448.0, 2383.0, 2157.0, 171.0, 208.0, 286.0, 117214.47258126801, 2.8111415470485905, 332720.3898794562, 2.622753194735704, 340047.8338154381, 2.361884682261273, 39901812.78000001, 90915926.73999998, 110391166.33999999, 51222022.0, 57703274.0, 51662728.0]
[581.6344086021505, 795.4623655913979, 958.7956989247311, 100.65591397849462, 108.56989247311827, 147.247311827957, 422.96275879197475, 643.6837016791607, 519.3728776787023, 54.03692268771176, 59.903617849926654, 73.47946414001588, 13.0, 33.0, 17.0, 7.0, 2.0, 18.0, 2208.0, 3425.0, 2244.0, 196.0, 294.0, 322.0, 190986.08148005305, 2.8106678895635997, 360135.4438805215, 3.27149334540217, 297504.7004740884, 2.092387453679116, 44565914.339999996, 90177409.08000003, 102588977.04, 55829821.0, 62261851.0, 49634365.0]
[612.3978494623656, 818.9462365591398, 909.9462365591398, 98.38709677419355, 105.80645161290323, 144.5483870967742, 476.2686979048913, 719.9925326543838, 501.2784170756805, 55.02746987089909, 62.457160633877706, 68.98747777503951, 8.0, 19.0, 5.0, 3.0, 2.0, 1.0, 1946.0, 3334.0, 1918.0, 208.0, 286.0, 259.0, 218679.55441139414, 2.925614275856168, 519085.6859079918, 3.345596917606539, 242187.49341573447, 2.7180185276032027, 51844177.11, 102359886.42, 93113427.45000002, 61577986.0, 52685182.0, 45252598.0]
[756.6595744680851, 645.9787234042553, 982.3723404255319, 115.7127659574468, 112.86170212765957, 168.10638297872342, 560.1392214266576, 596.8301928625355, 547.5189982277053, 59.23719812524543, 62.9106895653492, 79.92852560964278, 26.0, 13.0, 0.0, 0.0, 0.0, 1.0, 2088.0, 2414.0, 2025.0, 225.0, 232.0, 299.0, 315114.4148498168, 2.988459583555797, 438631.3276030474, 3.2295342788233916, 284794.8581943956, 2.997987068924809, 78017623.67999999, 68011165.76, 111478806.5, 60189858.0, 49850128.0, 62574768.0]
[743.9677419354839, 482.1505376344086, 951.4408602150538, 103.45161290322581, 102.2258064516129, 161.5483870967742, 544.0625254111904, 396.6582952354024, 524.8087324955634, 56.9546952160476, 54.04851464641624, 79.64588967382738, 3.0, 6.0, 42.0, 1.0, 1.0, 5.0, 2626.0, 1676.0, 2192.0, 219.0, 225.0, 302.0, 270780.19611485075, 3.1664573703332732, 138937.71288724395, 3.28321753453452, 247610.10291082822, 2.908825089400508, 73197282.15, 33568078.440000005, 101859477.59999998, 41166053.0, 38466067.0, 58570667.0]
[860.5376344086021, 507.89247311827955, 963.3440860215054, 101.15053763440861, 89.03225806451613, 152.86021505376345, 586.9027317222495, 422.1414470953708, 548.1863871900817, 55.773015572157796, 53.48759539510138, 76.74755220538613, 27.0, 3.0, 1.0, 2.0, 1.0, 2.0, 2759.0, 2003.0, 2433.0, 225.0, 207.0, 324.0, 252738.16413602378, 2.8510339796327333, 145134.4843637369, 3.2914590645039756, 240098.88365175392, 2.331628970278051, 93519563.1, 37557590.57999999, 105976964.24999999, 48750095.0, 36345313.0, 66069700.0]
[699.9139784946236, 466.752688172043, 958.6559139784946, 191.3763440860215, 88.68817204301075, 204.1505376344086, 983.0002062885579, 474.9265310668308, 710.4976898445393, 985.926268452981, 104.65844847330601, 488.8696577918192, -6750.0, 7.0, 11.0, 1.0, -735.0, 0.0, 2631.0, 4055.0, 5855.0, 9585.0, 272.0, 4816.0, 359347.210750161, 3.3210682101808944, 114024.48756750571, 3.3181494595881, 213568.19590819452, 2.5319858371420154, 125045406.17999998, 38141048.400000006, 122677424.36999999, 6953798.0, 57327045.0, 18190865.0]
[815.247311827957, 463.3763440860215, 907.8279569892474, 82.45161290322581, 91.36559139784946, 155.23655913978496, 621.1178326896487, 321.15700866853865, 556.7481599051201, 50.32233407894427, 58.10743141619453, 75.80745028337633, 11.0, 6.0, 10.0, 0.0, 1.0, 0.0, 3100.0, 1366.0, 1897.0, 189.0, 263.0, 278.0, 380076.70037561073, 3.1432604464058964, 103862.04075803132, 3.008142698593193, 300122.7031511383, 2.399695603045269, 90491657.94000001, 27395742.839999996, 97801777.86000001, 34940173.0, 44278667.0, 54399052.0]
[822.7956989247311, 464.60215053763443, 944.4516129032259, 100.36559139784946, 92.34408602150538, 166.4731182795699, 697.6558351573688, 348.70574800392535, 569.7915239676822, 56.76683526309839, 58.56666484399672, 85.0666735180794, 48.0, 23.0, 8.0, 0.0, 0.0, 4.0, 3346.0, 1843.0, 2294.0, 224.0, 283.0, 363.0, 312351.8134188644, 3.279891855592834, 63880.37789399195, 3.355311764198192, 208146.8505205631, 2.6981517009960125, 100197180.71999998, 29073040.620000005, 104926228.86000001, 40877388.0, 46210114.0, 56812912.0]
[1037.225806451613, 548.2795698924731, 1399.3440860215053, 139.48387096774192, 137.4516129032258, 186.32258064516128, 909.403795722568, 421.4050608843508, 874.775791083482, 77.38267597708466, 83.97120574404893, 96.1691400934383, 27.0, 1.0, 3.0, 2.0, 2.0, 5.0, 5740.0, 1941.0, 4003.0, 342.0, 378.0, 387.0, 703134.6377310343, 2.790117323657147, 142239.81958422647, 3.352866771549315, 900393.078167434, 2.9314531588877837, 163808600.39999998, 41193736.20000002, 234834901.71000004, 67971632.0, 68124084.0, 122326809.0]
[974.1397849462365, 759.0967741935484, 1310.225806451613, 119.55913978494624, 139.58064516129033, 160.0752688172043, 715.7014283872887, 591.5014437211998, 789.5511400821665, 60.66201131386341, 79.08255490867495, 76.24777068147202, 43.0, 1.0, 18.0, 2.0, 1.0, 0.0, 3384.0, 2106.0, 3199.0, 236.0, 309.0, 286.0, 582051.1741736792, 3.0379706348347253, 287752.9704989156, 2.8927089093901555, 681283.2158958358, 2.72323494477824, 125900813.67, 79773168.0, 201813996.21, 89542484.0, 75647900.0, 95738903.0]
[836.3870967741935, 849.7956989247311, 1234.258064516129, 127.02150537634408, 143.04301075268816, 146.56989247311827, 640.859850924794, 647.4240858493151, 720.8842381774864, 63.88848615303544, 91.77002375722726, 70.78801757013719, 32.0, 13.0, 44.0, 1.0, 1.0, 3.0, 2904.0, 2761.0, 3206.0, 297.0, 434.0, 303.0, 426656.53066934895, 2.7759724979529006, 336981.8003405288, 2.8078634117201116, 454795.4473867453, 2.6092229421389237, 95643113.94, 98322143.54999997, 176221572.65999997, 88797526.0, 77194239.0, 82679730.0]
[697.2688172043011, 1042.9139784946237, 1180.8602150537633, 122.27956989247312, 147.49462365591398, 147.27956989247312, 569.9249405153383, 841.3547002604216, 700.2132375740024, 66.90622340446201, 92.98148759832857, 70.12541026639622, 5.0, 8.0, 3.0, 3.0, 6.0, 3.0, 2443.0, 3412.0, 2825.0, 270.0, 374.0, 255.0, 313081.7783750908, 3.2442338862151163, 758285.6892872745, 2.8046324390002373, 561176.2481278735, 2.7235363431100983, 69841160.45999998, 154638559.53, 162554270.33999994, 92588678.0, 82970460.0, 66736345.0]
[491.1505376344086, 1053.9569892473119, 1158.5913978494623, 119.78494623655914, 144.5483870967742, 143.5268817204301, 358.18024203988597, 765.3979202942982, 688.6853297431707, 62.00190205048159, 82.5396500410076, 66.84140727154244, 14.0, 7.0, 2.0, 6.0, 2.0, 7.0, 1634.0, 3469.0, 2852.0, 239.0, 343.0, 256.0, 121745.25344979389, 3.0543880004248454, 511186.9640297923, 3.323753630631362, 460349.91916210955, 3.1362062872520866, 31840639.710000005, 146199238.25999996, 156678507.08999997, 58197695.0, 91211165.0, 50041153.0]
[360.9574468085106, 977.531914893617, 1222.372340425532, 119.29787234042553, 126.32978723404256, 140.5212765957447, 270.5770382970923, 782.7269632320631, 665.6322725330211, 64.7823203326529, 79.02992332401321, 72.7208137106556, 2.0, 7.0, 6.0, 0.0, 2.0, 0.0, 1529.0, 4254.0, 2825.0, 227.0, 305.0, 268.0, 38305.563965375266, 3.4083132484460927, 608091.4542466433, 3.182832925089732, 414710.63687047444, 2.2039239141527776, 17912636.239999995, 137992913.68000004, 170759851.98, 36830895.0, 91159570.0, 38490350.0]
[459.38709677419354, 1124.494623655914, 1300.731182795699, 111.43010752688173, 118.39784946236558, 149.83870967741936, 340.7006537767003, 867.6656166135601, 763.3675982089658, 58.14457203898751, 74.90648369582398, 73.84727046302193, 3.0, 10.0, 40.0, 0.0, 1.0, 5.0, 1204.0, 3703.0, 2964.0, 206.0, 287.0, 285.0, 147110.2111075089, 2.995151445910733, 693475.5431527933, 3.259861948321046, 565936.61564791, 2.6478844288612766, 28184089.89, 173778881.16, 196190956.74000004, 56061706.0, 109011605.0, 51764387.0]
[572.9042553191489, 1123.787234042553, 1436.2446808510638, 118.2127659574468, 132.12765957446808, 155.60638297872342, 507.6294700925358, 765.3012320317121, 825.428955751437, 67.72951776894217, 84.38343541808507, 76.08162256519523, 1.0, 16.0, 135.0, 1.0, 0.0, 7.0, 1997.0, 3817.0, 3123.0, 224.0, 343.0, 297.0, 240268.88662378135, 3.056146700759416, 610201.0196558358, 3.250188250807124, 745704.0274407424, 3.144762029795541, 51528512.97999999, 162790312.96, 241831027.94, 73527922.0, 127338333.0, 63354372.0]
[606.5483870967741, 884.247311827957, 1238.6021505376343, 98.98924731182795, 100.16129032258064, 148.65591397849462, 492.12291934224675, 646.8287801116604, 725.1407530503684, 56.30014569130425, 63.54787485287741, 69.93280853226125, 8.0, 12.0, 21.0, 4.0, 1.0, 0.0, 1880.0, 2482.0, 2694.0, 198.0, 240.0, 273.0, 210014.9696031092, 3.107914747982342, 433093.41080590454, 3.1617765516447918, 508614.07948398276, 2.8330526846150015, 52541098.65, 103423184.25000001, 177677299.79999998, 63111806.0, 84297843.0, 56748277.0]
[836.9569892473119, 609.7311827956989, 1279.5806451612902, 95.94623655913979, 103.6774193548387, 153.78494623655914, 602.6254138636331, 505.0436300520921, 703.4480037423835, 53.26397869010495, 65.3001699994995, 77.09351315721051, 1.0, 9.0, 30.0, 0.0, 5.0, 2.0, 2525.0, 1987.0, 2602.0, 190.0, 248.0, 307.0, 326837.70087892824, 2.774419116161156, 299588.87620895973, 3.2154293066040593, 500807.548422842, 2.7591783687135876, 91657731.92999999, 53978279.730000004, 183950812.89000002, 56848404.0, 61978507.0, 86198962.0]
[958.6881720430108, 513.1612903225806, 1263.1397849462367, 110.0752688172043, 126.63440860215054, 164.34408602150538, 681.1984799584546, 417.580226353925, 737.6224819648281, 63.73181523403188, 72.18451371707341, 76.31848237935665, 49.0, 5.0, 17.0, 1.0, 6.0, 6.0, 3276.0, 2131.0, 2794.0, 221.0, 284.0, 284.0, 348674.3148389152, 3.2527521354032234, 161393.5887615042, 3.1711841844406403, 541959.9217178789, 3.12078977228479, 119194013.58000001, 37695176.64, 184548785.22, 55138108.0, 52916834.0, 90441242.0]
[867.8709677419355, 363.4193548387097, 998.6344086021505, 94.27956989247312, 88.10752688172043, 147.43010752688173, 650.6498795653474, 263.03807471876223, 614.5557742571006, 52.99945971656484, 65.16508507088336, 73.09767108784365, 23.0, 7.0, 25.0, 2.0, 0.0, 4.0, 2958.0, 1350.0, 2400.0, 210.0, 259.0, 271.0, 422860.1081076354, 3.1541900319279055, 87600.1268792624, 3.4272111599762627, 383695.7320718781, 3.15303281964056, 101365690.38000001, 17342861.339999996, 118568139.39, 33110621.0, 32445231.0, 59560834.0]
[666.1827956989247, 393.0860215053763, 1006.1290322580645, 94.48387096774194, 87.01075268817205, 147.7311827956989, 508.26747379523124, 284.361781810868, 538.6507141602596, 50.65154036526899, 54.7650107720439, 69.13976704205233, 6.0, 5.0, 39.0, 0.0, 1.0, 4.0, 2663.0, 1157.0, 2153.0, 187.0, 209.0, 252.0, 195464.3119157728, 3.0916691572421273, 84482.54490804995, 3.364739368709622, 246208.5758928788, 2.329407171762242, 60487433.43, 20282662.95, 112378220.28, 23540120.0, 39055004.0, 49674592.0]
[792.2688172043011, 546.516129032258, 1038.6129032258063, 104.83870967741936, 110.93548387096774, 146.01075268817203, 566.8604064759749, 330.9844214415939, 643.056154696125, 55.49662941636943, 69.86443494860053, 73.95217235596554, 50.0, 8.0, 3.0, 7.0, 0.0, 0.0, 2689.0, 1455.0, 2858.0, 226.0, 295.0, 286.0, 342044.0854287534, 3.2080058911179306, 101167.07093223334, 3.2736305471580964, 374430.33139355615, 2.64780705841328, 81781954.05, 35205979.56, 128679088.23, 42482901.0, 54635128.0, 81581084.0]
[957.6129032258065, 483.31182795698925, 936.7096774193549, 93.10752688172043, 94.0752688172043, 107.52688172043011, 467.72502215878535, 305.676120815545, 512.1195211345382, 50.46166482235095, 59.42427343287234, 53.39100872803141, 120.0, 0.0, 27.0, 6.0, 0.0, 0.0, 2340.0, 1302.0, 2220.0, 174.0, 268.0, 202.0, 198392.59010024447, 3.352196850152756, 87443.61294530873, 3.3422844719060123, 215833.7643427177, 2.8689367833081247, 98030952.18000002, 28197772.979999997, 98328003.48, 45489544.0, 36397753.0, 79634662.0]
[807.8494623655914, 436.752688172043, 966.7741935483871, -167.68817204301075, 156.08602150537635, 111.59139784946237, 470.49640635869576, 268.3752505887321, 536.6773812083953, 1742.8217498374308, 1276.2867220447351, 931.6487166467556, 22.0, 26.0, 80.0, -11856.0, -4950.0, -5849.0, 2110.0, 1184.0, 2303.0, 180.0, 11252.0, 6751.0, 191308.72578905692, 3.163889301568568, 83847.56311175552, 3.2411831751087026, 255762.6229547076, 3.1194105001273305, 75385318.25999999, 22660701.78, 105481295.64, 36571669.0, 34350195.0, 70544373.0]
[684.0645161290323, 393.68817204301075, 746.1827956989247, 88.50537634408602, 71.03225806451613, 88.3763440860215, 393.02886846210197, 218.24343102294222, 443.4210617028293, 44.98420584081222, 45.912831306088876, 48.45704372419982, 18.0, 12.0, 0.0, 0.0, 0.0, 2.0, 1627.0, 898.0, 1989.0, 156.0, 177.0, 189.0, 165197.61136259843, 3.232145766164688, 46824.926296151374, 2.9573906703445942, 189695.90736575963, 3.0379076705886314, 53689097.160000004, 17480357.189999998, 64979658.93000001, 27620358.0, 24703720.0, 43839657.0]
[807.7956989247311, 442.3763440860215, 817.258064516129, 89.27956989247312, 57.0, 94.06451612903226, 488.35441422633124, 242.86903403930413, 416.5891757768966, 47.48188798657356, 40.868825155186656, 49.48491347867131, 18.0, 9.0, 16.0, 7.0, 0.0, 1.0, 2090.0, 1351.0, 1867.0, 180.0, 172.0, 190.0, 230817.421051453, 3.0996003196362283, 48767.81634926391, 3.3288324077526394, 184409.64803168317, 2.7413949856266524, 76842863.55, 21972606.869999986, 72616242.33, 33868080.0, 31789964.0, 58556315.0]
[738.6129032258065, 344.81720430107526, 729.989247311828, 81.96774193548387, 64.66666666666667, 84.20430107526882, 484.6840529004899, 203.8150774298881, 397.95942808892227, 45.49401575862173, 40.331057547485045, 46.353218344197956, 0.0, 20.0, 26.0, 0.0, 2.0, 5.0, 2090.0, 1006.0, 1984.0, 172.0, 199.0, 195.0, 272390.7870464118, 3.1192807451241245, 41003.44197562036, 3.2589495485747735, 168048.32525891945, 3.1993900585291484, 67284172.89000002, 13837778.760000002, 59639446.40999999, 23239575.0, 23579793.0, 45041625.0]
[616.752688172043, 414.1720430107527, 810.989247311828, -45.365591397849464, 198.20430107526883, 220.5268817204301, 381.9297299331719, 259.9282770494799, 449.2669994999017, 1238.8340923498986, 1348.045255974447, 1251.7824994382822, 33.0, 12.0, 8.0, -11854.0, 1.0, 4.0, 1573.0, 1201.0, 1892.0, 204.0, 13052.0, 12153.0, 130971.98063341924, 3.4127780535148604, 45895.181212152485, 3.2529224820804683, 183105.30661376964, 3.0447969087446434, 45380066.10000001, 20617028.639999997, 74154282.84, 23321307.0, 33755763.0, 45129885.0]
[539.9893617021277, 399.0744680851064, 875.6808510638298, 109.53191489361703, 109.52127659574468, 126.82978723404256, 461.810101424907, 302.53137185094556, 433.4264138103666, 60.042046580576155, 65.41919890559309, 68.11827763780688, 0.0, 5.0, 6.0, 1.0, 3.0, 2.0, 2316.0, 1518.0, 1760.0, 276.0, 268.0, 274.0, 186140.11776786268, 3.1769199115074755, 57681.5994318873, 3.279735609624808, 160611.13714658353, 2.897919726608581, 44408699.179999985, 22073387.380000006, 84178532.19999999, 27832082.0, 30603341.0, 39117290.0]
[509.96774193548384, 447.1290322580645, 856.6666666666666, 103.47311827956989, 120.70967741935483, 115.15053763440861, 350.319402446846, 297.0255524729806, 456.9173251573916, 54.35783040225396, 68.44111728898335, 57.868656800769095, 35.0, 16.0, 31.0, 3.0, 0.0, 3.0, 1680.0, 1250.0, 2280.0, 241.0, 309.0, 215.0, 118067.47564742305, 2.6535622690029195, 86493.8039680503, 2.877572902482634, 165925.8355081398, 2.669599894684654, 32993441.66999999, 24839919.630000003, 81335744.69999999, 27288094.0, 30814682.0, 34049218.0]
[423.6666666666667, 640.6021505376344, 934.6021505376344, 101.7741935483871, 107.41935483870968, 123.52688172043011, 384.7596746624791, 457.82603350164203, 520.0486837533441, 51.52439882826684, 67.49594554339271, 60.79162402936083, 2.0, 1.0, 3.0, 1.0, 0.0, 1.0, 1428.0, 1877.0, 2155.0, 191.0, 278.0, 237.0, 126649.14615207775, 3.066811179305806, 172484.18764587957, 2.9231500149621907, 252550.28888416808, 2.7515539236537494, 28190691.030000005, 53426773.92, 98687143.43999997, 37705710.0, 42511589.0, 26144556.0]
[397.6236559139785, 722.0430107526881, 894.6344086021505, 96.25806451612904, 108.83870967741936, 121.94623655913979, 323.5433884611519, 524.131515896587, 480.1326534304198, 47.59633325889132, 64.13526641651198, 62.817777460129776, 4.0, 45.0, 15.0, 2.0, 2.0, 1.0, 1617.0, 2150.0, 2101.0, 192.0, 281.0, 240.0, 84407.68897523358, 3.339962372939385, 232197.73958828257, 3.0454676425534455, 246136.74085844881, 2.9344866277351547, 22630912.95, 68595741.66000001, 88947985.35000001, 35854521.0, 46191259.0, 28224444.0]
[262.6236559139785, 680.9354838709677, 911.3333333333334, 97.34408602150538, 91.53763440860214, 120.49462365591398, 203.51946354835633, 488.5117996539306, 478.41032809606594, 49.61931045550186, 59.64014535379178, 59.69590031366475, 9.0, 11.0, 53.0, 3.0, 1.0, 1.0, 799.0, 2267.0, 1809.0, 207.0, 252.0, 229.0, 48711.20098536388, 3.5330846010412875, 220383.27324198812, 3.2721332900008497, 255616.26077600807, 3.0572665641492778, 9509227.679999998, 60521450.970000006, 91415073.53999999, 17954911.0, 47413308.0, 23330592.0]
[216.24468085106383, 734.2978723404256, 837.7446808510638, 95.06382978723404, 96.42553191489361, 113.65957446808511, 169.85418706607012, 522.9777607843323, 475.7159615218637, 46.62843484090638, 72.83838190642543, 56.930546856747945, 1.0, 50.0, 19.0, 6.0, 1.0, 3.0, 679.0, 2477.0, 1947.0, 180.0, 277.0, 219.0, 25069.19806018634, 2.981189443237385, 314152.6042329715, 3.0022539374204618, 231549.9990003108, 2.4861844958478985, 6653975.180000002, 71552997.4, 81796117.24000001, 13426938.0, 45985695.0, 19641992.0]
[353.5851063829787, 865.1595744680851, 895.2127659574468, 103.0, 103.24468085106383, 131.77659574468086, 218.04149795293202, 687.0683286549288, 513.7033341669127, 53.04654073425493, 68.18943981721232, 70.4048437750991, 2.0, 2.0, 66.0, 1.0, 0.0, 0.0, 862.0, 3157.0, 2243.0, 198.0, 278.0, 271.0, 45582.455036273386, 3.3061504544258873, 473658.0780318296, 3.027765950995735, 230854.42415886617, 2.6165774737257266, 15203111.62, 107405293.94000003, 93881586.32000001, 29341256.0, 59317286.0, 30547738.0]
[387.1182795698925, 592.9462365591398, 739.6236559139785, 84.11827956989248, 105.13978494623656, 100.13978494623656, 299.74789586462293, 505.91461226590485, 535.8387150670899, 56.29191181811453, 71.29387915032451, 67.780109849849, 3.0, 11.0, 6.0, 0.0, 0.0, 0.0, 1836.0, 2224.0, 2178.0, 220.0, 272.0, 233.0, 71172.8576177897, 3.2650442759001455, 231717.39800048328, 3.1678298973982986, 267765.2001842911, 2.8396026115687785, 20648903.459999997, 52307654.7, 71880017.13, 28741292.0, 36893323.0, 24257125.0]
[519.1935483870968, 539.6451612903226, 758.3763440860215, 84.55913978494624, 90.15053763440861, 103.53763440860214, 406.4049505984982, 461.3667701882539, 433.82975808435793, 46.514481701375956, 63.64967745342626, 52.80739390336253, 1.0, 1.0, 22.0, 2.0, 2.0, 0.0, 1812.0, 1757.0, 1779.0, 168.0, 258.0, 222.0, 122579.16701026425, 3.0174348105791156, 189414.42671983832, 2.7532011535125958, 179267.85552907374, 2.420144721676455, 37445928.27, 43399591.11, 65846497.05, 37428115.0, 29634816.0, 31855548.0]
[570.3617021276596, 545.3297872340426, 748.1276595744681, 68.48936170212765, 74.69148936170212, 121.03191489361703, 420.96552743864345, 456.75850395054175, 393.6182920951247, 40.298548409207875, 50.27730127566914, 56.357051467027574, 19.0, 1.0, 37.0, 0.0, 2.0, 0.0, 1812.0, 2254.0, 1760.0, 168.0, 204.0, 247.0, 177095.5926182235, 3.177828388873528, 182581.15048205983, 3.501160313700943, 147717.31342687312, 2.835867606915391, 44236480.83999999, 44515189.9, 62999098.92, 33668158.0, 33776041.0, 35257661.0]
[643.6559139784946, 480.36559139784947, 743.7849462365591, 82.24731182795699, 90.24731182795699, 115.01075268817205, 538.8125731769422, 361.29091568942164, 449.7134075178944, 45.90388254725929, 64.54382668658063, 61.20466283452733, 21.0, 2.0, 5.0, 1.0, 3.0, 1.0, 2269.0, 1725.0, 2211.0, 181.0, 338.0, 244.0, 228342.59112938747, 3.4104512309683073, 111256.72850404124, 3.4284329047244175, 130427.57479146555, 2.7997063915729368, 60671888.69999999, 31125905.880000003, 65151494.099999994, 37523771.0, 31037473.0, 37365616.0]
[779.483870967742, 495.2795698924731, 1029.9032258064517, 87.24731182795699, 85.25806451612904, 144.5483870967742, 641.7327700114682, 326.67379573085486, 530.2214685868073, 49.48048713205661, 54.58537453938086, 69.34468352541406, 5.0, 10.0, 29.0, 3.0, 1.0, 2.0, 2903.0, 1488.0, 2193.0, 209.0, 229.0, 271.0, 521792.9566266938, 3.3333103106720836, 102824.77912629236, 3.4387603985610893, 279963.99121117324, 2.737575562006491, 87786300.96, 30346758.389999993, 115793893.59, 35588025.0, 50113587.0, 61788714.0]
[862.6989247311828, 405.39784946236557, 828.4193548387096, 99.47311827956989, 90.6236559139785, 130.67741935483872, 674.0326044388783, 283.26351764762705, 479.2153306182715, 51.618498411074675, 63.23608525038027, 64.70369945917054, 52.0, 4.0, 1.0, 0.0, 0.0, 7.0, 2990.0, 1320.0, 2175.0, 201.0, 269.0, 263.0, 422573.28790038306, 2.9502647951041423, 83055.73821752185, 3.389201419384494, 178237.89931349916, 2.7067081224684917, 103241748.69, 21079590.179999996, 79004864.30999999, 34735545.0, 34411198.0, 50727262.0]
[742.1182795698925, 465.9462365591398, 866.1612903225806, 94.87096774193549, 92.56989247311827, 145.7741935483871, 659.2450862038825, 330.4010858227565, 454.72778025698784, 53.06030732274108, 65.11835342857789, 70.91055741478256, 44.0, 5.0, 11.0, 1.0, 1.0, 0.0, 3694.0, 1681.0, 2344.0, 198.0, 259.0, 293.0, 436263.934247841, 3.293814285412916, 107344.69488371229, 3.1762726764937117, 209142.94355537742, 2.5463598780570136, 84818188.29000002, 28117635.810000002, 82579728.51000004, 33650728.0, 41902393.0, 48214115.0]
[785.5483870967741, 434.40860215053766, 726.6236559139785, 110.13978494623656, 81.64516129032258, 138.83870967741936, 586.0135314532279, 314.91293608948973, 441.05338122101386, 56.842381501269436, 60.66724013209635, 69.91427830822863, 32.0, 18.0, 21.0, 0.0, 0.0, 2.0, 2642.0, 1230.0, 1581.0, 237.0, 214.0, 256.0, 385698.2832928378, 3.2448561316271243, 95425.23875940523, 3.1897981636191473, 188772.11719835523, 3.1492703325948534, 82754110.02, 24806598.659999996, 62308980.71999998, 36609718.0, 29420111.0, 42879746.0]
[720.0645161290323, 575.7741935483871, 819.4623655913979, 126.12903225806451, 89.35483870967742, 137.8709677419355, 570.6291875688361, 433.8510596224053, 441.6298508917745, 57.767943910256264, 61.331892044573195, 71.97602647476987, 4.0, 7.0, 3.0, 1.0, 2.0, 1.0, 2570.0, 1938.0, 1754.0, 232.0, 304.0, 267.0, 284575.0086757658, 3.212760918150786, 201213.53951628055, 2.9969491910221513, 192813.5878931882, 3.0160017299167214, 72704299.38000003, 44777492.13, 74767000.32000001, 47785510.0, 40866951.0, 43862647.0]
[449.38709677419354, 569.8279569892474, 856.9247311827957, 101.90322580645162, 72.23655913978494, 116.97849462365592, 349.5014782657692, 439.1940153542107, 455.8353830572368, 48.30812887670172, 42.223885124279036, 58.40581018123626, 11.0, 14.0, 9.0, 2.0, 0.0, 0.0, 1299.0, 2126.0, 1673.0, 212.0, 182.0, 228.0, 118250.47652989326, 3.3804494184986447, 210570.82807328788, 3.050997615978493, 220038.33715835057, 2.4524646639316687, 27917812.289999995, 44587427.099999994, 81289497.66, 28029380.0, 38702472.0, 31525751.0]
[497.1505376344086, 701.5806451612904, 960.2688172043011, 110.50537634408602, 79.05376344086021, 130.53763440860214, 381.5655948576281, 579.2449793852835, 458.3052936299536, 55.66722235475542, 49.97159314602775, 64.89582942648815, 1.0, 17.0, 54.0, 3.0, 0.0, 4.0, 1672.0, 2571.0, 1826.0, 217.0, 212.0, 245.0, 128417.64662785312, 3.353331226536241, 362788.6184203962, 2.974163987111853, 194167.41726863178, 2.6323724167249534, 33833629.71000001, 71279207.37, 97725172.82999998, 41294055.0, 51650927.0, 40321620.0]
[379.23655913978496, 725.8172043010753, 924.9784946236559, 114.38709677419355, 92.36559139784946, 127.56989247311827, 300.84592322061894, 525.1333152935829, 472.3937648802206, 56.22432404489849, 61.78729026233198, 65.53001268079257, 6.0, 34.0, 7.0, 2.0, 0.0, 1.0, 1461.0, 2652.0, 2159.0, 231.0, 240.0, 243.0, 61005.63173653178, 3.390176734271001, 312976.23339725443, 2.813762313506417, 222411.93302426304, 2.9919058621769117, 20182911.15, 69158303.31, 93092781.44999997, 25686337.0, 53372876.0, 32917885.0]
[434.531914893617, 792.1595744680851, 940.5531914893617, 109.75531914893617, 107.13829787234043, 134.46808510638297, 348.8716898226833, 606.2452980097715, 482.9503328728151, 61.55051883820222, 69.49628303881721, 70.34121172727619, 2.0, 28.0, 9.0, 6.0, 2.0, 4.0, 1316.0, 2700.0, 2297.0, 263.0, 350.0, 263.0, 170415.44070998044, 3.340103074889829, 400032.42793570954, 3.3236419477716703, 243263.00774585715, 3.1351213207567192, 27323972.640000008, 87577150.13999997, 98556747.76000002, 32739503.0, 62410053.0, 42020333.0]
[325.6666666666667, 771.741935483871, 966.247311827957, 103.47311827956989, 86.64516129032258, 137.8279569892473, 243.77837999036058, 619.9947563457398, 452.9489522997424, 55.3619692486068, 51.61556159879, 67.6761186534669, 15.0, 7.0, 19.0, 4.0, 0.0, 11.0, 1148.0, 3006.0, 1949.0, 237.0, 265.0, 272.0, 67355.35017034899, 3.184667114033544, 358534.1436714385, 3.009220393560083, 169966.7329199463, 2.7697075876547697, 14257674.689999998, 84400907.51999997, 98303718.39, 23989908.0, 59783475.0, 31710328.0]
[342.4193548387097, 707.1075268817204, 977.8924731182796, 107.6774193548387, 91.40860215053763, 138.88172043010752, 330.8242119110023, 503.5970279629985, 498.7604518326363, 58.96501565783521, 52.43613850056909, 70.39034788427186, 3.0, 41.0, 32.0, 0.0, 0.0, 4.0, 1418.0, 2250.0, 2014.0, 205.0, 226.0, 278.0, 109676.69773851693, 3.3871800241306302, 195292.5069374258, 3.2952185805808796, 306234.0079062179, 2.7711956764461796, 19505125.290000003, 64943959.95000001, 103992187.08, 26070430.0, 60481447.0, 31975159.0]
[447.19354838709677, 638.247311827957, 930.247311827957, 102.93548387096774, 85.80645161290323, 154.10752688172042, 337.62695705739685, 577.4275722681774, 473.97089105065027, 58.01945072121576, 54.17549142340789, 74.20264005112172, 4.0, 0.0, 0.0, 2.0, 1.0, 2.0, 1549.0, 2426.0, 1840.0, 223.0, 212.0, 276.0, 129977.06764751008, 3.1490089497832083, 304407.62664086703, 2.9530368568618837, 210774.35954057024, 2.6319031117476293, 27049601.490000006, 63760172.24999999, 94065909.27000003, 37559696.0, 43763637.0, 32959449.0]
[435.5531914893617, 551.8936170212766, 862.563829787234, 86.7127659574468, 75.93617021276596, 143.89361702127658, 314.8116561702769, 426.0187150234334, 445.2365701611121, 50.48935208524314, 53.25770346835661, 72.90699157958092, 9.0, 16.0, 9.0, 0.0, 0.0, 13.0, 1781.0, 1710.0, 2153.0, 211.0, 200.0, 277.0, 85608.33934828562, 2.9584755522208894, 156625.76901977268, 3.49430685935571, 183159.33777009806, 2.2339667216724486, 25426353.279999997, 42779294.720000006, 83071042.06, 26180422.0, 40219005.0, 31547348.0]
[536.9569892473119, 395.59139784946234, 799.0537634408602, 77.19354838709677, 77.47311827956989, 127.6989247311828, 387.4603742426161, 316.2538618619384, 365.5389518764634, 41.51250677559509, 55.02837042950811, 63.82615399359293, 2.0, 3.0, 8.0, 0.0, 0.0, 0.0, 1519.0, 1534.0, 1489.0, 176.0, 284.0, 243.0, 163553.60087555117, 3.2431119948274683, 103031.3555910214, 3.545590053394192, 128125.14172509799, 2.9390456511508294, 37781781.03000001, 22092453.18, 66655151.58000001, 22687077.0, 26809255.0, 36836340.0]
[624.1505376344086, 442.3333333333333, 955.7741935483871, 97.02150537634408, 80.72043010752688, 124.73118279569893, 511.1708203006914, 277.08393538127905, 524.4782320063697, 48.213965705110354, 54.39816285089164, 62.78641153614202, 30.0, 6.0, 32.0, 2.0, 1.0, 6.0, 2415.0, 1321.0, 2308.0, 182.0, 230.0, 252.0, 236521.01695986837, 3.3080517422414286, 67995.50439563085, 3.0980678786341236, 220678.36211424848, 2.948907141636819, 56049833.33999999, 23491440.09, 102544611.39, 29995235.0, 34424991.0, 44744072.0]
[582.8510638297872, 574.968085106383, 1025.5, 102.98936170212765, 101.88297872340425, 137.77659574468086, 514.056813676298, 390.0440132905781, 559.3719548484423, 51.47240510953649, 56.89224986109802, 68.67128404801065, 4.0, 4.0, 25.0, 0.0, 1.0, 0.0, 2466.0, 2097.0, 2416.0, 202.0, 247.0, 263.0, 218237.42355966565, 3.4265347108931765, 151383.53510726325, 2.6523382585572257, 352545.54138105817, 2.9310915702008016, 53118369.760000005, 42510365.419999994, 120277270.42000002, 41245892.0, 48228215.0, 48947146.0]
[514.6382978723404, 615.4574468085107, 856.9148936170212, 94.34042553191489, 77.80851063829788, 123.77659574468085, 404.1443330771346, 413.8695619380428, 471.82443106974614, 47.60851852742443, 56.400312016933135, 60.97895886980666, 18.0, 2.0, 22.0, 3.0, 3.0, 2.0, 1546.0, 1774.0, 1899.0, 205.0, 226.0, 224.0, 167402.0910223196, 2.6638870299253425, 143049.83557255642, 2.546123552151366, 224232.9797776526, 2.7913474129590847, 37680913.31999999, 48443694.30000002, 84344316.23999996, 40568395.0, 38964588.0, 33967091.0]
[419.9462365591398, 638.0537634408602, 719.3440860215054, 86.3763440860215, 57.655913978494624, 120.34408602150538, 325.6555050166342, 417.6448815418116, 327.3066138169841, 42.502151858182074, 36.78506745230707, 59.16493060553471, 9.0, 1.0, 58.0, 2.0, 0.0, 4.0, 1557.0, 2003.0, 1540.0, 176.0, 135.0, 200.0, 77719.32218623758, 2.730519789926809, 160503.94643051646, 2.7198682208297833, 84683.03636621534, 3.119748844649145, 24326697.270000003, 50135164.46999999, 53920772.24999999, 31156698.0, 36357255.0, 24633089.0]
[439.4301075268817, 702.5806451612904, 821.494623655914, 100.59139784946237, 63.924731182795696, 107.6236559139785, 331.0743512267383, 436.7746240683106, 409.36922909721767, 49.61552977409299, 44.40114485381121, 55.98134665623484, 12.0, 4.0, 72.0, 2.0, 0.0, 3.0, 1449.0, 2008.0, 1750.0, 188.0, 181.0, 227.0, 109914.19283857082, 3.2451910607040815, 176165.79229852997, 2.828962669248833, 187749.81447825802, 2.831978822587737, 26079367.830000002, 59015614.49999999, 72706487.66999999, 33678908.0, 44758621.0, 31663106.0]
[375.03225806451616, 640.6236559139785, 732.7096774193549, 96.3225806451613, 53.0, 87.54838709677419, 277.1838367994952, 339.45640412854243, 387.2565035983807, 47.478636223207886, 32.54929372104916, 45.92870565131407, 5.0, 66.0, 11.0, 1.0, 0.0, 1.0, 1308.0, 1457.0, 1654.0, 189.0, 140.0, 180.0, 50603.5438656775, 3.277382660581484, 97544.9298019147, 2.2334368700194407, 157703.5365537463, 2.7510073191397804, 18738398.88, 45354515.28000001, 59264549.45999999, 26465721.0, 36783136.0, 22873940.0]
[450.51612903225805, 674.7311827956989, 814.8064516129032, 92.46236559139786, 60.1505376344086, 86.21505376344086, 375.8954414317904, 467.96832250152374, 482.87193950148344, 52.08261813440694, 39.40617537032112, 50.66918484305941, 1.0, 9.0, 9.0, 0.0, 0.0, 1.0, 1469.0, 2431.0, 2202.0, 220.0, 163.0, 229.0, 163981.87737917987, 3.3340833888473567, 268137.5133525535, 3.5598633048792747, 237937.94051998784, 3.2858375889489695, 29643828.12, 58112781.66, 77371161.21, 37428037.0, 46709916.0, 34858372.0]
[307.247311827957, 549.3118279569892, 594.8279569892474, 102.58064516129032, 79.66666666666667, 96.75268817204301, 1168.6840579482882, 1371.7493748344043, 1253.3985419099886, 69.26890302051996, 105.09667736994783, 84.81548462935629, -10395.0, -11895.0, -10775.0, 0.0, 5.0, 3.0, 1502.0, 1785.0, 1607.0, 552.0, 997.0, 766.0, 779833.5012282492, 3.7353231321444507, 1092472.3983164057, 3.75025331257202, 940713.3908331523, 3.623847856446378, 125024501.63999997, 187095733.43999997, 165017353.94999993, 158264849.0, 168554887.0, 137870745.0]
[429.61290322580646, 681.9354838709677, 810.2688172043011, 98.98924731182795, 61.73118279569893, 93.73118279569893, 342.3241227975153, 413.30191634360455, 442.6972697047279, 52.94839461039973, 47.33785592969511, 46.55014588893831, 6.0, 24.0, 25.0, 0.0, 0.0, 1.0, 1590.0, 1985.0, 2065.0, 221.0, 209.0, 187.0, 121821.16484287637, 3.4062936244697544, 177511.50356300885, 2.8168616855819746, 194928.66756121008, 3.2323781805280043, 25989638.639999997, 54836192.64000002, 73551883.71000001, 37498687.0, 43556107.0, 28099706.0]
[312.10752688172045, 498.9247311827957, 676.4193548387096, 106.31182795698925, 89.66666666666667, 86.86021505376344, 276.24482927939084, 349.15021796901027, 367.95316108406126, 58.52330982917306, 59.104611262267575, 45.70928727765846, 0.0, 1.0, 1.0, 0.0, 6.0, 4.0, 1280.0, 1778.0, 1766.0, 237.0, 282.0, 187.0, 51371.90672670233, 3.4502293551868854, 84099.65269178113, 2.649889054915918, 119198.10816919552, 2.5335242680168673, 14954273.519999998, 31959866.63999999, 51156834.57000001, 19820896.0, 29783784.0, 19337101.0]
[313.86021505376345, 667.6344086021505, 697.236559139785, 102.0752688172043, 57.60215053763441, 83.47311827956989, 274.55274267187514, 583.717300265519, 391.6640196661869, 52.941772066549845, 40.94326397455552, 41.51966307296315, 8.0, 12.0, 19.0, 1.0, 1.0, 1.0, 1725.0, 2442.0, 1568.0, 190.0, 184.0, 167.0, 62717.90786680513, 3.34735064272169, 340192.2710161637, 2.5972896850232106, 168859.07145556386, 2.4527198289592436, 14969422.290000001, 67704187.86000001, 55171110.75000001, 29557700.0, 29140373.0, 17553896.0]
[379.1290322580645, 661.6236559139785, 898.0860215053764, 99.06451612903226, 57.236559139784944, 103.56989247311827, 305.75722913727725, 487.66836365769717, 531.9438850740698, 50.02104045377846, 51.717963797273946, 53.89470367006358, 14.0, 28.0, 10.0, 6.0, 0.0, 1.0, 1623.0, 2163.0, 2175.0, 185.0, 234.0, 204.0, 75465.03573488719, 3.2846244921282404, 264376.9101907377, 3.317435293300721, 285503.4772365223, 3.307716301244272, 20430759.87, 58208555.85, 93969670.08000001, 29915541.0, 52560273.0, 38186789.0]
[220.09677419354838, 713.9354838709677, 692.9354838709677, 100.3763440860215, 64.35483870967742, 81.04301075268818, 167.5317662620208, 534.123394114368, 405.2437754383858, 49.57008959182127, 46.52433798825558, 42.556079108603384, 5.0, 5.0, 3.0, 0.0, 2.0, 2.0, 884.0, 2259.0, 1696.0, 180.0, 213.0, 177.0, 52022.65201655628, 3.356751662244895, 333008.9727803465, 2.324235191774324, 173143.9753641524, 2.640586829828607, 6591202.950000001, 68493512.33999997, 55579881.09000002, 16533102.0, 36041360.0, 13998832.0]
[289.29787234042556, 601.968085106383, 703.6702127659574, 99.95744680851064, 54.670212765957444, 82.80851063829788, 210.29144291474705, 453.9759704722114, 427.5157392134506, 52.74566993258239, 43.66031841678802, 41.56023652631853, 24.0, 15.0, 11.0, 1.0, 1.0, 2.0, 1200.0, 2198.0, 1725.0, 209.0, 178.0, 159.0, 25337.953951182866, 3.4365513930636507, 145747.8368091761, 3.186019735577841, 156873.76617712746, 2.8807936964767284, 11261066.52, 50035375.62000001, 59729338.06, 15034910.0, 32075926.0, 21431139.0]
[239.6021505376344, 791.9247311827957, 640.8172043010753, 83.09677419354838, 65.53763440860214, 80.63440860215054, 188.18885864222688, 641.172266015778, 406.38271601374464, 43.09218241320855, 42.109732206665285, 43.47907666368827, 7.0, 6.0, 5.0, 0.0, 0.0, 1.0, 1218.0, 2816.0, 1720.0, 160.0, 196.0, 171.0, 29735.297468003148, 3.3420972346785587, 429164.48846896796, 3.0161493455583623, 210242.6773882154, 3.1589047455568227, 7995432.269999999, 89415628.40999998, 49646801.93999999, 20319138.0, 42343801.0, 15193926.0]
[301.6559139784946, 631.0215053763441, 685.7849462365591, 97.78494623655914, 65.46236559139786, 80.84946236559139, 195.11142271642453, 519.1551032895875, 374.1591979667143, 53.95526517853664, 49.41276000047853, 41.19464566214336, 4.0, 38.0, 20.0, 5.0, 1.0, 0.0, 847.0, 2752.0, 1378.0, 218.0, 248.0, 166.0, 40657.27248322759, 3.4248015862876944, 331397.12244099495, 2.7484696027962343, 138360.5103244145, 2.4905826570959406, 11127407.22, 57499596.38999998, 52654314.06000001, 17047005.0, 33360668.0, 19792187.0]
[251.6595744680851, 607.3829787234042, 678.4255319148937, 93.47872340425532, 48.59574468085106, 72.24468085106383, 177.9651743865654, 432.9167171734491, 400.50703051463347, 49.58575253302865, 35.308264331239066, 37.11466862732851, 4.0, 20.0, 16.0, 3.0, 1.0, 0.0, 880.0, 2139.0, 1451.0, 194.0, 155.0, 142.0, 26700.41340443677, 3.2969644680158905, 202925.60443548462, 2.939536615897784, 157803.7031166474, 2.2324807187677833, 8364794.92, 48981232.36, 54691362.000000015, 13704473.0, 31928916.0, 14699094.0]
[300.4516129032258, 561.4516129032259, 590.1182795698925, 81.29032258064517, 48.236559139784944, 70.41935483870968, 203.21280964251503, 545.2860540903405, 495.76664061313573, 45.03756418744567, 39.88581469794427, 38.18186531207816, 2.0, 0.0, 2.0, 0.0, 0.0, 1.0, 1028.0, 3861.0, 3505.0, 155.0, 225.0, 146.0, 49950.705358816806, 3.4034464848055492, 438685.3791290077, 3.559413119251294, 399863.0626446736, 3.2414819309418217, 11340792.0, 52704205.77, 51148568.730000004, 18707469.0, 31219734.0, 18945227.0]
[63.913978494623656, 327.9032258064516, 525.7956989247311, 87.7741935483871, 60.13978494623656, 83.93548387096774, 1354.3507401343559, 1392.6074547917856, 1182.7601612802716, 49.797662122585386, 49.756273669945045, 127.25990236106622, -12795.0, -12585.0, -10157.0, 0.0, 0.0, 0.0, 596.0, 1757.0, 1371.0, 284.0, 220.0, 1254.0, 202327.8797882328, 3.650349317459605, 360457.53502595855, 3.3903970194541535, 267315.90752431634, 3.494359501109568, 157293104.1, 175230708.81, 143602854.03, 170812369.0, 153229483.0, 140796388.0]
[345.6666666666667, 619.247311827957, 794.1505376344086, 70.97849462365592, 62.03225806451613, 109.75268817204301, 183.75215664710922, 441.77550997709375, 463.5848017315138, 39.1193765217231, 47.561048095397126, 56.03738191638694, 6.0, 39.0, 1.0, 1.0, 0.0, 0.0, 765.0, 1999.0, 1881.0, 159.0, 199.0, 204.0, 36393.1862783376, 3.207554063852878, 209402.2446256447, 2.6761755609877595, 211023.57768615513, 2.6416037074927963, 13223217.089999996, 49864449.839999996, 72934861.25999999, 20534324.0, 35580235.0, 26672895.0]
[787.3978494623656, 480.4623655913978, 1115.5483870967741, 98.82795698924731, 83.45161290322581, 122.09677419354838, 623.3776707824138, 297.4131060216977, 636.0484414852759, 50.51229373733513, 50.572486962652505, 66.06503128771138, 4.0, 4.0, 12.0, 0.0, 1.0, 4.0, 2367.0, 1511.0, 2630.0, 198.0, 201.0, 257.0, 361815.3388560924, 2.7870028782273466, 71558.70517730646, 3.568515250231203, 425599.84390235355, 3.0012483287008314, 86871991.92, 27533876.670000006, 142246275.12, 36679778.0, 48844303.0, 66101390.0]
[789.6774193548387, 421.1182795698925, 1029.0645161290322, 94.91397849462365, 73.96774193548387, 120.01075268817205, 609.2510934012834, 254.09001526600275, 587.0145692298263, 49.02210147385132, 46.51845160160578, 61.39952814994589, 13.0, 5.0, 42.0, 5.0, 1.0, 0.0, 2729.0, 1230.0, 2385.0, 177.0, 186.0, 241.0, 358793.92846227484, 2.9923000394606913, 83328.56858768247, 3.3568719510333387, 330819.14814548416, 2.6449399257590898, 85693086.71999998, 20862091.080000002, 121073429.19000003, 34566535.0, 37238032.0, 61068193.0]
[695.4301075268817, 418.10752688172045, 962.505376344086, 98.63440860215054, 86.08602150537635, 116.7741935483871, 492.29183192425216, 250.50958770012534, 558.3343361723705, 51.06321422175965, 56.63261771659787, 57.65284581992501, 7.0, 3.0, 1.0, 4.0, 2.0, 0.0, 2010.0, 1398.0, 2188.0, 201.0, 264.0, 227.0, 252722.5879976985, 3.2598281728833998, 64490.240641445205, 3.428226241094582, 342124.26499183243, 2.9290947881207194, 62564129.01, 20488976.94, 106798009.17, 30570011.0, 34484308.0, 48692331.0]
[660.6702127659574, 486.5425531914894, 941.9787234042553, 95.52127659574468, 74.51063829787235, 119.2127659574468, 451.29184673682846, 304.6286533622947, 518.4415019462544, 47.63610465991089, 51.649926808981455, 60.230894858809975, 22.0, 3.0, 23.0, 1.0, 0.0, 1.0, 1795.0, 1219.0, 2108.0, 179.0, 293.0, 211.0, 211332.47931559823, 2.9281316968613083, 99506.34133797573, 3.1601229896377, 255322.39097121073, 2.9684539751609598, 56372161.900000006, 29029357.3, 101900827.84000003, 34755921.0, 37571188.0, 47679216.0]
[602.7096774193549, 563.3010752688172, 993.7096774193549, 110.82795698924731, 106.2258064516129, 117.81720430107526, 457.7415394854906, 330.6365989153492, 561.790220414307, 59.866086729850274, 70.09405622513628, 61.962637100489346, 0.0, 13.0, 17.0, 2.0, 0.0, 2.0, 1888.0, 1439.0, 2601.0, 244.0, 306.0, 268.0, 268890.4156422388, 2.966218957029201, 101579.72825282885, 2.7076616746040667, 394490.4286915801, 2.9469292690435998, 49345424.27999999, 36797444.85000001, 112408764.27000001, 39069785.0, 48777788.0, 47186007.0]
[568.3010752688172, 680.0, 995.6236559139785, 103.55913978494624, 97.06451612903226, 123.15053763440861, 466.649430490483, 433.53323427090487, 558.5002026775253, 53.95579155874045, 55.94597674690734, 61.604267609892794, 13.0, 38.0, 5.0, 5.0, 0.0, 2.0, 2218.0, 1886.0, 2333.0, 240.0, 306.0, 229.0, 209545.44997333983, 3.0627285110529394, 183710.1398430233, 2.9137573781223685, 260255.36860350892, 2.512119413480682, 46565029.319999985, 56074069.13999999, 112422723.57000001, 48235919.0, 55919623.0, 44195363.0]
[474.0967741935484, 742.5591397849462, 1036.4086021505377, 101.75268817204301, 76.33333333333333, 130.11827956989248, 392.91574670814634, 486.55904647185406, 636.781926984344, 53.12468023719183, 45.46817648052061, 63.52744177028942, 4.0, 35.0, 10.0, 6.0, 1.0, 4.0, 1659.0, 2215.0, 2781.0, 182.0, 178.0, 241.0, 165680.75576071366, 3.3897267822278976, 251846.94408917616, 2.9914333968654616, 419345.3268829294, 2.6937944428909097, 32649153.80999999, 67945522.85999998, 127596438.95999996, 41553988.0, 57108168.0, 41131091.0]
[548.4574468085107, 932.8936170212766, 1085.0531914893618, 105.30851063829788, 76.5, 147.0744680851064, 392.9266714509173, 476.52366758144467, 648.9056853951058, 55.16447091671769, 48.56228679669782, 72.48362653251714, 3.0, 138.0, 8.0, 1.0, 2.0, 2.0, 1578.0, 2536.0, 2545.0, 198.0, 259.0, 292.0, 145934.365250188, 2.948181418605921, 188029.8410704101, 3.01309289799208, 438595.7195350998, 2.776839512744481, 40076073.74, 96749748.16, 140840490.46000004, 56850429.0, 82934061.0, 50862265.0]
[452.23655913978496, 841.8709677419355, 1115.0430107526881, 97.12903225806451, 71.76344086021506, 133.95698924731184, 321.9971441221403, 510.91197714195033, 659.4774267485103, 49.93065317244717, 43.473979686370114, 69.47581906185131, 0.0, 14.0, 15.0, 5.0, 1.0, 3.0, 1340.0, 2262.0, 2720.0, 180.0, 170.0, 272.0, 120721.80433259289, 2.976981268897402, 236490.40614168884, 2.7373030211049207, 400727.1194463826, 2.6122387244588348, 26559799.32, 83633320.85999998, 144745766.37, 41759451.0, 71847918.0, 42431651.0]
[394.39784946236557, 1006.7311827956989, 1248.236559139785, 121.83870967741936, 89.87096774193549, 148.48387096774192, 285.3078863181404, 659.1618548314899, 798.7627170907007, 65.30468561699352, 53.86864575792143, 76.56676724090093, 15.0, 3.0, 2.0, 0.0, 0.0, 6.0, 1082.0, 3393.0, 3224.0, 226.0, 209.0, 320.0, 78180.07910067377, 3.2266395782119632, 442301.59857931035, 2.7356432974817277, 654288.053562868, 2.443613525388645, 20418124.890000004, 124833615.41999997, 189348745.85999998, 42581024.0, 101313667.0, 44708708.0]
