[1404.8064516129032, 285.64516129032256, 1235.6881720430108, 110.81720430107526, 93.89247311827957, 112.29032258064517, 811.9320658301049, 193.89187064832376, 606.2984624914105, 50.9453983578325, 70.6633879689616, 56.741898606792375, 15.0, 1.0, 4.0, 6.0, 1.0, 0.0, 3527.0, 995.0, 2811.0, 196.0, 286.0, 203.0, 608452.0804723506, 3.214090074146944, 50187.83803418137, 3.371804737642288, 385424.5527714154, 2.9344959968468447, 227090419.71, 10273539.809999999, 163515435.57, 38667915.0, 29882639.0, 144792033.0]
[1258.1290322580646, 256.8709677419355, 1136.7096774193549, 114.66666666666667, 89.50537634408602, 105.0, 851.9939557068523, 184.38141150570442, 613.9694189496164, 52.65150671557548, 60.3563014353485, 53.36441576149052, 16.0, 6.0, 33.0, 0.0, 2.0, 6.0, 3563.0, 1167.0, 2405.0, 197.0, 304.0, 195.0, 682830.765284814, 2.585972498080702, 36577.99352179656, 3.278292892095141, 318954.9793255674, 2.6636991713351983, 199011505.37999997, 8615584.17, 144007062.72, 33470978.0, 24151260.0, 109781251.0]
[1474.8709677419354, 386.81720430107526, 1301.7956989247311, 127.17204301075269, 119.49462365591398, 74.39784946236558, 1171.6233927649503, 973.4418982486897, 668.6397866782426, 64.01148396558536, 91.24210789646101, 436.12969600160835, 78.0, 3.0, 49.0, 1.0, 0.0, -4045.0, 9553.0, 9461.0, 2947.0, 453.0, 456.0, 227.0, 725165.8487568191, 2.9447122431704447, 45538.38226630372, 2.9731191035596534, 429578.0652362632, 3.1254032528695013, 305585215.2900001, 94017012.66, 184824278.18999997, 129495508.0, 52454957.0, 166473142.0]
[1379.1290322580646, 281.6666666666667, 1375.52688172043, 128.3548387096774, 104.97849462365592, 124.84946236559139, 947.3937846374682, 214.90080286602878, 701.3244549545842, 59.50331469782209, 68.46738012504547, 67.60305277332544, 10.0, 6.0, 18.0, 0.0, 4.0, 4.0, 3755.0, 876.0, 3306.0, 248.0, 264.0, 261.0, 962800.2233603043, 3.0706610530941774, 51274.748152180684, 3.462828398740302, 444896.0031676672, 3.0210930111456866, 241298515.17000002, 10813142.550000003, 205728696.35999995, 38143433.0, 35783824.0, 156825973.0]
[1467.3225806451612, 478.8494623655914, 1418.9139784946237, 148.6451612903226, 114.60215053763442, 139.38709677419354, 890.5782825891023, 374.1213749293879, 699.7947005762845, 71.58297787112251, 69.98045375937767, 69.79878413324737, 0.0, 0.0, 29.0, 3.0, 1.0, 2.0, 3620.0, 1704.0, 2949.0, 279.0, 303.0, 258.0, 662652.1183960476, 2.640994630247772, 123919.56000557379, 3.029050507665249, 488448.23639308405, 2.3636504062850894, 254076220.40999997, 31807440.569999993, 216031588.82999995, 73550864.0, 56470671.0, 165927601.0]
[1397.6666666666667, 695.3010752688172, 1483.6021505376343, 149.90322580645162, 143.51612903225808, 135.23655913978496, 857.1897630367926, 417.7544989726319, 711.3378415197195, 70.1098616948598, 85.3361145964471, 64.17577726862208, 47.0, 26.0, 3.0, 2.0, 0.0, 11.0, 3308.0, 1741.0, 3327.0, 256.0, 379.0, 251.0, 688646.9907891505, 2.789408985344262, 171720.17879105036, 3.3044831875874503, 449148.4522310267, 2.919331687285631, 231823091.12999997, 56744866.05000001, 233664496.70999998, 90207519.0, 96657285.0, 169870723.0]
[1222.6989247311828, 860.4731182795699, 1311.6451612903227, 262.3440860215054, 115.58064516129032, 199.10752688172042, 809.0438772556888, 766.7586433841492, 1648.4071669154707, 1060.0742846676158, 354.65412797665783, 783.8163391571312, 5.0, -4926.0, -13004.0, 8.0, -3143.0, 2.0, 3514.0, 1950.0, 2909.0, 10354.0, 418.0, 7655.0, 777359.3918321434, 2.720668751710682, 945091.1687940616, 3.536360728571275, 5052769.921876895, 3.713772338143627, 185305383.92999998, 114340739.75999996, 381286106.72999996, 90829930.0, 186750462.0, 112888840.0]
[1047.279569892473, 1085.5483870967741, 1409.3870967741937, 153.80645161290323, 133.65591397849462, 128.50537634408602, 692.3528781969777, 560.3840204276271, 665.7213484219509, 76.00404137774747, 83.15889643950308, 65.19046070118628, 59.0, 21.0, 4.0, 4.0, 2.0, 1.0, 2961.0, 2741.0, 2803.0, 280.0, 357.0, 305.0, 487215.0902251351, 2.5750732375266385, 283060.2242827712, 3.1678166748318, 448111.488470389, 2.8298716490893154, 135875156.67000002, 128789567.58, 209720214.50999993, 120682003.0, 135196266.0, 131722298.0]
[766.483870967742, 1250.1505376344087, 1359.3118279569892, 153.9784946236559, 155.27956989247312, 105.3763440860215, 610.2732569157785, 554.4508043852073, 637.2974354817554, 72.40210459567541, 86.33231618116301, 57.53220534367169, 17.0, 139.0, 32.0, 7.0, 7.0, 0.0, 2559.0, 2483.0, 2530.0, 267.0, 413.0, 228.0, 386668.49001365807, 2.8571400193708016, 286072.181326219, 3.309334150598321, 385814.1038653991, 2.7100418513777673, 82678066.71000001, 161475663.78, 194560075.26000002, 99309946.0, 154842709.0, 103217065.0]
[625.7741935483871, 1533.5483870967741, 1375.752688172043, 194.27956989247312, 120.87096774193549, 123.56989247311827, 523.5782224070841, 841.2148760821669, 692.2285632825455, 89.7340715660055, 77.1589587075662, 65.25824916195626, 7.0, 29.0, 66.0, 5.0, 1.0, 0.0, 2022.0, 4152.0, 3027.0, 351.0, 328.0, 236.0, 229135.15953181885, 3.1460713895273336, 845501.9247702169, 3.2777931412868964, 429140.13346896996, 2.9292059346789983, 57323826.39000001, 263950533.54, 204697903.89, 107879806.0, 186195083.0, 82152245.0]
[478.4301075268817, 1471.6344086021506, 1421.0537634408602, 176.2258064516129, 130.1505376344086, 125.02150537634408, 393.3892971137928, 839.3810709573096, 699.730202130597, 83.2368450283075, 82.43244219894083, 62.46198469862944, 21.0, 146.0, 7.0, 0.0, 1.0, 0.0, 1585.0, 3848.0, 2954.0, 321.0, 327.0, 232.0, 198689.17635003474, 3.19365034816799, 716259.0295382071, 2.9682513040449843, 540706.4129822672, 2.971823238746853, 33038010.060000002, 247594273.85999998, 216549458.4, 78603913.0, 180330879.0, 66334609.0]
[438.741935483871, 1500.5376344086021, 1526.6021505376343, 170.65591397849462, 126.89247311827957, 133.74193548387098, 322.91790931610274, 849.3663438518483, 729.9135318024788, 82.02445216329197, 75.88370140143681, 68.71537123554869, 1.0, 11.0, 30.0, 6.0, 1.0, 1.0, 1372.0, 3549.0, 3163.0, 330.0, 345.0, 243.0, 84445.30207763663, 3.1865683417871375, 697685.161513978, 2.999803079191683, 477266.0245794521, 2.7886896438180915, 25570700.609999996, 256466992.79999998, 247150290.00000003, 65217611.0, 206567388.0, 62406900.0]
[477.0, 1504.4408602150538, 1515.032258064516, 168.94623655913978, 119.90322580645162, 127.78494623655914, 316.8515631072037, 963.1271696063997, 660.8512535986364, 77.26048058796012, 71.91934862658567, 67.65318358497153, 11.0, 8.0, 28.0, 7.0, 1.0, 0.0, 1419.0, 3983.0, 3187.0, 326.0, 287.0, 237.0, 101253.87604438333, 2.969914603551184, 946028.7916261147, 2.8566796874113725, 391574.2367183662, 2.4779437190979596, 28268771.97, 275123124.81, 235888601.94, 64141701.0, 200612494.0, 67883745.0]
[665.6989247311828, 1438.3440860215053, 1821.6666666666667, 413.35483870967744, 426.0860215053763, -7.881720430107527, 850.7570386445117, 2025.0928131957398, 1353.4933974022902, 1510.032037128908, 2079.4785751947006, 1713.647665891212, -3110.0, -12138.0, 86.0, -1344.0, -7647.0, -10349.0, 5879.0, 11362.0, 8604.0, 11254.0, 12156.0, 8554.0, 1148480.2641964296, 3.3077307064716077, 5952119.777689224, 3.3502664124071235, 2631988.6567166066, 3.2655730694733083, 100255742.82, 529815064.73999995, 443755583.13000005, 67364906.0, 221439408.0, 106980810.0]
[1021.1612903225806, 1211.7956989247311, 1664.236559139785, 135.10752688172042, 169.89247311827958, 119.82795698924731, 539.5521147880249, 903.2682994829746, 774.0501247370373, 66.99034037530943, 105.76845736402244, 63.84809139769617, 18.0, 12.0, 65.0, 0.0, 2.0, 2.0, 1991.0, 3485.0, 3212.0, 270.0, 469.0, 246.0, 292446.7245495078, 3.2652405128742945, 729591.5305652565, 2.9377408678118044, 499909.8861843999, 3.163066858346358, 115097136.66000001, 196813996.28999996, 290813492.4, 119509244.0, 180473819.0, 157637905.0]
[1239.8709677419354, 874.3225806451613, 1641.021505376344, 138.94623655913978, 135.7741935483871, 130.9247311827957, 607.9083030431776, 657.1997605336156, 758.4580894456432, 71.22642487035971, 80.30202891912104, 67.11965897448276, 48.0, 35.0, 35.0, 0.0, 0.0, 1.0, 2668.0, 2657.0, 3235.0, 288.0, 297.0, 228.0, 318406.841416311, 2.8444899415045026, 448534.43722934835, 2.494990870200159, 586684.48869811, 2.4410456638438016, 164578260.96, 103070763.54, 282132514.3499999, 118581225.0, 134483588.0, 183700739.0]
[1479.763440860215, 660.1075268817204, 1590.1397849462367, 155.5268817204301, 161.11827956989248, 122.80645161290323, 738.6484925899618, 504.96684054641247, 794.8654191720793, 76.0408344815396, 101.14108199230007, 63.97983005273176, 76.0, 14.0, 66.0, 2.0, 0.0, 0.0, 3147.0, 2372.0, 3103.0, 290.0, 450.0, 237.0, 514968.89625000814, 3.32262901864751, 279033.66049851157, 2.9220121514576647, 587684.9314249808, 3.0379734768953632, 236068811.76000002, 59504394.599999994, 272751569.01, 99460832.0, 105398300.0, 213432420.0]
[1653.0645161290322, 493.2043010752688, 1517.6881720430108, 32.924731182795696, -86.76344086021506, 2.946236559139785, 1280.4892475861448, 1596.3630373251008, 2053.2247858604333, 1960.2154120566263, 1837.9376698392464, 2269.936660510651, -2177.0, -8529.0, -9376.0, -10341.0, -11244.0, -12150.0, 7681.0, 6775.0, 13112.0, 12156.0, 5855.0, 13052.0, 2638184.3092474914, 3.642266159698411, 4855585.883587958, 3.683608323222062, 7825459.554980094, 3.061908483305171, 376633188.39000005, 239077694.7, 559917141.99, 72376274.0, 53830051.0, 174770265.0]
[1487.4255319148936, 973.3191489361702, 1761.9787234042553, 147.45744680851064, 164.81914893617022, 147.12765957446808, 926.9276512969939, 598.8130771366016, 825.9874504855646, 68.07833326454008, 99.51743379617177, 71.86505185647943, 56.0, 48.0, 25.0, 6.0, 3.0, 6.0, 3917.0, 2721.0, 3471.0, 297.0, 530.0, 287.0, 784307.2851836687, 2.9082782638683424, 237985.3743233946, 3.453941934480148, 570838.3042477042, 3.082201478617237, 270601546.84000003, 115054670.84, 333962474.32000005, 138324001.0, 154944984.0, 239502683.0]
[1008.8064516129032, 1266.1290322580646, 1562.978494623656, 161.88172043010752, 154.8494623655914, 142.11827956989248, 716.9906502644368, 685.577513230974, 786.0989811901196, 80.76883943139771, 79.38649899406003, 75.06183674903235, 34.0, 13.0, 64.0, 5.0, 12.0, 2.0, 2951.0, 2769.0, 3281.0, 280.0, 339.0, 259.0, 494744.2808931344, 2.3844146868094316, 424097.59021582635, 2.713320385027918, 606689.3015558808, 2.281397526641146, 132004355.30999999, 178865239.01999998, 264158514.09000003, 132861447.0, 176851076.0, 155110552.0]
[519.5806451612904, 1333.516129032258, 1340.5376344086021, 153.2258064516129, 134.34408602150538, 117.24731182795699, 436.86079572182916, 741.0216011183367, 697.4916324749738, 71.59580523178867, 74.85573002720342, 65.22830405816083, 9.0, 20.0, 70.0, 1.0, 10.0, 4.0, 1925.0, 3298.0, 2715.0, 265.0, 292.0, 214.0, 213104.84652256154, 2.7544170104984227, 583612.3265212311, 2.9568470008387897, 548593.782191455, 2.845493432163383, 39678090.09000001, 200784272.30999997, 197050565.04000002, 75133786.0, 161135404.0, 73448466.0]
[364.258064516129, 1388.0860215053763, 1301.8817204301076, 163.74193548387098, 126.93548387096774, 118.97849462365592, 281.70594070173235, 808.3987212507631, 642.888147845709, 71.6103440466114, 88.39570204626723, 63.549531947550086, 12.0, 56.0, 51.0, 6.0, 0.0, 4.0, 1267.0, 3321.0, 2673.0, 278.0, 465.0, 221.0, 100037.99796063078, 3.625123024292847, 663609.4352075778, 3.3524197047941717, 380684.89109139435, 2.665106313698629, 18265724.519999992, 222561631.26000002, 181953946.65, 54978895.0, 165207969.0, 43473710.0]
[371.31182795698925, 1411.989247311828, 1349.483870967742, 166.46236559139786, 131.1290322580645, 120.06451612903226, 269.71200334779894, 764.8704990505945, 643.8839453372896, 73.84098060076316, 76.4888775384812, 65.63399941633062, 4.0, 123.0, 50.0, 0.0, 1.0, 5.0, 1240.0, 3543.0, 2585.0, 376.0, 360.0, 224.0, 46881.55098604575, 3.2526608821766168, 588843.7695668127, 3.0854750467242633, 395804.05171101046, 2.9973339396962047, 18148615.200000003, 222491192.13000003, 192979543.98, 49990608.0, 174521534.0, 43863225.0]
[587.2258064516129, 1291.3978494623657, 1414.3548387096773, 156.2688172043011, 132.59139784946237, 126.3010752688172, 385.284511729919, 721.3399840602355, 675.295807086586, 71.11444233324478, 81.41282835555381, 68.54541258018476, 0.0, 2.0, 116.0, 14.0, 1.0, 0.0, 1321.0, 3021.0, 2757.0, 317.0, 307.0, 234.0, 128678.05796417104, 3.218616122804455, 499440.31574233127, 3.090820143902891, 448253.7599019664, 3.004270058518091, 42525587.34, 188759652.23999995, 212032012.23, 72121048.0, 172411208.0, 71317066.0]
[900.1075268817204, 1275.3548387096773, 1480.2903225806451, 157.88172043010752, 117.3763440860215, 129.10752688172042, 500.73562108695535, 879.630896470358, 706.5385706054241, 77.75824428013847, 76.62357367684407, 65.40782800605274, 10.0, 14.0, 28.0, 1.0, 7.0, 6.0, 2159.0, 3520.0, 3336.0, 371.0, 336.0, 236.0, 276277.4598967259, 3.00779239596621, 846988.8285660584, 2.9870452333699435, 496414.1657450632, 2.667589517315728, 91526627.03999996, 206880670.61999995, 232233302.96999997, 134526863.0, 160565090.0, 114213940.0]
[1040.225806451613, 1171.52688172043, 1391.9032258064517, 151.49462365591398, 122.93548387096774, 134.68817204301075, 588.9829503886571, 721.5209116165332, 730.7123692807696, 70.7541093684308, 76.15227971288743, 69.00125684025834, 14.0, 35.0, 4.0, 2.0, 3.0, 4.0, 2422.0, 3482.0, 3051.0, 297.0, 333.0, 285.0, 354163.8089326397, 3.0474439965197884, 450874.21202516626, 3.0043303972854494, 575487.9271515863, 2.9278308998995533, 123269053.17000002, 163247271.0, 213249212.97, 135803968.0, 149745975.0, 128103271.0]
[1205.5913978494623, 922.9139784946236, 1388.258064516129, 146.41935483870967, 117.35483870967742, 134.36559139784947, 660.5383383626857, 646.5328710819227, 751.7144014680536, 68.68648411135368, 82.59772146047875, 71.26173205411841, 44.0, 2.0, 8.0, 0.0, 2.0, 4.0, 2625.0, 3009.0, 3578.0, 302.0, 403.0, 259.0, 422095.4960932103, 2.772683221223711, 339927.6821460095, 2.422812042214415, 472744.3014106292, 2.6166636700340047, 163039704.29999995, 109434092.31, 215036534.39999995, 129438344.0, 114455784.0, 148260862.0]
[1416.9354838709678, 547.9462365591398, 1282.1397849462367, -130.43010752688173, 279.7741935483871, 401.06451612903226, 1142.1123051309607, 2030.8181600655405, 2111.119122086455, 1862.390892035251, 1572.1315434026415, 2309.019313787696, -3108.0, -12110.0, -10281.0, -12150.0, -4945.0, -10344.0, 4128.0, 11273.0, 11250.0, 5853.0, 11256.0, 13056.0, 2334092.280598459, 3.4792633760352354, 9952830.204615848, 3.416258920491327, 10184708.587808847, 3.6411823845070153, 285252725.7300001, 378836665.29, 523505248.17, 209338660.0, 240776426.0, 215550092.0]
[1568.5806451612902, 735.8172043010753, 1614.6774193548388, 67.7741935483871, 178.78494623655914, 190.70967741935485, 952.4867147604903, 543.9193303805853, 970.0487679503353, 811.03534379952, 239.4742815211091, 412.1421130124573, 11.0, -1342.0, -3998.0, -7647.0, 0.0, 0.0, 5953.0, 2056.0, 3287.0, 270.0, 2258.0, 4057.0, 1107279.7651080287, 3.337510090795049, 320252.399447646, 3.0081372313094032, 1146720.6983617276, 3.248862661113493, 290426588.2199999, 72140792.85, 306006771.27000004, 97840786.0, 116537736.0, 214914274.0]
[1047.1182795698924, 1085.6989247311828, 1623.9032258064517, 144.10752688172042, 149.1505376344086, 150.49462365591398, 726.9962001195827, 633.6309065691956, 886.3731188107811, 63.27999587162484, 101.49255126197356, 80.01530066397274, 8.0, 14.0, 4.0, 10.0, 1.0, 3.0, 3324.0, 2526.0, 3745.0, 280.0, 506.0, 276.0, 454521.77647937584, 3.1244105908876145, 468894.73297674174, 2.9757585155423514, 633746.3090375913, 2.259389085619773, 140053007.76, 136300733.04000002, 295300304.37, 124703952.0, 157785021.0, 169533601.0]
[662.3225806451613, 1356.3548387096773, 1590.8602150537633, 148.01075268817203, 129.61290322580646, 135.90322580645162, 528.2966714560379, 699.554340201539, 751.2985076779294, 70.10636245759723, 84.37404199237962, 73.50082290520247, 0.0, 156.0, 8.0, 5.0, 0.0, 5.0, 2524.0, 3250.0, 3348.0, 271.0, 381.0, 268.0, 289256.6999237114, 3.3280205747497664, 365429.4115822928, 3.2942273206497696, 457473.98766940396, 3.152878826543921, 61820243.39999998, 200986552.89000005, 267186319.74000004, 96793313.0, 202621702.0, 109237038.0]
[446.63440860215053, 1505.47311827957, 1652.6774193548388, 143.05376344086022, 127.87096774193549, 148.11827956989248, 333.2142796977395, 835.5028502982351, 840.6467639664004, 68.19048856143927, 93.32507769205021, 75.8692882618242, 11.0, 62.0, 49.0, 0.0, 4.0, 1.0, 1387.0, 3621.0, 3325.0, 293.0, 462.0, 289.0, 78742.8528552003, 3.4334119112662145, 678024.8515628657, 3.495936720982534, 805501.936733705, 2.9786676518870063, 26753100.75, 255751643.30999997, 296697964.17, 67864753.0, 223009949.0, 70292607.0]
[396.40860215053766, 1548.6666666666667, 1658.0, 142.83870967741936, 120.56989247311827, 152.94623655913978, 298.98208600397055, 874.3920040871795, 835.3131149455274, 62.675022818292554, 81.23575431628699, 75.2246440873858, 3.0, 123.0, 108.0, 5.0, 4.0, 1.0, 1421.0, 4022.0, 3552.0, 261.0, 376.0, 265.0, 74812.12675120059, 3.307508851377787, 728158.8156564166, 3.3560512314734603, 738901.4452247742, 2.366741859445107, 21239252.580000002, 272850758.15999997, 297457215.24000007, 60977049.0, 222895164.0, 55077576.0]
[814.4301075268817, 1446.215053763441, 1699.247311827957, 138.0215053763441, 142.80645161290323, 157.76344086021504, 567.3278593135094, 944.5261734751541, 883.8319564840806, 68.74669612529748, 96.50537922206114, 83.1786184181057, 1.0, 6.0, 60.0, 2.0, 3.0, 0.0, 2657.0, 4142.0, 3288.0, 282.0, 515.0, 284.0, 272572.11268199125, 3.295800515005472, 924992.3679529713, 3.111569846057258, 664530.5767393404, 2.8388087935016615, 84906924.24, 257227736.51999992, 316570766.82, 123076096.0, 222657553.0, 120038417.0]
[1287.516129032258, 1189.215053763441, 1771.720430107527, 137.20430107526883, 165.3978494623656, 157.0215053763441, 752.1974563397454, 817.149018519005, 888.248513081287, 79.56752111309162, 105.12830047395568, 80.92696364954821, 8.0, 27.0, 87.0, 0.0, 1.0, 0.0, 3080.0, 3252.0, 3560.0, 316.0, 498.0, 271.0, 516583.35627531435, 3.0880335009228648, 683838.7165652721, 3.2982925912850813, 772588.7906437144, 2.7048620695942356, 191784215.91000006, 179448158.36999997, 338997121.6199999, 164850034.0, 207432992.0, 200358668.0]
[1545.4408602150538, 496.98924731182797, 1669.5913978494623, 148.83870967741936, 126.9247311827957, 168.43010752688173, 1001.136685086177, 440.6627048529752, 862.87434518438, 77.29000868026367, 88.43570946064371, 83.13313024633158, 38.0, 11.0, 79.0, 1.0, 1.0, 20.0, 4134.0, 2080.0, 3454.0, 330.0, 486.0, 313.0, 900633.2086705713, 3.135742092010289, 160484.72754517314, 2.8605765594474954, 775223.7662757918, 2.522203639507607, 292326250.85999995, 37977234.48, 304797820.56000006, 81586122.0, 89674836.0, 232371760.0]
[1547.7956989247311, 524.7311827956989, 1647.010752688172, 158.18279569892474, 138.95698924731184, 156.70967741935485, 821.2966492493782, 358.3103809907825, 793.2781393715965, 64.76109041106047, 90.98649135024463, 85.74679365854387, 164.0, 29.0, 109.0, 14.0, 3.0, 0.0, 3774.0, 1899.0, 3603.0, 310.0, 431.0, 381.0, 659559.8203136476, 3.2284044570401256, 174708.29413967175, 3.4888602456277877, 641706.930087484, 3.128850624433014, 264914261.84999996, 34799134.319999985, 288458685.90000004, 78095041.0, 87526029.0, 219734442.0]
[1573.3297872340424, 535.031914893617, 1549.3510638297873, 147.95744680851064, 140.6595744680851, 147.68085106382978, 906.532474117757, 340.78635984515114, 815.810286657419, 63.01338224376006, 89.67918366383958, 78.08104595164124, 16.0, 7.0, 14.0, 3.0, 8.0, 0.0, 3896.0, 1592.0, 3729.0, 273.0, 355.0, 295.0, 908517.3340778955, 3.1395511855391818, 118932.70159565393, 3.3512685729433844, 688974.1439255102, 2.8971239700019433, 290565248.9800001, 35446410.179999985, 270289251.58, 78381666.0, 80867170.0, 215602453.0]
[1376.1182795698924, 714.2043010752689, 1375.1720430107528, 56.73118279569893, -56.11827956989247, 101.40860215053763, 906.1720113304907, 859.9572734474734, 1161.2383066632297, 1346.1949123991064, 1246.371044005812, 1374.856302661728, -1282.0, 30.0, -6717.0, -11853.0, -10348.0, -11247.0, 3847.0, 7673.0, 3250.0, 4955.0, 359.0, 6757.0, 894074.9274409679, 2.895460758573781, 959743.7356751086, 3.6690659264547225, 1629263.7936618645, 3.6222018790096286, 234043642.82999995, 107391380.78999999, 278936548.8900001, 84811337.0, 30369643.0, 194089644.0]
[1229.9032258064517, 790.3763440860215, 1559.3870967741937, -124.95698924731182, 97.61290322580645, 170.79569892473117, 852.0380434519817, 568.3480048805542, 741.2282701889812, 1749.5621869359356, 1478.1367901065448, 742.0889077043406, 14.0, 7.0, 226.0, -11856.0, -11248.0, -4048.0, 3557.0, 2353.0, 3085.0, 233.0, 8555.0, 5856.0, 745685.3827681674, 3.415266105050695, 354595.80470957624, 3.3949542308495793, 581737.3002350117, 3.1418567519380716, 192944024.48999998, 81667394.78999999, 257325024.74999997, 114466879.0, 106728004.0, 170382293.0]
[1072.989247311828, 1080.1075268817203, 1542.1612903225807, 142.49462365591398, 114.0752688172043, 148.96774193548387, 668.0046129530851, 690.9249387024549, 783.9173687921252, 70.63710437340279, 79.87289312171855, 80.0323917593076, 40.0, 17.0, 18.0, 3.0, 4.0, 2.0, 2849.0, 2831.0, 3135.0, 259.0, 346.0, 278.0, 469917.2994980927, 3.1701128497016495, 494030.3966989108, 3.220337226673459, 583922.8872972571, 2.8917564785938352, 137755902.18, 141746424.30000004, 258274714.71000004, 130827773.0, 148301254.0, 153600787.0]
[1001.763440860215, 1305.8279569892472, 1469.516129032258, 154.1505376344086, 119.59139784946237, 144.79569892473117, 674.8130723110992, 814.2660421943068, 733.780022908525, 76.53614466332361, 98.92995288269678, 76.28088243313611, 31.0, 37.0, 54.0, 5.0, 1.0, 2.0, 2710.0, 3411.0, 3569.0, 273.0, 425.0, 295.0, 406806.20964648057, 3.0750584739556968, 641212.8214425961, 2.9694386210343198, 457832.1190437625, 2.8493121409044573, 125756995.68, 204210370.92, 232841560.16999996, 151144592.0, 163185960.0, 138297029.0]
[1045.032258064516, 1544.9032258064517, 2199.7311827956987, -214.66666666666666, 369.9462365591398, 282.3333333333333, 1318.4841135348424, 1740.5475591750865, 1445.4123763900086, 2422.5427547415393, 2137.2493515161805, 1807.1392257265124, -3122.0, -6671.0, -1272.0, -13037.0, -12143.0, -10343.0, 8580.0, 5902.0, 9517.0, 4070.0, 9458.0, 10358.0, 3458955.634032784, 3.698655190293185, 5954734.008228239, 3.466009713104093, 3578946.0721645714, 3.4998009685680684, 243192608.04, 465632446.49999994, 597262707.4499999, 166255595.0, 301575714.0, 165397353.0]
[1156.3763440860216, 1420.247311827957, 1790.4086021505377, 171.8709677419355, 172.76344086021504, 164.94623655913978, 745.9175253683925, 960.4975234324498, 886.6683395007542, 93.71478768356162, 94.16952773190053, 85.05207683370253, 31.0, 68.0, 24.0, 0.0, 0.0, 0.0, 3132.0, 4173.0, 3778.0, 377.0, 363.0, 314.0, 577386.2429185784, 2.658748290005588, 809920.2157544608, 2.854447111289567, 686058.8286253468, 2.4244428783938994, 163259949.69000006, 253393036.82999992, 344514765.11999995, 152275173.0, 240163035.0, 195320523.0]
[1374.4623655913979, 1050.4193548387098, 1883.6559139784947, 168.8279569892473, 164.23655913978496, 170.30107526881721, 854.3854587685893, 736.1105824679594, 920.8082519393735, 91.11419300214929, 103.0727263138553, 87.12494587937145, 9.0, 38.0, 183.0, 0.0, 0.0, 3.0, 3703.0, 2923.0, 3825.0, 400.0, 618.0, 323.0, 870203.3778437811, 3.117152148053587, 557828.5845607661, 2.755133485386743, 771530.724924985, 3.0826027555831974, 225848925.51000002, 141792845.25, 379425607.32, 138632790.0, 199635796.0, 234733978.0]
[1749.6021505376343, 773.5376344086021, 1644.3978494623657, 171.6021505376344, 153.1720430107527, 159.9247311827957, 961.3296966428837, 617.4563980230187, 784.2292552423262, 79.8511032546019, 104.13146202672954, 85.18997141416655, 18.0, 11.0, 53.0, 2.0, 4.0, 0.0, 4891.0, 2310.0, 3619.0, 362.0, 465.0, 319.0, 696023.7277428921, 3.4655054940639305, 424409.99266281695, 3.079001029394363, 475708.3315502426, 3.000432943640066, 343825887.1499999, 84372152.85, 286493518.71000004, 129392692.0, 134227206.0, 264314898.0]
[1635.1808510638298, 562.468085106383, 1744.9893617021276, 150.2659574468085, 128.5, 168.53191489361703, 855.1118893368805, 420.81034734527725, 786.7566127002334, 64.99432159347477, 79.3006732266098, 85.970200154317, 1.0, 18.0, 13.0, 6.0, 4.0, 0.0, 3836.0, 1847.0, 3291.0, 270.0, 343.0, 348.0, 640372.8383751222, 3.164950782989687, 131671.30914739854, 3.2831048788933375, 491270.8509617945, 3.1219353287726306, 300181351.2200001, 43434935.319999985, 323166881.7, 88515498.0, 98592393.0, 257477254.0]
[1481.6021505376343, 721.9569892473119, 1696.0, 145.79569892473117, 139.18279569892474, 155.69892473118279, 975.3136857685832, 478.1256409823153, 775.628146561953, 69.30831544623867, 94.57628002978878, 84.47752273035306, 27.0, 20.0, 18.0, 1.0, 4.0, 9.0, 3857.0, 2027.0, 3593.0, 287.0, 437.0, 322.0, 839732.2354548284, 3.261904063299425, 204692.17801897504, 3.415317265380024, 544562.5715329826, 3.0917709287655186, 271245904.59, 64639850.879999995, 300254032.1399999, 95542650.0, 115914900.0, 228448833.0]
[1389.967741935484, 992.6021505376344, 1593.7096774193549, 145.5483870967742, 131.79569892473117, 147.27956989247312, 868.7737041071781, 598.6052473619304, 732.1676806734376, 72.37050145650448, 87.00194389879594, 75.16986063336212, 19.0, 14.0, 64.0, 1.0, 1.0, 0.0, 3609.0, 2443.0, 3311.0, 278.0, 353.0, 277.0, 761515.0510308527, 2.770697215784891, 291633.1331497965, 3.290744516240423, 534300.8420170672, 2.472563721975824, 231677501.49, 115873617.84000002, 265542969.7500001, 138463865.0, 142115782.0, 203978049.0]
[1183.4516129032259, 1397.1612903225807, 1806.8387096774193, 182.0, 150.49462365591398, 167.7311827956989, 859.329168547099, 894.4372446249262, 924.3424136193839, 93.38012543409307, 91.23829569438219, 81.74219013152774, 23.0, 7.0, 85.0, 1.0, 2.0, 2.0, 3583.0, 3709.0, 3979.0, 335.0, 395.0, 317.0, 562334.2096182774, 3.2870418250204096, 841284.5587177865, 3.3123000689725024, 799816.3320468316, 3.207214464234098, 184315730.00999993, 237283179.72000006, 355464198.24, 178049953.0, 225547426.0, 199991779.0]
[852.2795698924731, 1490.1720430107528, 1590.9354838709678, 164.1290322580645, 130.13978494623655, 154.49462365591398, 653.497103642685, 889.4653819748412, 764.9438144535109, 83.36968818962863, 85.66841934964303, 72.99413669959985, 18.0, 22.0, 10.0, 7.0, 1.0, 4.0, 2445.0, 3365.0, 3335.0, 358.0, 369.0, 298.0, 382634.2465802214, 2.986046167980677, 670498.996773531, 3.101755603286051, 586491.2262826314, 2.5057063311047747, 99363768.66, 259751473.79999998, 268977234.68999994, 137870045.0, 201667915.0, 126634314.0]
