[437.8888888888889, 244.59595959595958, 552.1414141414141, 45.73737373737374, 64.37373737373737, 58.93939393939394, 304.98975857308244, 191.68601660815114, 379.16675589715356, 29.590258276485173, 41.256931602789635, 35.30243044816192, 13.0, 3.0, 1.0, 0.0, 0.0, 3.0, 1169.0, 749.0, 1547.0, 122.0, 167.0, 143.0, 82396.32044518173, 3.515034132068057, 24407.350871828527, 3.2326278157093276, 121956.50193283925, 3.0820605209091516, 27817771.410000004, 9428519.43, 43827658.38, 10814300.0, 14856850.0, 24944110.0]
[345.7741935483871, 198.18279569892474, 431.48387096774195, 48.86021505376344, 45.01075268817204, 39.25806451612903, 275.9006645843619, 141.04200316684566, 227.67418620281396, 26.27802495632849, 30.666330008112038, 23.868253986982307, 1.0, 9.0, 27.0, 2.0, 0.0, 0.0, 1255.0, 509.0, 1049.0, 98.0, 111.0, 92.0, 60787.42913394451, 3.264194230180612, 18842.036932926098, 3.0787874617270545, 47550.8007240657, 2.9034407976849463, 16853654.369999994, 5099049.569999999, 20537612.22, 6585751.0, 8841123.0, 13474680.0]
[405.286432160804, 200.54773869346732, 494.2110552763819, 46.62311557788945, 62.52261306532663, 37.67336683417086, 316.65670377761984, 133.9736009063359, 268.0547314804997, 26.770322561413597, 41.5453779073032, 26.33657142003744, 7.0, 0.0, 2.0, 0.0, 1.0, 0.0, 1560.0, 593.0, 1350.0, 120.0, 185.0, 108.0, 113858.04450744318, 4.095946040017924, 15690.136175556408, 4.020340720203042, 81744.86964313575, 4.03061055890051, 104556414.88, 22999518.529999997, 125034943.70000003, 14526285.0, 22274703.0, 35705347.0]
[422.6761363636364, 248.78977272727272, 561.6647727272727, 45.4375, 66.3409090909091, 52.88636363636363, 340.23681282116036, 160.2015020723394, 382.15629728155477, 26.063144476444126, 42.166984068753905, 30.653802120056568, 1.0, 2.0, 4.0, 0.0, 0.0, 0.0, 2001.0, 741.0, 2018.0, 110.0, 189.0, 145.0, 67273.67129326146, 3.937698466250157, 23657.29604110044, 3.6407249576065195, 126570.81498241925, 3.606447313015913, 90994624.16000001, 27077686.239999995, 142700534.23999998, 17771513.0, 27659261.0, 39791299.0]
[364.1287878787879, 218.2651515151515, 424.74242424242425, 39.57575757575758, 48.29545454545455, 42.5, 273.43124804821883, 157.8971962317237, 269.7028226355624, 26.263236201153425, 40.81062925387398, 32.69206314025489, 8.0, 1.0, 2.0, 0.0, 1.0, 0.0, 1078.0, 776.0, 1272.0, 97.0, 196.0, 177.0, 70957.69438899419, 3.4543217883193464, 31499.33980732234, 3.62720837975627, 89733.07727396485, 3.4281537425166646, 36030745.07999999, 12611896.440000001, 44012097.36, 10963803.0, 15318658.0, 21176071.0]
[399.44086021505376, 176.56989247311827, 473.6559139784946, 49.83870967741935, 78.56989247311827, 31.29032258064516, 292.8456880473872, 121.21382453168042, 319.8644242223929, 26.666739714719956, 48.083577113519645, 19.762492276577042, 3.0, 3.0, 3.0, 0.0, 0.0, 0.0, 1422.0, 499.0, 1512.0, 94.0, 272.0, 76.0, 62201.99978457546, 3.253653957592082, 16698.838092542628, 3.3649701227844377, 88601.75626167118, 2.7979875088114903, 21137244.599999994, 3953607.63, 28157946.660000004, 6710308.0, 8807395.0, 15204325.0]
[360.35483870967744, 241.65591397849462, 462.9139784946237, 38.67741935483871, 63.344086021505376, 45.344086021505376, 261.4919004964503, 173.91955253130163, 290.9591206873801, 27.53817954038206, 40.54452587927411, 26.24694376562723, 10.0, 1.0, 29.0, 0.0, 0.0, 1.0, 1645.0, 985.0, 1290.0, 109.0, 154.0, 101.0, 42787.334416797574, 3.278824468309954, 23317.2583345035, 3.1973906173577213, 67542.09596893756, 3.0844225455227776, 17081634.57, 7638826.56, 25777156.889999997, 7619422.0, 11121844.0, 13160744.0]
[342.74257425742576, 215.98019801980197, 478.84158415841586, 30.584158415841586, 72.38613861386139, 30.97029702970297, 244.27978440572386, 158.52822967522346, 339.81491234709716, 21.725684029154372, 43.64102892852773, 24.808246792365054, 2.0, 2.0, 2.0, 0.0, 3.0, 0.0, 1140.0, 918.0, 1360.0, 94.0, 184.0, 100.0, 62743.48878032049, 3.4476358005713506, 38412.131650625844, 3.2686732765009756, 107183.43656418807, 3.2635979770360892, 18010300.810000002, 7296757.119999998, 35052689.33, 7625960.0, 12713851.0, 16485875.0]
[345.2474226804124, 225.89690721649484, 446.1958762886598, 43.52577319587629, 52.54639175257732, 51.24742268041237, 281.9368291733627, 147.15053831989556, 304.20403785861316, 24.719717494131903, 35.89597836647718, 27.77590042338676, 5.0, 4.0, 6.0, 1.0, 0.0, 5.0, 1530.0, 587.0, 1456.0, 113.0, 172.0, 113.0, 67734.2472427903, 3.3911982792251036, 22509.92168843578, 2.930315643843291, 69809.41577618793, 3.3312648550987545, 18617088.75, 6817710.96, 27349783.410000008, 7344925.0, 12286867.0, 14277237.0]
[346.36170212765956, 185.2127659574468, 486.6170212765957, 48.09574468085106, 59.97872340425532, 31.52127659574468, 237.48131114080877, 126.20506204087194, 257.03328542172846, 25.21096755230466, 34.19267944143947, 19.01879586625405, 16.0, 0.0, 14.0, 0.0, 0.0, 2.0, 1137.0, 505.0, 1060.0, 104.0, 129.0, 73.0, 52687.05646049499, 3.408430621036268, 16056.265492077915, 3.3598960887300535, 63309.207973022734, 3.0726453096204995, 15530492.000000006, 4423482.08, 26698804.959999997, 5550437.0, 9489938.0, 14219844.0]
[344.3510638297872, -68.53191489361703, 223.18085106382978, -106.37234042553192, 68.1063829787234, 258.8191489361702, 274.92828810620165, 1861.524994573562, 1731.2610293908426, 2073.50796199919, 1531.0352634110955, 1462.2010729355559, -375.0, -12975.0, -11265.0, -12709.0, -12149.0, 0.0, 1275.0, 585.0, 1713.0, 9490.0, 6750.0, 13053.0, 68435.91887312297, 3.4505860130615362, 2955547.9046999207, 3.530425863474332, 2510962.0720726512, 3.4901860590876357, 17085211.580000006, 303349360.84, 266422069.02, -4444018.0, 291469171.0, 4981167.0]
[393.9263157894737, 227.29473684210527, 565.7473684210527, 46.578947368421055, 74.93684210526315, 44.31578947368421, 294.3625005786581, 163.0220500478132, 353.3279161761551, 24.238872835323587, 42.02957685186879, 26.589176792604896, 2.0, 9.0, 32.0, 0.0, 0.0, 0.0, 1219.0, 614.0, 1560.0, 89.0, 192.0, 110.0, 83313.88385931397, 3.3632211347675933, 22323.28595252896, 3.2384665431786868, 138261.63497845965, 2.9229128217675706, 21742590.15, 7035830.1499999985, 40034592.199999996, 8113773.0, 13712926.0, 19154908.0]
[-115.10891089108911, 246.009900990099, 644.0891089108911, -21.198019801980198, -73.17821782178218, 98.27722772277228, 2829.7871789270303, 1066.9103288941344, 1643.2700636171153, 1141.2605576274157, 1027.9395254200474, 595.8016971914714, -13205.0, -8543.0, -9431.0, -11247.0, -9449.0, -1347.0, 6780.0, 5863.0, 13070.0, 1350.0, 178.0, 5850.0, 17207016.71272926, 3.6191207134964185, 2877059.0633094194, 3.6820504948469113, 6705105.822095534, 3.6305574019570024, 810128882.04, 121141796.73, 315052914.78999996, -84472729.0, 174796412.0, -13575499.0]
[309.39814814814815, 180.22222222222223, 428.26851851851853, 43.638888888888886, 51.592592592592595, 40.379629629629626, 211.40990612493434, 121.98861087741193, 258.26063074378413, 25.502229454796872, 33.231568438447155, 22.708933394950765, 7.0, 6.0, 2.0, 0.0, 2.0, 2.0, 895.0, 486.0, 1209.0, 111.0, 133.0, 89.0, 54335.44396147621, 3.572665360646816, 14651.310716290824, 3.4105799173935907, 77960.34898203719, 3.1984711217248005, 16330478.040000001, 5508146.879999998, 29101084.91999999, 5847480.0, 8791034.0, 13559182.0]
[157.0, 292.2358490566038, 423.92452830188677, 78.85849056603773, 72.45283018867924, 46.839622641509436, 1921.8429448739835, 189.7264974785091, 255.75090925177315, 132.5493933940419, 63.61777710154858, 30.116325834354463, -10933.0, 2.0, 15.0, 1.0, 1.0, 1.0, 3979.0, 923.0, 1033.0, 1027.0, 405.0, 184.0, 2199171.5004979772, 3.4315541700067396, 21619.669492304205, 3.5168117065773674, 52354.99083675911, 2.987532974078067, 413853919.56, 13602116.099999998, 27472410.08, 6853087.0, 14473906.0, 3488387.0]
[-513.0413793103448, -551.2896551724137, -755.2344827586207, -958.7379310344828, -736.1931034482759, 54.19310344827586, 3097.8864880302353, 3678.0407826518963, 3881.4747859647964, 3290.888433363081, 3286.1740297979914, 518.6997672673648, -13485.0, -13485.0, -13485.0, -13490.0, -13392.0, -5842.0, 3975.0, 11895.0, 1419.0, 883.0, 5850.0, 1046.0, 1030952.9615781644, 1.796479922989596, 893947.633291138, 1.7372494247588468, 2041071.4193754164, 1.5353675914197682, 2059173073.4499998, 2888542298.65, 3265670962.9499993, 1104092315.0, 970091406.0, 1190057934.0]
[-92.3061224489796, -147.66326530612244, -35.08163265306123, 103.92857142857143, -10.459183673469388, -130.71428571428572, 2321.259649184296, 2218.106692161562, 2439.261159362951, 1098.1509036632874, 992.2198497689991, 1623.3172222716396, -13395.0, -13126.0, -12150.0, -5985.0, -4936.0, -10965.0, 2251.0, 807.0, 6752.0, 6759.0, 6751.0, 4950.0, 8463203.501660682, 3.686834107342639, 7443791.272357855, 3.4306510693191865, 11680445.922188444, 3.558044104253585, 513025000.03999996, 469789041.54, 565724723.48, 477830681.0, 335936105.0, 258128248.0]
[-174.70634920634922, 73.96825396825396, 449.5079365079365, 68.46031746031746, 61.357142857142854, 58.785714285714285, 2470.0429601687833, 1892.7343054385967, 311.00358187086516, 80.01166422902608, 69.84914765815994, 34.636075330292755, -13490.0, -12757.0, 7.0, 2.0, 0.0, 0.0, 1165.0, 1237.0, 2186.0, 597.0, 601.0, 152.0, 364310.4793370548, 2.5729551802145663, 235089.5871814353, 2.9973653176826245, 66720.70548823476, 3.2192764168850596, 965770897.14, 565103420.2800001, 47312538.839999996, 419725383.0, 9269292.0, -7274196.0]
[360.0612244897959, 346.92857142857144, 457.4183673469388, 50.11224489795919, 60.42857142857143, 51.142857142857146, 267.2224378012905, 223.2259384292714, 294.14026121462877, 26.357135872536002, 43.60365065582771, 31.918065207620877, 2.0, 4.0, 36.0, 0.0, 0.0, 0.0, 1160.0, 911.0, 1350.0, 113.0, 203.0, 130.0, 53131.01285553658, 3.4132306480117713, 44914.51545987248, 3.0711674187131117, 89481.60311761775, 3.249454875220246, 19239046.4, 16296142.659999998, 28319047.259999998, 13204320.0, 15287921.0, 17033046.0]
[-158.06756756756758, 185.39864864864865, 337.77027027027026, 120.89189189189189, 58.82432432432432, 18.655405405405407, 2201.5761597637957, 1374.3813784141191, 996.6430395210598, 778.0848644333997, 119.54310503799617, 563.8379623559521, -12525.0, -12434.0, -11228.0, 0.0, 0.0, -6748.0, 1225.0, 1136.0, 1442.0, 9459.0, 1354.0, 729.0, 5349002.191848095, 3.949069056237, 757960.782122826, 4.219304518018872, 907602.1525902352, 4.216263939873003, 1059972533.8400002, 418483330.36, 241091772.07999998, 288095888.0, 135475250.0, 137739100.0]
[258.74545454545455, 314.92727272727274, 330.6818181818182, 47.93636363636364, 41.8, 45.77272727272727, 222.3183285276605, 226.76389973241228, 249.0214217165425, 26.307384553930675, 28.409457011819534, 36.35973655068239, 5.0, 3.0, 2.0, 0.0, 1.0, 0.0, 1092.0, 983.0, 1179.0, 95.0, 139.0, 164.0, 32991.8171860253, 3.4444628837867928, 58567.60379212582, 3.3430950968284856, 44212.23645766911, 3.67877818123241, 14026964.6, 18166163.399999995, 20666605.299999997, 9991373.0, 12644882.0, 9416083.0]
