[321.8279569892473, 217.247311827957, 501.247311827957, -49.516129032258064, 99.88172043010752, -43.44086021505376, 1452.1945134389146, 188.38845482452857, 679.8111415474469, 899.48260022448, 346.75006189342616, 862.5298792854203, -13048.0, 5.0, 4.0, -8625.0, 1.0, -8265.0, 1767.0, 1091.0, 5850.0, 119.0, 3345.0, 164.0, 121174.16478102663, 3.449425022932552, 28609.79701555634, 3.4401848015622654, 129470.11891618252, 3.345581419342866, 189392872.49999997, 7118558.52, 61271485.739999995, 4623449.0, 15088427.0, -55799186.0]
[364.3069306930693, 280.1782178217822, 528.2673267326733, 39.07920792079208, 55.633663366336634, 67.46534653465346, 279.20117272584145, 175.58715192402914, 299.2937985020441, 25.452969637477207, 32.8462243712355, 42.87016779916674, 9.0, 0.0, 12.0, 0.0, 0.0, 0.0, 1416.0, 950.0, 1414.0, 94.0, 126.0, 145.0, 61309.54219538207, 3.339102245691733, 30441.905028151723, 3.3114225454721278, 78567.62225401028, 2.8896514250574157, 21412003.029999997, 11121683.68, 37514814.809999995, 9815164.0, 17230416.0, 18887570.0]
[392.265306122449, 278.0, 456.8061224489796, 35.42857142857143, 74.10204081632654, 50.12244897959184, 397.1421504321914, 211.80734292149535, 306.37241195559693, 20.690652304446694, 61.75066088313122, 31.713363571091215, 8.0, 7.0, 3.0, 0.0, 1.0, 0.0, 2911.0, 1317.0, 1401.0, 86.0, 501.0, 159.0, 115068.92335383288, 3.455811388532737, 28155.14565217325, 3.52289567605135, 83435.30864044656, 3.2558687286545385, 29770916.279999997, 11686970.400000002, 28963559.940000005, 14680974.0, 14717411.0, 17794954.0]
[301.13684210526316, 243.05263157894737, 337.6, 31.894736842105264, 47.71578947368421, 51.38947368421053, 227.07827924487896, 153.8543362239622, 204.62365038741817, 19.895190097753677, 29.890460713366977, 30.798347129192788, 3.0, 6.0, 26.0, 0.0, 0.0, 2.0, 930.0, 739.0, 915.0, 83.0, 135.0, 114.0, 47847.043839173944, 3.6281639968316197, 18993.05426593466, 3.419500827120868, 29959.536840283083, 3.0309409687505693, 12788890.500000002, 7445315.3, 14025197.700000001, 6373030.0, 9081373.0, 9168680.0]
[376.15841584158414, 172.72277227722773, 493.7920792079208, 38.79207920792079, 69.41584158415841, 48.722772277227726, 277.5269620297555, 113.83462731628555, 341.631418837076, 23.244490457604428, 35.75731179122186, 27.972171460893485, 4.0, 1.0, 3.0, 0.0, 3.0, 0.0, 1478.0, 484.0, 1332.0, 91.0, 156.0, 114.0, 59760.680788993835, 3.3431276385867794, 13044.732187722582, 3.283956481310184, 151894.21732357424, 2.903698578855934, 22213063.319999997, 4352070.810000001, 36661075.949999996, 6911328.0, 9256628.0, 17289726.0]
[302.45454545454544, 205.53535353535352, 572.0, 40.505050505050505, 66.46464646464646, 55.464646464646464, 218.85239983331573, 133.41452305451432, 367.33635812426735, 22.796067391500475, 36.23599324927485, 34.27658007233759, 0.0, 4.0, 11.0, 0.0, 0.0, 1.0, 889.0, 565.0, 1588.0, 87.0, 145.0, 133.0, 46405.241321067864, 3.4589010799502153, 17951.178114452418, 3.4076204005965147, 174705.57333004253, 2.925518533981584, 13612738.590000002, 5867312.220000002, 45158794.56000002, 6032263.0, 12954261.0, 16568670.0]
[281.968085106383, 245.38297872340425, 360.98936170212767, 34.797872340425535, 42.09574468085106, 54.3936170212766, 230.0646684275083, 130.2124076461621, 194.8493487359247, 19.995472491430924, 31.02030869591767, 28.77245475047062, 3.0, 5.0, 4.0, 0.0, 1.0, 1.0, 1307.0, 612.0, 766.0, 75.0, 162.0, 109.0, 32636.127062830776, 3.5244528404000537, 15362.373777293997, 3.05108257410516, 33111.85307644705, 2.8351762818300896, 11652269.139999999, 6802633.36, 14833496.1, 6508506.0, 9741003.0, 8355699.0]
[321.74311926605503, 231.10091743119267, 394.1834862385321, 43.56880733944954, 49.42201834862385, 56.22935779816514, 230.67406875044233, 129.44339138490076, 198.74677566159846, 23.623343356565087, 33.5992982670278, 29.92355477110488, 0.0, 6.0, 3.0, 0.0, 2.0, 0.0, 1083.0, 560.0, 861.0, 86.0, 132.0, 120.0, 51423.511281901585, 3.3170234575620254, 17395.500241421516, 3.4366522420476673, 45712.0736168961, 3.0675555237873873, 18562992.119999994, 8317829.239999998, 23110744.619999997, 7661032.0, 11355063.0, 12386692.0]
[379.9019607843137, 181.04901960784315, 434.4019607843137, 37.745098039215684, 63.794117647058826, 41.42156862745098, 271.1179462672961, 141.04829433801382, 268.11720725794606, 22.196104499231126, 36.959259945897166, 25.855438279096226, 3.0, 5.0, 5.0, 0.0, 0.0, 0.0, 1189.0, 687.0, 1050.0, 93.0, 186.0, 101.0, 58271.078835324406, 3.4985038706570117, 15813.054666550923, 3.5206279085965013, 71988.91528445808, 3.164462019647412, 22588103.999999996, 5459844.779999999, 27038656.73999999, 7457995.0, 8634367.0, 16446679.0]
[271.3228346456693, 193.21259842519686, 414.59842519685037, 27.251968503937007, 68.67716535433071, 52.85826771653543, 188.5490918302081, 129.34331269312958, 266.2225843949847, 16.121054213399976, 39.822001155491876, 31.406885406605223, 2.0, 1.0, 2.0, 0.0, 4.0, 0.0, 909.0, 523.0, 1479.0, 68.0, 183.0, 123.0, 42073.054452732234, 3.7899071192148677, 16574.411682099086, 3.5733802715367298, 73314.78389120023, 2.8936609223365295, 17562370.26, 8698219.840000002, 39065768.96000001, 6652397.0, 11637728.0, 13504376.0]
[275.6095890410959, 188.63013698630138, 380.32191780821915, 36.136986301369866, 54.95890410958904, 43.65068493150685, 222.80529224469453, 140.62790294069788, 222.60250439869833, 23.03479531041929, 35.195194952667315, 27.416479430357573, 1.0, 2.0, 24.0, 0.0, 0.0, 0.0, 1135.0, 646.0, 963.0, 114.0, 148.0, 113.0, 55077.03060980325, 3.874397356808774, 27946.530417868486, 3.7722513975803613, 58411.43863223262, 3.137535194121823, 26701024.58, 11771139.040000003, 41322609.22, 7896831.0, 11871580.0, 13760830.0]
[271.88775510204084, 240.1122448979592, 299.8061224489796, 38.357142857142854, 31.581632653061224, 49.07142857142857, 195.33533855319672, 152.11958688642338, 177.40893747539835, 21.42560853350326, 26.41575735204694, 31.32774864320043, 24.0, 2.0, 0.0, 1.0, 0.0, 0.0, 979.0, 747.0, 794.0, 87.0, 132.0, 119.0, 28317.75658269941, 3.3374258607444958, 27544.759130277824, 3.0850595608255604, 28803.31407438217, 3.247096194942629, 10726659.580000004, 7736803.0600000005, 11624343.5, 6209303.0, 8351803.0, 7739002.0]
[356.4148936170213, 215.85106382978722, 336.5531914893617, 40.159574468085104, 44.819148936170215, 50.08510638297872, 315.11767419965406, 156.4699261665162, 233.2085050285728, 22.50127986395219, 31.967713135894936, 28.419537265333116, 1.0, 10.0, 3.0, 1.0, 0.0, 2.0, 2001.0, 794.0, 1406.0, 74.0, 148.0, 118.0, 64033.97891648978, 3.543501291446998, 20257.671598178535, 3.17785613121035, 42194.78971544173, 3.191850746203597, 19905241.659999996, 6257130.68, 14762807.159999998, 8666038.0, 8975634.0, 12292363.0]
[331.08396946564886, 184.46564885496184, 443.0534351145038, 37.11450381679389, 70.3206106870229, 43.11450381679389, 238.83895566059826, 134.11632710277036, 236.17745326431333, 21.84266862442691, 39.132175857170274, 25.633404054197612, 6.0, 1.0, 10.0, 0.0, 3.0, 1.0, 1109.0, 580.0, 1073.0, 89.0, 178.0, 101.0, 59490.29990389879, 3.755403590517885, 19776.425333843363, 3.476569864615731, 72187.6015517248, 2.9558196717689946, 28525905.0, 8902690.569999998, 43185714.13999999, 8746738.0, 11970380.0, 18543368.0]
[363.73873873873873, 162.00900900900902, 480.35135135135135, 35.7027027027027, 74.43243243243244, 36.486486486486484, 276.79433492993286, 128.4389133539928, 324.8630662196178, 24.87334995700294, 49.61059667259911, 25.521778530525246, 0.0, 3.0, 6.0, 0.0, 1.0, 1.0, 1205.0, 532.0, 1318.0, 99.0, 233.0, 104.0, 67220.66012268291, 3.4205605106024572, 14776.339122133475, 3.308398262321589, 92084.97370412429, 3.153269013063553, 25656110.429999996, 5248112.189999999, 41315104.65, 8385289.0, 9297513.0, 20536202.0]
[184.96969696969697, 108.73737373737374, 295.95959595959596, 35.24242424242424, 79.4949494949495, 43.73737373737374, 1314.0214132892052, 1316.9317741138238, 1317.712070367298, 24.42443194212985, 57.32762516348622, 58.174541359774544, -12585.0, -12765.0, -12187.0, 0.0, 0.0, 0.0, 874.0, 738.0, 1762.0, 97.0, 304.0, 539.0, 4257154.703289276, 3.894747163919138, 4337541.687811768, 3.8879078231506035, 4111557.4343306343, 3.887129969799632, 170873097.12, 169421540.31, 177047042.03999996, 168611355.0, 167373599.0, 167715729.0]
[330.06451612903226, 288.1182795698925, 504.5483870967742, 31.043010752688172, 76.16129032258064, 62.75268817204301, 217.23008271393869, 178.952255562541, 316.221012286503, 20.507641194407974, 43.29381176851266, 31.992409396598006, 9.0, 9.0, 7.0, 0.0, 4.0, 4.0, 1090.0, 738.0, 1425.0, 83.0, 174.0, 125.0, 44484.181406459895, 3.304330111230904, 37076.83469988333, 2.2796444922128805, 131769.29711544863, 2.9887976173723696, 13459927.2, 9919685.97, 30573313.830000002, 8356969.0, 15884626.0, 16767408.0]
[335.5192307692308, 287.8942307692308, 451.7980769230769, 42.96153846153846, 51.47115384615385, 58.21153846153846, 300.9707265954011, 190.89680627502514, 287.4352398082819, 30.428309211877874, 33.87067257660579, 37.455908856811476, 1.0, 4.0, 4.0, 0.0, 2.0, 0.0, 1866.0, 860.0, 1337.0, 111.0, 173.0, 134.0, 136156.61228374776, 3.554772854944617, 37226.34867704466, 3.4816186079784135, 86078.94596695593, 3.0987888274607367, 21879203.840000004, 12868257.999999996, 30927930.799999997, 9427595.0, 16282215.0, 16813828.0]
[318.77477477477476, 226.9189189189189, 370.68468468468467, 40.13513513513514, 54.01801801801802, 41.67567567567568, 293.9245631321901, 156.41083054426863, 242.55938286913212, 25.998771469746757, 29.148828756130452, 22.882769286542445, 6.0, 0.0, 3.0, 0.0, 0.0, 0.0, 1610.0, 689.0, 1137.0, 97.0, 115.0, 101.0, 68232.55276557954, 3.4442517650760034, 19345.020726333554, 3.5614090126071183, 42253.08391141159, 3.218676995984074, 23068694.88000001, 9331450.320000002, 24113693.279999986, 8161695.0, 10790155.0, 11433036.0]
[424.81, 265.07, 364.53, 41.68, 60.84, 52.59, 396.7826592567632, 190.11061400025923, 258.5495460792337, 28.913622667482805, 45.49807854750738, 35.678161557473956, 6.0, 3.0, 6.0, 0.0, 2.0, 0.0, 2759.0, 1039.0, 1573.0, 133.0, 242.0, 195.0, 244818.35422455936, 3.3136806376800063, 27263.048287430727, 3.384741303586524, 71090.44922852346, 3.58014746325422, 33632564.99999999, 10604273.000000004, 19906150.999999996, 11048763.0, 10018367.0, 15785148.0]
[342.5774647887324, 218.03521126760563, 395.4154929577465, 44.45070422535211, 60.83098591549296, 38.070422535211264, 267.2475231643854, 127.81310668603277, 218.73032208822605, 26.15110956375356, 37.248441698279876, 21.389878924098046, 25.0, 1.0, 5.0, 0.0, 0.0, 1.0, 1409.0, 537.0, 1173.0, 96.0, 195.0, 92.0, 56928.357854469075, 3.6010389512702528, 16408.508869744823, 3.4611946771621946, 39395.987550195314, 3.4556521680898626, 37964293.559999995, 12856667.220000003, 41106218.220000006, 11445888.0, 13647980.0, 18816075.0]
