[212.35106382978722, 362.06382978723406, 64.17021276595744, 3.8297872340425534, -83.3936170212766, 195.45744680851064, 418.88304389318705, 561.4889730437199, 996.4067986271932, 799.6214781698225, 1164.5358318294604, 1061.5343395687837, -3149.0, 2.0, -9440.0, -7650.0, -11250.0, 1.0, 1247.0, 4950.0, 560.0, 184.0, 133.0, 10351.0, 374465.9381895415, 3.6356755428012564, 656660.952465224, 3.731598952570737, 2491740.5363575434, 3.849447090517037, 19323391.059999995, 39144023.32, 87156743.60000001, -7815721.0, -41521835.0, 34195257.0]
[266.741935483871, 284.0967741935484, 197.44086021505376, 103.91397849462365, 44.526881720430104, 76.59139784946237, 218.86460492166734, 240.03713772972938, 146.4802600119382, 65.13708886614486, 38.01275283656945, 59.465780543380355, 4.0, 1.0, 7.0, 0.0, 0.0, 0.0, 1010.0, 999.0, 736.0, 244.0, 150.0, 193.0, 45836.07427616123, 3.234118161750432, 61940.08999393615, 3.418957509514297, 19186.381623189576, 3.4574215729034368, 10252343.249999998, 11910473.730000002, 5207445.720000001, 7379632.0, 5231042.0, 4929271.0]
[260.56382978723406, 322.8723404255319, 219.7872340425532, 102.27659574468085, 45.97872340425532, 63.01063829787234, 201.57607803702285, 250.10704091427257, 174.82974036143813, 74.91090109099561, 34.34047698624907, 55.09005231531664, 1.0, 9.0, 2.0, 0.0, 0.0, 0.0, 1144.0, 1215.0, 800.0, 248.0, 135.0, 199.0, 28251.553344349475, 3.4249093232624794, 68850.54578260153, 3.563707189874278, 27127.379384391577, 3.3946847752806506, 9551199.940000001, 14679654.760000004, 6940386.600000001, 8776135.0, 6908369.0, 5472330.0]
[300.0537634408602, 332.16129032258067, 184.80645161290323, 103.49462365591398, 42.03225806451613, 75.6236559139785, 252.96405336621484, 263.86155338517716, 177.99964936851862, 77.78868025059022, 32.237721495742015, 62.74203811925924, 20.0, 5.0, 2.0, 0.0, 0.0, 2.0, 1325.0, 1165.0, 1177.0, 305.0, 140.0, 210.0, 68964.33916832114, 3.577948531772749, 58642.91769247168, 3.442931548067404, 22652.348735642707, 3.4561447834326184, 13261944.149999999, 15499475.790000001, 5664802.050000001, 11232917.0, 5656878.0, 4820122.0]
[254.70967741935485, 276.9032258064516, 149.67741935483872, 84.75268817204301, 41.82795698924731, 66.70967741935483, 172.913183836456, 240.57517420964865, 120.06566693221079, 69.60035855635692, 29.730537534412093, 66.473201636181, 12.0, 0.0, 6.0, 0.0, 1.0, 1.0, 894.0, 1396.0, 618.0, 265.0, 127.0, 229.0, 25807.248504859865, 3.4328706945775127, 61593.964741809454, 3.355565944300553, 16380.661111109946, 3.506342628259932, 8169369.24, 11583561.059999997, 3171076.7999999993, 6383693.0, 4622218.0, 3709004.0]
[238.05376344086022, 302.86021505376345, 183.41935483870967, 94.17204301075269, 41.913978494623656, 67.74193548387096, 190.8270538193634, 231.02153068292935, 149.5617018651387, 70.41902899567546, 33.663829096439926, 58.94892837942646, 0.0, 9.0, 0.0, 1.0, 0.0, 1.0, 991.0, 929.0, 545.0, 257.0, 155.0, 190.0, 27405.77431136499, 3.381766371824114, 51301.95674804398, 3.3802725397752593, 22446.994878376838, 3.4775393373170393, 8017017.57, 12499653.84, 4823619.839999999, 7294905.0, 5397771.0, 4050644.0]
[232.91397849462365, 273.23655913978496, 163.48387096774192, 97.50537634408602, 38.1505376344086, 67.20430107526882, 219.70898024006658, 217.51673588032665, 129.83472879874645, 76.04884352319581, 26.858302188465633, 56.160399002164155, 7.0, 1.0, 1.0, 0.0, 0.0, 1.0, 1381.0, 1148.0, 600.0, 320.0, 99.0, 200.0, 36228.93014537837, 3.3842109006249665, 36530.40862117332, 3.433592144401268, 14966.166891043698, 3.493313218024183, 8822144.609999998, 10505334.869999997, 3753905.94, 6344344.0, 4571435.0, 3334698.0]
[217.1290322580645, 341.4516129032258, 396.10752688172045, 255.53763440860214, 240.69892473118279, 46.38709677419355, 438.2209147521683, 610.877692094299, 1496.2850044023205, 1347.013254503231, 1302.096401501509, 364.15844115780106, -3133.0, 8.0, 1.0, -447.0, 0.0, -3148.0, 1269.0, 5859.0, 11250.0, 13057.0, 11250.0, 1357.0, 43728.16040995749, 3.2177464361211294, 42128.03127653667, 3.38408552103427, 102418.57220114734, 2.8878791253444054, 20508306.99, 42012358.470000006, 205127998.2, 3220854.0, 65367045.0, -35035564.0]
[221.27659574468086, 274.8936170212766, 197.4255319148936, 103.48936170212765, 53.98936170212766, 56.287234042553195, 203.7201012698666, 168.6218310133755, 142.0101078760288, 95.50778211616833, 50.33853024816263, 48.50598507366014, 1.0, 14.0, 6.0, 0.0, 0.0, 0.0, 864.0, 930.0, 625.0, 418.0, 227.0, 161.0, 40190.92022411819, 3.293494769887472, 21412.916471249624, 3.3308409532640595, 19117.839867573843, 3.4623809431979975, 7954494.320000001, 9162697.0, 5206981.4799999995, 5968199.0, 5280766.0, 4796723.0]
[235.32258064516128, 245.94623655913978, 213.0752688172043, 117.05376344086021, 46.32258064516129, 55.634408602150536, 171.82139116778535, 173.42272841311137, 180.55363147342723, 96.64326666207711, 37.58849306182926, 48.55135894445148, 9.0, 1.0, 0.0, 4.0, 1.0, 0.0, 780.0, 785.0, 851.0, 416.0, 150.0, 158.0, 34826.08080230201, 3.2654776567967345, 34647.49862439691, 3.2304360357269384, 30783.41144529793, 3.274342881709709, 7315485.089999999, 7804996.17, 6715961.519999999, 5661776.0, 5147391.0, 4920383.0]
[251.91397849462365, 257.6989247311828, 200.2258064516129, 124.61290322580645, 39.333333333333336, 63.215053763440864, 240.69734088928664, 181.07719858297264, 163.6672877086886, 100.84221772241682, 28.33891675591272, 56.83076506503773, 6.0, 5.0, 2.0, 0.0, 1.0, 0.0, 1014.0, 865.0, 892.0, 433.0, 114.0, 196.0, 63428.610445076796, 3.3400636310652403, 35418.25053710708, 3.434524020420109, 24127.717599003576, 3.536384019543138, 10445648.4, 8549114.28, 5759310.510000001, 6710730.0, 5170247.0, 4999461.0]
[298.16129032258067, 128.03225806451613, 316.8817204301075, -324.35483870967744, 192.11827956989248, -90.94623655913979, 1129.9039136747192, 1359.3932346232311, 841.7995714340635, 2227.829864538491, 1426.5246599421598, 2000.7127119538493, -4045.0, -12144.0, -440.0, -13050.0, -3150.0, -9448.0, 9450.0, 4061.0, 7660.0, 353.0, 13052.0, 12151.0, 33309.95402618459, 3.423407438058623, 20398.08411405511, 3.392149861496215, 37082.801358525685, 2.855655125473008, 116921959.41, 159528365.60999998, 69314893.91999999, -127004801.0, -87173951.0, 82274115.0]
[271.3763440860215, 192.81720430107526, 186.23655913978496, 107.0752688172043, 37.25806451612903, 60.96774193548387, 227.02714422932735, 140.5063008208528, 139.51947018945003, 105.2120257384169, 27.66291789829783, 54.95600050572141, 1.0, 2.0, 10.0, 0.0, 0.0, 1.0, 1517.0, 513.0, 678.0, 401.0, 113.0, 190.0, 82224.21017441753, 3.480875176581506, 19254.813760967198, 3.4296480210704345, 18911.286619985698, 3.563498886222169, 10779442.139999999, 4904693.5200000005, 4665307.800000001, 4667786.0, 3240044.0, 4449061.0]
[376.71276595744683, 278.02127659574467, 256.29787234042556, 6.0, 158.30851063829786, 207.2340425531915, 713.1721447219604, 878.6625097237572, 691.6811035641225, 1177.5838942330136, 1156.9083385462125, 1340.0218215646728, 3.0, 3.0, 3.0, -11250.0, 0.0, 3.0, 6762.0, 8574.0, 6752.0, 444.0, 11251.0, 13051.0, 1232937.0658124448, 3.80595006140393, 1968544.581409989, 3.844509210561215, 1210761.1415281955, 3.83390985787297, 57002469.50000001, 74322278.76000004, 47627961.36000001, 63255226.0, 61394214.0, 51407627.0]
[298.78494623655916, 285.8279569892473, 193.09677419354838, 147.36559139784947, 46.75268817204301, 72.39784946236558, 255.8354961205908, 244.44353947797407, 148.07379656310397, 125.69042239343429, 40.407612260126804, 60.05670142980936, 2.0, 3.0, 2.0, 1.0, 0.0, 0.0, 1361.0, 1309.0, 839.0, 564.0, 205.0, 250.0, 69923.33699411697, 3.3812771625527707, 30776.903477092426, 3.4754189575727876, 25628.16856061874, 3.4560191939174736, 13321229.790000003, 12178463.46, 5100873.300000001, 7920431.0, 5443249.0, 5714900.0]
[308.93548387096774, 195.09677419354838, 205.6021505376344, 121.16129032258064, 37.01075268817204, 61.97849462365591, 232.30470088505726, 171.42808509414752, 143.34521570282746, 111.53117036745539, 34.71389103729286, 54.126257088448874, 0.0, 0.0, 5.0, 1.0, 1.0, 1.0, 1182.0, 799.0, 679.0, 437.0, 150.0, 205.0, 62489.42292650299, 3.423005077097641, 29761.109344337736, 3.3624878838247065, 19586.958614552095, 3.312300290130833, 12871989.57, 5806449.419999999, 5414200.53, 5633392.0, 3407568.0, 6367400.0]
[280.3225806451613, 212.09677419354838, 179.34408602150538, 113.04301075268818, 44.064516129032256, 54.645161290322584, 205.19922245860414, 150.7983151010221, 126.06653648868674, 112.6008643470662, 33.27121959435711, 54.49743615056192, 6.0, 0.0, 7.0, 1.0, 0.0, 0.0, 979.0, 747.0, 648.0, 402.0, 126.0, 207.0, 37931.945789446276, 3.325361579285423, 18220.312334939743, 3.466257486684763, 9655.425576903404, 3.461012490369858, 10399100.039999997, 5836401.93, 4141675.9500000007, 5839297.0, 3364285.0, 4589106.0]
[193.6451612903226, 148.9784946236559, 193.16129032258064, 115.20430107526882, 53.72043010752688, 71.35483870967742, 1258.9587972430552, 1079.1314943699806, 152.03555721996923, 114.53142336416418, 50.95828762894085, 53.89515690940068, -11535.0, -9856.0, 5.0, 0.0, 0.0, 1.0, 1352.0, 1484.0, 712.0, 533.0, 231.0, 275.0, 133490.90889883507, 3.3998574445483634, 116822.06415367234, 3.419023169024455, 20578.183504021297, 3.3759848995414776, 138853894.59, 101556350.60999998, 5204756.160000001, 123430301.0, -1799810.0, -1947265.0]
[288.2043010752688, 247.06451612903226, 210.67741935483872, 113.46236559139786, 46.376344086021504, 64.05376344086021, 252.7190207712125, 175.12149859650938, 184.33860392662118, 95.93482379241794, 40.064327073848595, 54.809227561606384, 4.0, 2.0, 3.0, 1.0, 1.0, 0.0, 1408.0, 757.0, 958.0, 332.0, 179.0, 235.0, 63235.53495484325, 3.481483518598228, 31164.467389432037, 3.3073595977645907, 31144.244840109688, 3.4210055751552324, 12648460.350000001, 7903339.949999999, 6746246.97, 7280302.0, 4592322.0, 7327308.0]
[374.9139784946237, 231.67741935483872, -1.10752688172043, 207.01075268817203, 143.76344086021504, -164.76344086021504, 1102.3055152912953, 1353.2849981120041, 1760.6306457974063, 2252.7413999615037, 1233.9707504623952, 1995.6738177642585, -2227.0, -11238.0, -9450.0, -13049.0, -6748.0, -12149.0, 9459.0, 4059.0, 7668.0, 13053.0, 6752.0, 8552.0, 1702372.4581753255, 3.6327367296390216, 2342997.285143153, 3.6516884285180686, 4028771.374114719, 3.7138492727217858, 116119103.43, 161335198.44000003, 265220728.46999997, 74201656.0, -167581685.0, -120770672.0]
[235.03225806451613, 195.6021505376344, 152.51612903225808, 90.0, 35.225806451612904, 58.913978494623656, 176.38140809626063, 155.19056586808153, 125.3787837352863, 82.64092048816032, 25.616795200677153, 48.39862913841459, 8.0, 0.0, 2.0, 0.0, 0.0, 0.0, 720.0, 675.0, 542.0, 271.0, 105.0, 198.0, 45337.01369877693, 3.4177396619061144, 23328.001487522346, 3.30947117403911, 15328.010591298314, 3.515950612613996, 7439527.56, 5369761.409999998, 3356848.019999999, 4633593.0, 2614201.0, 3261724.0]
[312.29787234042556, 282.67021276595744, 185.9787234042553, 95.23404255319149, 35.59574468085106, 66.56382978723404, 281.9976294336126, 257.15743005863715, 151.02417229605206, 85.08963338952496, 33.910482773216394, 55.881125463115715, 6.0, 4.0, 1.0, 0.0, 1.0, 1.0, 1316.0, 1690.0, 875.0, 267.0, 178.0, 224.0, 52682.529821811084, 3.2874120090425407, 43933.392980226716, 3.3022752784822083, 14342.423951342647, 3.413367143319896, 15569618.559999997, 12841260.1, 5050104.88, 11538469.0, 6236287.0, 7071871.0]
[326.13978494623655, 307.23655913978496, 165.32258064516128, 91.74193548387096, 35.53763440860215, 64.54838709677419, 265.0309494395378, 315.5211147709336, 137.36615313842958, 85.38848604107639, 36.082200579939375, 56.045694891298545, 2.0, 0.0, 3.0, 0.0, 0.0, 0.0, 1824.0, 1775.0, 696.0, 318.0, 226.0, 215.0, 101028.54612835178, 3.3883348093031564, 150836.60597097763, 3.0323782487154807, 20191.295976235473, 3.5138690118093194, 15209550.15, 16681967.070000002, 3978377.25, 13162806.0, 6003184.0, 5954310.0]
[260.0, 270.93548387096774, 193.04301075268816, 87.94623655913979, 38.11827956989247, 60.505376344086024, 209.15663986591485, 219.91291786659622, 137.84024416902332, 76.58475918185962, 29.78358515749967, 51.924406520632175, 0.0, 7.0, 2.0, 0.0, 0.0, 0.0, 1016.0, 951.0, 591.0, 271.0, 131.0, 187.0, 42161.56432592242, 3.4323649890209174, 48741.38394093479, 3.418150930780683, 18088.691397765717, 3.510792771957607, 9589674.54, 10486714.41, 4848736.349999999, 7443892.0, 4735100.0, 4740660.0]
[306.0752688172043, 240.03225806451613, 204.91397849462365, 87.26881720430107, 44.1505376344086, 66.3763440860215, 220.90777322906672, 230.15025581661737, 174.91293833827723, 79.46713017300684, 37.23747126232063, 59.15085981559182, 0.0, 0.0, 1.0, 0.0, 0.0, 0.0, 1044.0, 1587.0, 915.0, 253.0, 155.0, 198.0, 57467.18804502357, 3.46162667119423, 76810.29045342245, 3.3897583521678754, 37440.132659031566, 3.5003093633923354, 12277911.149999999, 9515202.930000002, 6249360.990000001, 7240448.0, 4942340.0, 6032618.0]
[266.6989247311828, 244.9784946236559, 158.38709677419354, 77.76344086021506, 37.86021505376344, 68.83870967741936, 217.182641278589, 209.00441947140442, 120.90006943016532, 75.21077597535077, 28.38577085283701, 59.357481914132244, 3.0, 0.0, 2.0, 0.0, 1.0, 0.0, 1407.0, 947.0, 558.0, 225.0, 126.0, 199.0, 30523.16467094375, 3.4291119712494003, 44092.210555874386, 3.518612875283335, 19821.678524797982, 3.3737510596308615, 10187607.81, 8928155.31, 3420344.7, 6581757.0, 3997966.0, 4142324.0]
[301.6559139784946, 285.247311827957, 194.03225806451613, 77.68817204301075, 44.27956989247312, 70.11827956989248, 230.47297750795823, 250.15606676085312, 155.95285321650087, 68.878276138389, 37.629881047368244, 53.65263668353033, 14.0, 0.0, 1.0, 2.0, 0.0, 1.0, 932.0, 1288.0, 655.0, 228.0, 161.0, 180.0, 50553.34156879294, 3.4158727910368802, 73860.5663012931, 3.249128372054185, 20378.73725886201, 3.4111183465445643, 12415027.559999999, 12391526.460000003, 5337150.029999999, 9777650.0, 5876410.0, 5251619.0]
[294.55913978494624, 246.78494623655914, 156.96774193548387, 73.82795698924731, 35.68817204301075, 67.29032258064517, 217.33606827483803, 206.57790663585357, 128.00487861056934, 71.83898415688923, 29.047179947915794, 55.06963588615728, 3.0, 12.0, 0.0, 0.0, 0.0, 0.0, 1050.0, 1257.0, 620.0, 243.0, 124.0, 194.0, 42655.91161027091, 3.3604813325880554, 35207.932052825985, 3.37993575216769, 21420.582622532696, 3.3340547486933403, 11545736.100000001, 8918708.37, 3532937.94, 7743211.0, 4297184.0, 4284462.0]
[307.3510638297872, 288.0744680851064, 181.2340425531915, 87.13829787234043, 37.04255319148936, 72.17021276595744, 251.23012230561602, 250.73668831663542, 164.8317112153839, 76.73450963624268, 31.509996670664886, 63.695451180045126, 4.0, 6.0, 1.0, 0.0, 1.0, 0.0, 1274.0, 1303.0, 699.0, 267.0, 142.0, 226.0, 62595.58285879319, 3.3992310041002023, 56147.88309953161, 3.384040979906119, 25248.549269829462, 3.6221925752754425, 13864549.740000004, 12828720.500000002, 5277410.04, 8401393.0, 5541320.0, 5138295.0]
[644.3894736842105, 208.46315789473684, 441.9894736842105, -78.81052631578947, 24.157894736842106, 125.53684210526316, 1760.774432463079, 1069.210345033236, 1389.5660465628678, 2079.6319810206232, 1584.9649054158192, 1510.3202901859488, -2223.0, -8545.0, -1344.0, -11250.0, -4950.0, -8549.0, 9456.0, 4056.0, 9454.0, 12152.0, 13050.0, 8551.0, 2156554.7756894897, 3.741973048049863, 2100915.860213351, 3.8085509600660714, 3584691.9188036243, 3.5652197982672686, 314334376.4499999, 106010705.2, 190059577.35, -36523154.0, -86563885.0, 125303242.0]
[262.3010752688172, 297.3763440860215, 201.05376344086022, 75.89247311827957, 39.39784946236559, 67.23655913978494, 218.6794251343553, 258.2329969981817, 162.30589514805982, 67.23684005157851, 33.525506119107426, 62.73224637981552, 3.0, 1.0, 1.0, 0.0, 0.0, 1.0, 1312.0, 1222.0, 672.0, 228.0, 167.0, 237.0, 34810.11422014701, 3.564218807766814, 65683.10189740169, 3.3042979307665687, 25559.507923396537, 3.286929028796876, 10042210.680000002, 13354050.419999996, 5750076.54, 8429273.0, 6138151.0, 5012942.0]
[302.93617021276594, 287.0531914893617, 165.64893617021278, 76.32978723404256, 45.91489361702128, 70.2872340425532, 247.84281389235042, 252.00406922048572, 132.33053333459947, 69.58500461033908, 35.815734985746225, 62.70508242686305, 1.0, 0.0, 1.0, 1.0, 0.0, 0.0, 983.0, 1167.0, 648.0, 249.0, 150.0, 264.0, 46222.150185282, 3.3230776420531494, 57390.01197739149, 3.2808967859643423, 16470.326350504252, 3.381664979827926, 13478691.960000003, 12832521.86, 3955404.38, 8893291.0, 4950092.0, 4632206.0]
[241.51612903225808, 243.20430107526883, 181.70967741935485, 73.52688172043011, 34.38709677419355, 68.05376344086021, 154.15503298156824, 234.16180577892604, 165.1400973511754, 61.52104471992905, 27.574812174875525, 60.989372843250294, 2.0, 2.0, 2.0, 0.0, 0.0, 1.0, 768.0, 1058.0, 764.0, 196.0, 121.0, 198.0, 18792.432454915688, 3.475878115563272, 37369.74626058398, 3.3597185212200746, 29680.20310910882, 3.424259529258384, 7078193.729999999, 9807143.88, 5189090.310000001, 5774507.0, 5198244.0, 4421461.0]
[46.26881720430107, 147.3763440860215, 26.225806451612904, 72.90322580645162, 45.74193548387097, 69.27956989247312, 1754.3190685685292, 1360.6181133234559, 1300.598483717603, 62.575357095010034, 43.49810171415441, 57.15089972120677, -12915.0, -12615.0, -12310.0, 0.0, 0.0, 0.0, 1072.0, 1230.0, 548.0, 202.0, 198.0, 209.0, 3069900.4941479326, 3.803318678791397, 58940.85283636985, 3.335089237339866, 30243.85220208814, 2.6942964612886233, 263507642.42999998, 160274202.35999998, 144789054.14999998, 164160989.0, 159881940.0, 160961057.0]
[178.35106382978722, 338.6276595744681, 232.96808510638297, 93.58510638297872, -5.361702127659575, -273.3829787234043, 737.6980573487099, 1341.047696537305, 1717.7388516335502, 1718.4547660621158, 1199.9007830942483, 1797.0092663542598, -4050.0, -4050.0, -12149.0, -10347.0, -5847.0, -13050.0, 3162.0, 12171.0, 9460.0, 11250.0, 8550.0, 233.0, 847675.723035737, 3.6391652693916994, 3100491.0912007513, 3.736639031961836, 4511009.76193873, 3.678117507328907, 50384478.45999999, 167349033.78000003, 262739453.57999998, -31143502.0, 18727831.0, -75123782.0]
[290.98924731182797, 278.8817204301075, 218.3978494623656, 72.20430107526882, 40.30107526881721, 73.23655913978494, 244.40551186695657, 253.79805603901275, 181.80909360387903, 58.38432620590105, 34.980051751968006, 54.40755978671376, 10.0, 0.0, 0.0, 0.0, 0.0, 0.0, 1196.0, 1263.0, 802.0, 195.0, 169.0, 245.0, 49745.6703671897, 3.384762857122888, 76591.01524539487, 3.289064021463329, 31977.039163853176, 3.4015194169890512, 12434364.120000001, 12237976.02, 6953514.209999999, 7597847.0, 6197103.0, 6920893.0]
[405.51612903225805, 310.5698924731183, 66.60215053763442, 134.49462365591398, 113.38709677419355, 101.6236559139785, 867.645647626796, 1074.945371694377, 1132.8390570269721, 1178.2602929342747, 1243.6017469628646, 1616.7072878699182, 10.0, -4045.0, -8549.0, -6750.0, -4049.0, -12149.0, 7660.0, 8581.0, 4054.0, 7655.0, 11251.0, 7654.0, 255672.08921368668, 3.4582704885103612, 326846.96556680737, 3.6429527486540763, 364582.2810805086, 3.7703326906238788, 78633039.15, 107207503.05000001, 110184885.95999998, -16647820.0, -25983851.0, -54695501.0]
[228.38709677419354, 244.4516129032258, 178.5483870967742, 72.56989247311827, 36.215053763440864, 64.40860215053763, 153.997814231952, 211.03072700897255, 157.3829113513082, 52.015549065193284, 31.174421462630015, 53.41332608497209, 12.0, 0.0, 4.0, 0.0, 0.0, 0.0, 786.0, 788.0, 804.0, 194.0, 162.0, 196.0, 29190.637312801733, 3.394050666708345, 40871.54350686889, 3.4416656113168873, 17206.5896468012, 3.4134519982008498, 6540459.3599999985, 8978673.840000004, 4876528.469999999, 5030802.0, 4824068.0, 4123630.0]
[188.95698924731184, 304.752688172043, 204.13978494623655, 67.41935483870968, 46.13978494623656, 70.65591397849462, 1259.8233736967163, 263.82494426327713, 183.27228445070284, 50.85365246611554, 35.635104638010326, 55.0166960080728, -11617.0, 2.0, 0.0, 0.0, 0.0, 0.0, 1038.0, 1307.0, 955.0, 173.0, 167.0, 205.0, 3996073.5358351567, 3.8212259536990674, 63547.690757516735, 3.451441317709341, 19399.599030873425, 3.4005776305501927, 138885079.35, 13987973.76, 6478154.010000001, 6417136.0, 6130285.0, 2356625.0]
[294.2903225806452, 303.76344086021504, 200.0752688172043, 71.98924731182795, 45.763440860215056, 72.04301075268818, 324.8443299638727, 304.8590336336317, 157.36085893639083, 62.99094044999748, 46.40942507570932, 69.5849362100633, 25.0, 3.0, 2.0, 0.0, 0.0, 1.0, 1898.0, 1615.0, 693.0, 285.0, 225.0, 258.0, 132683.82984310447, 3.3393336109789455, 99491.92267022083, 3.533815607419494, 25389.97396056094, 3.4725968803893794, 16519241.250000002, 15932488.440000001, 5580878.849999999, 10665063.0, 6185048.0, 6741894.0]
[151.93548387096774, 156.3763440860215, 203.58064516129033, 79.83870967741936, 41.83870967741935, 78.44086021505376, 1453.0127756586344, 1456.9818484887242, 180.017228799903, 65.12267526061548, 41.702176546935206, 66.13777818765772, -13485.0, -13490.0, 1.0, 0.0, 0.0, 4.0, 1516.0, 1349.0, 723.0, 274.0, 263.0, 269.0, 3081025.027782307, 3.814099177809661, 3085252.4397189473, 3.8071283076312095, 28751.15755950189, 3.414377326258222, 182634787.56, 183741423.39, 6357259.590000001, 190806263.0, -2036679.0, -1498264.0]
[316.36559139784947, 301.78494623655916, 171.96774193548387, 80.38709677419355, 43.02150537634409, 81.48387096774194, 269.586026640293, 241.68160196308435, 142.8489207712046, 54.723223004907894, 37.24711208374114, 62.21082893698369, 3.0, 3.0, 1.0, 1.0, 1.0, 0.0, 1282.0, 1084.0, 632.0, 179.0, 168.0, 220.0, 51385.36771455647, 3.5304626001969184, 56963.394157520575, 3.27763528512925, 17588.93715230027, 3.4539311337342884, 14874752.940000001, 12874562.879999999, 4303681.949999999, 9114113.0, 4961006.0, 5460720.0]
[293.76344086021504, 295.83870967741933, 182.53763440860214, 84.51612903225806, 33.1505376344086, 80.89247311827957, 269.26782359356343, 247.2093941828061, 142.6004267890882, 65.59238637273481, 27.641315263395413, 60.22015088959036, 1.0, 8.0, 2.0, 2.0, 0.0, 0.0, 1260.0, 1522.0, 699.0, 293.0, 170.0, 230.0, 91448.81203138652, 3.4917718908250017, 75352.55299880076, 3.6132497326909387, 25825.977874396827, 3.4685033671845953, 13667365.559999999, 12798435.87, 4621698.240000001, 9763905.0, 5301143.0, 4814920.0]
[272.5376344086022, 262.3010752688172, 210.30107526881721, 61.75268817204301, 31.9247311827957, 65.86021505376344, 244.99634243675277, 234.76430293725204, 183.6795878073884, 57.30347434530484, 25.76450058541951, 59.59712412777209, 14.0, 7.0, 0.0, 0.0, 0.0, 0.0, 1121.0, 1440.0, 894.0, 238.0, 98.0, 229.0, 56988.98347353552, 3.347057856209197, 67440.17523249936, 3.4499257691642957, 46366.29218395553, 3.3545024679150366, 11559782.82, 10666249.98, 6711793.26, 6186046.0, 5721614.0, 6474298.0]
[251.69892473118279, 285.96774193548384, 210.27956989247312, -51.89247311827957, -79.47311827956989, 163.5268817204301, 217.7730562318726, 250.52273400323256, 165.06068486096115, 1238.6168167545109, 1171.1753534414258, 881.383147097169, 4.0, 17.0, 15.0, -11856.0, -11249.0, 0.0, 1291.0, 1234.0, 931.0, 227.0, 121.0, 8553.0, 60018.64827479668, 3.3544385122781573, 39840.70373211961, 3.3635471709197327, 35292.82575666979, 3.395659091175226, 9537036.54, 12442826.190000001, 6155456.100000001, 6443464.0, 5991651.0, 5654160.0]
[334.2043010752688, 313.9032258064516, 166.6451612903226, 89.09677419354838, 48.645161290322584, 86.0, 253.11913156438484, 272.28122707949564, 146.75183467939058, 62.94874804780007, 32.4625687996426, 67.36371104101518, 4.0, 14.0, 1.0, 1.0, 0.0, 0.0, 1178.0, 1653.0, 817.0, 280.0, 121.0, 282.0, 61935.22528368965, 3.465009187445524, 55347.76601098258, 3.454658549743857, 13524.165229312463, 3.362294953452387, 15142054.469999999, 14865479.909999998, 4244508.839999999, 9221524.0, 5053530.0, 5771274.0]
[335.8709677419355, 335.6236559139785, 218.5268817204301, 77.50537634408602, 47.03225806451613, 78.35483870967742, 314.80760949473955, 286.9434088267192, 171.94757741304213, 68.01384508285538, 40.00664390825909, 62.341389203755625, 1.0, 0.0, 0.0, 0.0, 0.0, 1.0, 1488.0, 1147.0, 809.0, 336.0, 163.0, 252.0, 80562.17773358668, 3.1576929724535043, 81179.99334096283, 3.468180227753058, 30692.13879103039, 3.539546071185869, 18236200.740000002, 16787226.330000002, 6659907.629999999, 12519836.0, 7791768.0, 7691536.0]
[254.32258064516128, 278.01075268817203, 200.76344086021504, 87.02150537634408, 38.89247311827957, 74.64516129032258, 209.16834084215324, 246.640580541969, 153.27961078918477, 66.3948954452635, 37.50201802268414, 62.39088652117082, 1.0, 6.0, 3.0, 0.0, 0.0, 1.0, 846.0, 1302.0, 804.0, 223.0, 164.0, 248.0, 30782.27466995064, 3.2612260683785514, 42181.3101890655, 3.370363090359119, 16612.769115571456, 3.45289870813337, 9337540.38, 11889559.890000002, 5496263.7299999995, 7334165.0, 4861866.0, 5541397.0]
[299.36170212765956, 311.3936170212766, 187.24468085106383, 99.18085106382979, 45.12765957446808, 66.92553191489361, 240.72189151619784, 252.6343023255307, 154.1323049997005, 74.17502735516092, 34.33679929552781, 55.82080379939721, 3.0, 1.0, 1.0, 0.0, 1.0, 0.0, 1018.0, 1240.0, 768.0, 276.0, 135.0, 180.0, 50053.550404667905, 3.246694802624276, 69130.4344713115, 3.4926525886077746, 15567.054057733825, 3.399536375055018, 12984325.28, 14147416.420000002, 5174768.619999999, 8911629.0, 5418027.0, 5316951.0]
[265.40860215053766, 288.51612903225805, 187.80645161290323, 100.43010752688173, 42.913978494623656, 65.39784946236558, 187.92703467032436, 214.62457682231334, 146.81563846217028, 80.79609302993157, 38.37080409407157, 52.84578461757056, 10.0, 5.0, 1.0, 0.0, 0.0, 0.0, 925.0, 924.0, 670.0, 327.0, 188.0, 206.0, 28176.605450956326, 3.5842930154179595, 47690.04515935862, 3.5628762508400245, 22473.26653079827, 3.46770194035009, 9114190.649999999, 11140773.180000002, 4894842.959999999, 7305909.0, 5033187.0, 5069842.0]
[285.4731182795699, 311.8494623655914, 171.19354838709677, 108.81720430107526, 44.68817204301075, 66.93548387096774, 289.8048665612121, 230.37030427574453, 132.76288589424286, 93.72832459416709, 41.60763373067172, 60.35129162761987, 5.0, 20.0, 13.0, 0.0, 0.0, 0.0, 1965.0, 1275.0, 676.0, 447.0, 216.0, 216.0, 50335.45071423689, 3.4032800701908363, 39266.31839064729, 3.471478930961064, 19851.610720876935, 3.399740362704395, 14234409.809999999, 12951870.06, 4042861.5900000003, 9635499.0, 6040939.0, 5518887.0]
[261.505376344086, 313.3763440860215, 194.90322580645162, 121.0752688172043, 45.956989247311824, 74.06451612903226, 206.2412382147323, 255.85423473985165, 151.4689711743349, 111.57267436218031, 38.804390713718554, 60.18789536898683, 1.0, 5.0, 2.0, 0.0, 0.0, 1.0, 927.0, 1305.0, 593.0, 525.0, 189.0, 231.0, 40897.36397760104, 3.5426679932736698, 65325.12144387468, 3.339308228477194, 19665.457420041133, 3.3559754927706478, 9553956.96, 14094603.840000002, 5248508.94, 8309909.0, 6189885.0, 4881475.0]
[253.3978494623656, 287.3763440860215, 190.94623655913978, 131.59139784946237, 49.17204301075269, 78.44086021505376, 269.69431728891436, 237.00884747650497, 154.92777879802983, 112.09130949511263, 44.53201673244767, 65.92097745647591, 4.0, 1.0, 4.0, 0.0, 0.0, 1.0, 1808.0, 1092.0, 784.0, 526.0, 223.0, 237.0, 36025.36369586523, 3.1375465141992205, 46136.62278437984, 3.307886208945585, 21010.05323028669, 3.3184497611176766, 11776772.279999997, 11948969.219999999, 5207129.52, 8105625.0, 5690635.0, 5690045.0]
[249.54736842105262, 256.7157894736842, 183.62105263157895, 146.6, 47.578947368421055, 70.28421052631579, 225.17760217125695, 189.5367063286493, 148.06188893948027, 127.54126574597377, 35.72816367701037, 58.326969631022195, 1.0, 1.0, 9.0, 0.0, 1.0, 3.0, 1204.0, 1037.0, 676.0, 607.0, 140.0, 222.0, 36595.83645400158, 3.439480571081737, 36978.938917964275, 3.4891008177031226, 16919.84391103763, 3.481316868876862, 10148170.750000002, 9155773.2, 5000594.799999999, 6596106.0, 4636800.0, 5071407.0]
[288.8709677419355, 278.6236559139785, 211.63440860215053, 124.60215053763442, 50.74193548387097, 70.94623655913979, 278.3831901552423, 233.32338604990576, 175.45436573466324, 139.79038187547144, 43.39227120768179, 58.894593682530726, 2.0, 5.0, 1.0, 0.0, 0.0, 1.0, 1831.0, 1167.0, 916.0, 676.0, 182.0, 232.0, 53900.56939222635, 3.252707310248343, 33825.64164966557, 3.431313347458344, 20379.41805276385, 3.2982186309772668, 13847942.73, 11372186.94, 6507710.340000001, 8311583.0, 6353586.0, 6538430.0]
[329.6774193548387, 298.1290322580645, 215.74193548387098, 152.93548387096774, 45.53763440860215, 74.01075268817205, 290.5244568501084, 238.61549139760996, 182.47000368290475, 138.63917873163737, 38.45142591910886, 62.98058614326356, 1.0, 2.0, 0.0, 5.0, 0.0, 0.0, 1539.0, 1178.0, 847.0, 608.0, 177.0, 255.0, 64227.337471216946, 3.26034052911372, 48505.97158304833, 3.2713357277778625, 31704.40935614078, 3.2756719388634505, 16622001.6, 12558870.659999998, 6874387.019999999, 10509636.0, 5927877.0, 7468791.0]
[297.494623655914, 265.4623655913978, 187.67741935483872, 143.76344086021504, 32.623655913978496, 71.16129032258064, 243.70646204951925, 169.01932994288893, 155.5120686837885, 135.42312096676702, 28.133190200132642, 63.00936616411822, 0.0, 1.0, 0.0, 1.0, 0.0, 0.0, 1001.0, 774.0, 670.0, 561.0, 137.0, 216.0, 44914.64617998905, 3.3518374462158893, 31444.890728524566, 3.471722064375021, 20509.046039505905, 3.2896672423232047, 12736280.25, 8539211.639999999, 5115604.5, 7336537.0, 4613713.0, 5971686.0]
[303.505376344086, 311.01075268817203, 5.67741935483871, 14.817204301075268, 292.0, -193.95698924731184, 736.0672911059139, 1224.2935806505943, 1400.4297101502555, 1885.9587859519866, 1517.072939692692, 1699.1372741455696, -4028.0, -4945.0, -12143.0, -11250.0, 0.0, -13050.0, 4955.0, 10351.0, 751.0, 9456.0, 10351.0, 295.0, 55812.16989269332, 3.5636266653907573, 78549.4502851111, 3.4370170557443718, 52818.10669568903, 2.554802384805637, 54323055.839999996, 136611414.42000002, 167803348.44, 8646261.0, 58301418.0, 33623994.0]
[331.51612903225805, 265.6666666666667, 195.9247311827957, 145.40860215053763, 37.623655913978496, 68.97849462365592, 282.88108628212854, 222.57145083014953, 153.77095025585945, 165.45413370472588, 27.457838818376985, 65.92485486532038, 9.0, 25.0, 0.0, 1.0, 0.0, 1.0, 1688.0, 1304.0, 710.0, 683.0, 104.0, 234.0, 66723.65727764773, 3.215911161759238, 70574.32980662385, 3.526448773265139, 19328.507701745642, 3.4089872933981087, 16352163.03, 10342834.110000001, 5343157.830000001, 8996245.0, 5063660.0, 6509740.0]
[294.3225806451613, 292.3010752688172, 224.94623655913978, 155.6236559139785, 44.903225806451616, 81.20430107526882, 291.0862027292858, 203.84791778624512, 179.0952725319439, 178.74373895866617, 34.42984818442866, 65.94901837615124, 5.0, 1.0, 0.0, 0.0, 0.0, 0.0, 1739.0, 891.0, 821.0, 882.0, 132.0, 220.0, 86585.27501997395, 3.3986995483234246, 36107.47370564575, 3.439072851591247, 29567.36321309407, 3.4669870921001498, 14741863.379999997, 10945056.540000001, 7120810.98, 8073813.0, 6697129.0, 6927236.0]
[333.02150537634407, 317.1720430107527, 196.41935483870967, 158.94623655913978, 46.354838709677416, 80.35483870967742, 339.7472839093731, 222.38898665137222, 146.66342143334776, 179.54528105087886, 39.03361014430533, 64.61989953992338, 1.0, 7.0, 10.0, 1.0, 1.0, 0.0, 1781.0, 937.0, 625.0, 764.0, 139.0, 208.0, 111655.82117933656, 3.3671163683270375, 46716.03910000924, 3.297308484667224, 19073.8838451462, 3.374996673725403, 19468066.649999995, 12932259.149999999, 5177242.109999999, 11276535.0, 5389767.0, 6460286.0]
[294.2043010752688, 255.6236559139785, 158.7741935483871, 158.51612903225808, 44.25806451612903, 81.51612903225806, 262.6819269837732, 188.9492060787591, 126.66912813483953, 151.00594667985374, 34.06320953814057, 63.0513270734431, 4.0, 0.0, 4.0, 0.0, 0.0, 0.0, 1402.0, 851.0, 596.0, 713.0, 159.0, 234.0, 63770.24742090405, 3.360391263818419, 34656.438190161665, 3.4104066045538306, 17367.12355603844, 3.49479307105401, 13390036.770000001, 8706201.509999996, 3553163.5799999996, 6748661.0, 4061798.0, 4921157.0]
[338.78494623655916, 324.02150537634407, 176.2258064516129, 140.06451612903226, 39.956989247311824, 79.91397849462365, 324.87803227961956, 265.75196749628026, 168.20213829433982, 159.813873156544, 31.41825624727522, 70.87199973160102, 3.0, 20.0, 1.0, 0.0, 0.0, 0.0, 2179.0, 1533.0, 819.0, 689.0, 130.0, 271.0, 60424.62624269304, 3.332511843176658, 53779.0600928484, 3.378662505850953, 20544.230740955907, 3.1464487247481805, 18957403.64999999, 15123178.260000002, 5106653.250000001, 9710839.0, 5332475.0, 6857923.0]
[334.5806451612903, 308.6666666666667, 181.6021505376344, 146.4731182795699, 44.236559139784944, 84.39784946236558, 303.4054298108551, 296.45090264858266, 162.11181995535662, 144.11035863244055, 39.74795533419526, 69.67909982086923, 12.0, 3.0, 5.0, 3.0, 0.0, 0.0, 1508.0, 1303.0, 709.0, 574.0, 144.0, 256.0, 75589.49823694424, 3.538594923038451, 63364.25400070023, 3.471556005052138, 22588.96272672698, 3.5288856140017018, 17558267.939999998, 15759625.619999997, 5100920.7299999995, 10752299.0, 6823087.0, 6358217.0]
[300.18279569892474, 304.6236559139785, 158.89247311827958, 124.0, 46.55913978494624, 71.82795698924731, 266.3423322749584, 230.33066561201014, 152.1142635713715, 134.32107866568464, 43.50648686405267, 59.27343118711605, 2.0, 8.0, 1.0, 0.0, 0.0, 0.0, 1169.0, 1092.0, 902.0, 564.0, 183.0, 205.0, 80815.01049758603, 3.5218190414869737, 58985.447533720086, 3.40267795442163, 24087.096214380865, 3.4186011619122394, 13863064.530000003, 12565036.559999995, 4163348.669999999, 8826789.0, 5365405.0, 5649646.0]
[354.55913978494624, 313.9032258064516, 216.96774193548387, 121.18279569892474, 44.44086021505376, 69.36559139784946, 340.096516427629, 303.5975620181988, 179.24760938390705, 120.23120356001772, 41.452818220024824, 60.696641434596074, 4.0, 11.0, 2.0, 0.0, 0.0, 0.0, 2029.0, 1810.0, 748.0, 435.0, 198.0, 238.0, 98254.7634682879, 3.2640933855388568, 64544.61770284691, 3.4210679282727146, 33822.71499766564, 3.445148474401231, 20769198.960000005, 16408504.29, 6820534.439999999, 14196826.0, 7987041.0, 9039683.0]
[335.80645161290323, 285.1182795698925, 204.04301075268816, 109.09677419354838, 43.0, 68.15053763440861, 259.6295545774752, 250.0915853747759, 183.21251108186848, 120.56155423287426, 35.328889520937516, 60.283919955014454, 7.0, 1.0, 0.0, 0.0, 0.0, 1.0, 1591.0, 1124.0, 913.0, 478.0, 180.0, 233.0, 43901.04086104729, 3.413853802712695, 59295.33266129583, 3.189086228123601, 45440.18785428791, 3.3748589486134315, 15520515.179999998, 12382401.299999999, 6472863.239999999, 10253492.0, 4965878.0, 6850695.0]
[328.1063829787234, 267.5425531914894, 177.67021276595744, 118.11702127659575, 47.255319148936174, 72.57446808510639, 289.326413428167, 216.24009281270597, 174.70308995783233, 110.75137867856927, 38.33270766302284, 59.242256308396314, 4.0, 7.0, 4.0, 0.0, 0.0, 0.0, 1382.0, 1048.0, 990.0, 443.0, 171.0, 230.0, 82171.1026426803, 3.4913888980011185, 37146.161813096754, 3.3332121798666927, 35413.207859144306, 3.51629064049477, 16830198.04, 10412461.78, 5457394.659999999, 9651292.0, 5130245.0, 4776654.0]
[299.247311827957, 294.97849462365593, 222.88172043010752, 124.39784946236558, 40.59139784946237, 70.84946236559139, 260.08253940331673, 256.628770054038, 171.34790755388556, 118.41435538203258, 30.69847629667996, 66.56803421354452, 3.0, 1.0, 0.0, 0.0, 0.0, 0.0, 1639.0, 1302.0, 601.0, 479.0, 112.0, 262.0, 42438.09955879073, 3.5014622844120784, 44286.41994098612, 3.4728686813442287, 33397.55717803696, 3.1147103628393626, 13532617.859999998, 13160533.230000002, 6808550.46, 9068972.0, 6486779.0, 6386602.0]
[379.19354838709677, 290.02150537634407, 249.5268817204301, 102.72043010752688, 43.903225806451616, 67.86021505376344, 353.9441818577722, 290.0299076967387, 241.53222808623508, 108.93849138004815, 32.2692694424685, 66.29341750355819, 3.0, 0.0, 17.0, 0.0, 0.0, 0.0, 2124.0, 1443.0, 1203.0, 425.0, 143.0, 268.0, 112872.98461911733, 3.508138558489538, 47823.637430035844, 3.360209293169029, 79864.42625304776, 3.457663180799271, 23154858.209999993, 14471968.08, 10376567.999999998, 12797995.0, 8948796.0, 10874243.0]
[342.8936170212766, 309.02127659574467, 184.45744680851064, 104.7872340425532, 48.91489361702128, 69.76595744680851, 320.6636756198701, 287.8166597852975, 148.35011369820833, 100.17993192256196, 49.213963307146514, 61.15877899368308, 5.0, 7.0, 1.0, 0.0, 0.0, 0.0, 2365.0, 1525.0, 671.0, 314.0, 248.0, 249.0, 186036.04188022643, 3.5755902216404625, 116227.5584278069, 3.34776969253471, 32362.426884916258, 3.3867704762956587, 19377996.599999994, 15679598.559999997, 4930327.26, 10819184.0, 5778437.0, 7728350.0]
[376.59574468085106, 307.48936170212767, 194.68085106382978, 102.45744680851064, 52.09574468085106, 72.76595744680851, 310.3335118607851, 277.48613235448465, 174.1409151780616, 92.29413766417973, 48.45862200077177, 61.417034786585596, 4.0, 0.0, 2.0, 0.0, 0.0, 0.0, 1672.0, 1441.0, 815.0, 312.0, 222.0, 249.0, 94994.79647218846, 3.4842137347387068, 56593.94143946848, 3.358667379527968, 33035.101033356776, 3.502194516866644, 20950748.2, 15085625.720000003, 5999916.6000000015, 14238363.0, 6549770.0, 7955872.0]
[343.83870967741933, 266.06451612903226, 216.8279569892473, 87.65591397849462, 43.68817204301075, 67.66666666666667, 279.03098200747553, 201.80208806885054, 168.63806262654023, 92.36382392516822, 37.004106262925816, 62.349180346297025, 5.0, 6.0, 2.0, 0.0, 0.0, 1.0, 1559.0, 1023.0, 688.0, 276.0, 172.0, 250.0, 69477.1833244461, 3.297513177993452, 31814.88314389204, 3.441987980838431, 21413.871548435105, 3.510703155192374, 16886840.49, 9607007.880000003, 6499495.649999999, 10453162.0, 6259223.0, 7537310.0]
[318.6666666666667, 342.02150537634407, 203.4516129032258, 91.82795698924731, 42.473118279569896, 77.3010752688172, 274.2026517065408, 319.474976175063, 195.2979060045488, 83.15316193835298, 41.1203407292836, 69.26834789837534, 1.0, 5.0, 1.0, 1.0, 0.0, 0.0, 1494.0, 1814.0, 959.0, 257.0, 238.0, 234.0, 50625.31956428589, 3.435014262926417, 56048.011691163694, 3.241048617204364, 15775.912797271572, 3.5504183085354293, 15215932.740000004, 18850106.759999998, 6843409.65, 9793626.0, 8309369.0, 6585304.0]
[335.72340425531917, 320.59574468085106, 204.9468085106383, 77.77659574468085, 58.829787234042556, 65.13829787234043, 281.0747577537886, 321.5129328708301, 165.95117607045526, 74.37830563797992, 56.96643763795087, 51.66821386455437, 8.0, 2.0, 11.0, 0.0, 0.0, 2.0, 1278.0, 1581.0, 701.0, 272.0, 236.0, 218.0, 44115.96986150903, 3.357244166043426, 56196.52924040414, 3.3338854442365196, 27425.995395908896, 3.380627068707594, 16865517.599999998, 18118439.84, 6118930.94, 11865409.0, 6402682.0, 7486234.0]
[273.3010752688172, 290.9462365591398, 224.2258064516129, 84.49462365591398, 41.87096774193548, 68.7741935483871, 234.41642549597393, 260.1028795450736, 176.05317434330294, 75.46430536236464, 33.87805041823175, 59.54814074275244, 1.0, 1.0, 5.0, 0.0, 0.0, 1.0, 955.0, 1304.0, 826.0, 225.0, 147.0, 234.0, 48113.87440826209, 3.352983738950364, 73359.41577781655, 3.545956384891722, 25295.399111085226, 3.3813470822541456, 11161851.63, 13109787.78, 7000384.349999999, 7292466.0, 6049552.0, 6357471.0]
[322.43617021276594, 306.36170212765956, 205.4255319148936, 84.68085106382979, 51.159574468085104, 80.70212765957447, 261.18722154644837, 301.7999355502696, 136.93067780416328, 76.61174462392609, 42.644896123784534, 61.415179691177784, 11.0, 1.0, 2.0, 0.0, 0.0, 1.0, 1088.0, 1338.0, 732.0, 229.0, 203.0, 229.0, 60271.86441410915, 3.536940561352932, 79270.43065373747, 3.405554966678445, 16141.561652114038, 3.4963680616358013, 15150039.219999999, 16255741.479999999, 5367886.92, 9763254.0, 6708544.0, 5884963.0]
[312.7956989247312, 345.2043010752688, 208.3763440860215, 77.82795698924731, 57.75268817204301, 76.63440860215054, 299.21762325815, 290.4342161219011, 184.6659683566458, 67.57115792869186, 55.949250279388195, 65.41369769900886, 4.0, 1.0, 5.0, 0.0, 0.0, 0.0, 1951.0, 1440.0, 1159.0, 203.0, 245.0, 275.0, 91505.0174977918, 3.434308026529189, 67704.3239675471, 3.4358208858570163, 38319.12727197951, 3.4187362860847688, 16122569.280000001, 17523828.180000003, 6673182.45, 11248556.0, 7168314.0, 6228967.0]
[350.6666666666667, 324.18279569892474, 201.72043010752688, 85.89247311827957, 50.645161290322584, 80.66666666666667, 275.64605271400416, 314.31166844103336, 154.08773373234328, 60.65717319593415, 44.37283862740964, 66.46302230062467, 0.0, 4.0, 2.0, 0.0, 0.0, 0.0, 1437.0, 1414.0, 632.0, 191.0, 167.0, 244.0, 99766.10544537747, 3.4535711150653325, 81998.01386047565, 3.3022020102381755, 17575.581816185582, 3.390342125886903, 17136338.099999998, 17542250.549999997, 5550829.62, 10868556.0, 6282479.0, 6694498.0]
[248.16129032258064, 299.4623655913978, 175.68817204301075, 74.34408602150538, 39.483870967741936, 76.20430107526882, 212.8447224541352, 225.03635257731065, 146.49565793347386, 56.52038774591909, 34.934601292435424, 60.03052830956729, 8.0, 11.0, 1.0, 0.0, 0.0, 4.0, 1045.0, 1073.0, 803.0, 203.0, 132.0, 264.0, 64114.04725360909, 3.4896098740734427, 71991.96590124092, 3.3152077247072307, 27786.219719525692, 3.5904297189005394, 9202516.47, 12089099.759999998, 4505830.469999999, 7122564.0, 5679117.0, 4112395.0]
[352.68817204301075, 308.3333333333333, 222.66666666666666, 72.68817204301075, 50.39784946236559, 76.7741935483871, 388.7746630928083, 336.77351224632366, 158.20098205964993, 57.66280891954379, 46.11307929732561, 65.19121190311554, 3.0, 7.0, 1.0, 0.0, 0.0, 0.0, 2910.0, 1552.0, 710.0, 185.0, 260.0, 243.0, 55763.95556491165, 3.381773020191251, 79694.01470419436, 3.4371176390005065, 19953.469188583073, 3.3816798530246572, 23690429.400000002, 17926463.31, 6429569.88, 12251943.0, 8270565.0, 8646349.0]
[329.81720430107526, 471.23655913978496, 119.43010752688173, 147.65591397849462, 152.31182795698925, 176.72043010752688, 554.7194344938193, 1180.1817601156913, 830.2127856871793, 694.6157914338039, 1070.0053126492921, 880.1300344340355, 8.0, 10.0, -7647.0, 0.0, 0.0, 1.0, 4951.0, 11262.0, 808.0, 6750.0, 10351.0, 8550.0, 183582.65320216873, 3.290982888775635, 437552.51719879016, 3.57235846622622, 186126.89212971885, 3.7037399903015236, 35736309.27000001, 138376754.36999997, 60206164.22999999, 67193057.0, -78497840.0, -32736761.0]
[268.8709677419355, 328.2795698924731, 208.83870967741936, 87.35483870967742, 58.26881720430107, 61.98924731182796, 198.39821756992393, 294.6969100910362, 173.95172308297023, 75.54665203661308, 44.63575769369369, 58.32172662195825, 2.0, 10.0, 2.0, 0.0, 0.0, 0.0, 839.0, 1606.0, 716.0, 294.0, 193.0, 268.0, 41758.817201951795, 3.3374112676899066, 75669.24308380269, 3.23116414576021, 28996.721911856224, 3.2440359308543143, 9620300.370000001, 16751375.759999996, 6361118.16, 8911083.0, 7709161.0, 5416519.0]
[340.4731182795699, -3.752688172043011, 5.946236559139785, -57.1505376344086, -34.53763440860215, -256.96774193548384, 1132.7310263579197, 1381.9412673601266, 1197.3700652534415, 1514.5807351141952, 1793.1644821324392, 1512.7919441679385, -4045.0, -9449.0, -6745.0, -11250.0, -10350.0, -8550.0, 9478.0, 2322.0, 4950.0, 4953.0, 9452.0, 226.0, 2647999.7636487572, 3.596177848469528, 3740371.4809007524, 3.138472744321761, 2967943.4568385943, 3.6703772148459284, 119806377.66, 163400426.18999997, 122670008.54999998, -61048530.0, 80094288.0, -98237653.0]
[262.3225806451613, 319.7741935483871, 164.8279569892473, 134.93548387096774, 39.81720430107527, 70.04301075268818, 193.3321742319883, 254.59230533439904, 145.54236075840106, 117.19194645608331, 35.21886421290354, 55.03988948312942, 3.0, 0.0, 2.0, 0.0, 0.0, 0.0, 922.0, 1221.0, 681.0, 514.0, 185.0, 221.0, 34159.080532869135, 3.378009535961183, 79105.06096378218, 3.5147678457731675, 17813.189778050735, 3.601759719709775, 9149652.48, 14389844.430000003, 4162163.85, 8793242.0, 5308507.0, 4591687.0]
[263.16129032258067, 325.9032258064516, 168.7311827956989, 152.89247311827958, 38.473118279569896, 74.76344086021506, 215.02524069849895, 247.52356341569345, 159.11365501652023, 166.64192686882956, 34.039169061362706, 66.93302912637222, 4.0, 1.0, 2.0, 0.0, 0.0, 0.0, 1121.0, 1167.0, 1050.0, 799.0, 139.0, 265.0, 47453.817178516474, 3.383084391314143, 55434.620118702594, 3.346500891012756, 30447.380680414244, 3.4215370892018044, 9945706.44, 14428437.569999998, 4628524.44, 9523192.0, 5946850.0, 4927929.0]
[295.0537634408602, 302.02150537634407, 183.7311827956989, 134.63440860215053, 33.204301075268816, 68.78494623655914, 226.17982291854676, 227.718455959691, 145.68325825040895, 145.0180487227468, 30.762257768876513, 60.340311974515515, 4.0, 2.0, 5.0, 0.0, 0.0, 1.0, 1272.0, 1243.0, 666.0, 737.0, 143.0, 251.0, 54859.60624377089, 3.2678385087248376, 72416.73323572938, 3.3099068209298768, 27578.88082625207, 3.495767824288291, 11906555.64, 12326130.720000003, 4735547.909999999, 10071098.0, 6003819.0, 5333343.0]
[260.7204301075269, 286.9139784946237, 282.80645161290323, 1.053763440860215, -0.8817204301075269, 104.61290322580645, 241.09236754150788, 561.2970161562914, 972.7577366979665, 1279.0563638326043, 426.02464333350804, 325.79995303393525, 6.0, -4032.0, 2.0, -12140.0, -4049.0, 1.0, 1471.0, 1919.0, 9474.0, 612.0, 164.0, 3150.0, 71295.72973793717, 3.2518136507307562, 177962.73588608377, 3.253862348809097, 34954.402272579035, 3.2140811974998544, 10852390.409999996, 34075874.25, 87879227.49000002, 9562985.0, -32546476.0, 6464732.0]
[270.20212765957444, 335.1170212765957, 164.5, 143.89361702127658, 45.680851063829785, 66.74468085106383, 217.62321091948868, 237.91178704897797, 126.7654467693135, 121.51414520828928, 39.136983792100935, 59.00481776761558, 7.0, 3.0, 1.0, 1.0, 0.0, 0.0, 997.0, 968.0, 556.0, 522.0, 185.0, 246.0, 43702.044914159815, 3.4559229412929735, 43773.4911520513, 3.506936279459709, 14341.791778638859, 3.5413022515460795, 10591291.14, 14871278.46, 3795837.4999999995, 9433699.0, 5426087.0, 3916373.0]
[299.6595744680851, 291.72340425531917, 192.03191489361703, 159.27659574468086, 41.787234042553195, 76.26595744680851, 355.6230804341184, 271.708984272738, 181.21409260204925, 239.858175131751, 49.793740665584835, 77.83456063114464, 1.0, 2.0, 2.0, 1.0, 0.0, 0.0, 2306.0, 1276.0, 1104.0, 1450.0, 284.0, 309.0, 197962.8099203626, 3.4536696511477096, 83755.45015900928, 3.4696017314567156, 49638.16853683163, 3.649036401125324, 18990175.160000004, 13973509.839999998, 6129131.819999998, 8568544.0, 7112389.0, 6690964.0]
[243.77659574468086, 354.3936170212766, 184.13829787234042, 171.06382978723406, 40.191489361702125, 87.85106382978724, 212.46151602216568, 293.44715111320113, 158.20733647084967, 196.67498479824545, 37.58954229877065, 67.56724367776842, 3.0, 13.0, 3.0, 3.0, 0.0, 1.0, 1033.0, 1755.0, 622.0, 893.0, 152.0, 237.0, 55692.427086826065, 3.091901177622911, 91888.33442304916, 3.4407139067023382, 21289.071742178174, 3.5573234981412045, 9197101.939999998, 18625403.46, 5184099.06, 8661752.0, 6992657.0, 4390758.0]
[289.1505376344086, 288.7204301075269, 207.9247311827957, 175.1720430107527, 41.45161290322581, 74.25806451612904, 267.4603971593194, 282.75097991570465, 181.4063560412237, 177.68906793071173, 36.00589206886304, 72.88166454361459, 4.0, 0.0, 6.0, 2.0, 0.0, 0.0, 1353.0, 1790.0, 761.0, 769.0, 176.0, 309.0, 84191.36691529484, 3.4976853585884875, 51134.79214660509, 3.4003770754744194, 29573.445559975542, 3.3258129150155087, 13351798.889999999, 14050122.87, 6554826.930000001, 9736717.0, 7263653.0, 6269801.0]
[319.61290322580646, 334.5698924731183, 199.91397849462365, 156.09677419354838, 46.68817204301075, 70.64516129032258, 296.5607582097772, 311.0308735496772, 159.13001629198212, 178.25165799071152, 55.26792026802428, 58.99145943367572, 6.0, 5.0, 6.0, 2.0, 1.0, 0.0, 1717.0, 2041.0, 692.0, 1028.0, 337.0, 232.0, 55678.23373646209, 3.539247990839569, 52082.9620255905, 3.4698275917985497, 25991.861866539017, 3.3346574517791314, 16360016.879999997, 17958524.13, 5623205.940000001, 12316271.0, 6992415.0, 7026375.0]
[354.21505376344084, 353.8279569892473, 195.10752688172042, 139.80645161290323, 52.354838709677416, 68.98924731182795, 345.0434707793247, 294.0755087763772, 158.1659463132473, 141.1856054111593, 43.10418247669908, 71.76069752454968, 1.0, 9.0, 2.0, 3.0, 1.0, 0.0, 1627.0, 1298.0, 680.0, 623.0, 186.0, 277.0, 74480.99066593316, 3.0589933294828886, 73728.51635866065, 3.2930642529102636, 25407.183949476756, 3.457238258775236, 21038099.16, 18227311.8, 5432819.129999998, 13883136.0, 6620394.0, 7031964.0]
[349.6236559139785, 378.0430107526882, 222.63440860215053, 139.98924731182797, 58.86021505376344, 74.63440860215054, 313.50975693777804, 326.7657688546716, 183.20793514155227, 151.6413456456052, 55.037850888166325, 62.678750463779956, 3.0, 0.0, 2.0, 0.0, 0.0, 0.0, 1481.0, 1507.0, 933.0, 683.0, 236.0, 211.0, 86649.8086081602, 3.331146960895327, 87974.00220308416, 3.2716436537393143, 30432.59962603564, 3.328814544026515, 18981804.990000002, 21496592.88, 7158804.27, 13026059.0, 8375903.0, 8260625.0]
[313.38709677419354, 275.96774193548384, 215.48387096774192, 133.74193548387098, 55.8494623655914, 82.29032258064517, 288.96592368147554, 277.9482455583704, 184.94914770559674, 135.01005624588686, 39.351798543660635, 64.48922738572585, 7.0, 1.0, 5.0, 0.0, 0.0, 2.0, 1500.0, 1429.0, 860.0, 537.0, 162.0, 247.0, 83785.67931073745, 3.256446698225226, 67498.7878715616, 3.4944102243718502, 49516.27118642171, 3.4181721769305615, 15638681.91, 13196879.490000002, 6942697.379999999, 9091182.0, 5342115.0, 6428932.0]
[350.6989247311828, 332.9032258064516, 220.7741935483871, 141.90322580645162, 52.666666666666664, 78.41935483870968, 324.13972379563336, 272.719798252797, 198.58959915364554, 141.71634747500013, 47.259306268559506, 64.54023392606673, 1.0, 4.0, 2.0, 0.0, 1.0, 0.0, 1971.0, 1204.0, 948.0, 574.0, 204.0, 234.0, 143838.10581153398, 3.3221053989938225, 68904.09410729965, 3.3835646527000875, 54457.554335392306, 3.3940373662564904, 19626877.169999998, 15948834.12, 7589930.879999999, 12626615.0, 7625380.0, 9344127.0]
[357.8494623655914, 332.505376344086, 204.16129032258064, 133.9784946236559, 52.763440860215056, 76.94623655913979, 342.4166971445806, 297.6631676640968, 208.69044530963646, 146.1340940558886, 53.54039471551046, 62.86932022775459, 1.0, 1.0, 3.0, 0.0, 0.0, 1.0, 1666.0, 2099.0, 1079.0, 696.0, 309.0, 274.0, 87210.46793610831, 3.475046431270454, 43621.678362447004, 3.2190366704435145, 32711.501266021787, 3.516899072952563, 21107425.080000002, 17143222.889999993, 7331345.31, 12714168.0, 7559723.0, 8589617.0]
[309.74468085106383, 310.968085106383, 206.85106382978722, 109.12765957446808, 50.51063829787234, 72.81914893617021, 266.02433133808563, 223.56839429462423, 182.63554150373216, 120.15637070197303, 40.38756986485068, 69.60502434682188, 15.0, 2.0, 1.0, 0.0, 0.0, 0.0, 1301.0, 1008.0, 1086.0, 511.0, 192.0, 280.0, 53660.50458652607, 3.466319331485117, 46355.20068680419, 3.3960918976711207, 22530.393136548468, 3.4996119310386185, 14664035.72, 12914012.340000004, 6696650.239999999, 9601266.0, 7382175.0, 6489390.0]
[268.1505376344086, 282.9139784946237, 200.51612903225808, 118.13978494623656, 37.45161290322581, 75.63440860215054, 216.06273979305575, 254.17691784138734, 160.40726786792652, 111.96618194773477, 30.009605755285385, 60.29939522125094, 5.0, 0.0, 2.0, 0.0, 0.0, 1.0, 1237.0, 1362.0, 707.0, 361.0, 143.0, 240.0, 41409.05789458536, 3.3387906988170837, 54312.38947700482, 3.362095532369431, 24717.730277032155, 3.438298109173746, 10213245.12, 12450368.490000002, 5678979.9, 6925569.0, 5612650.0, 4984427.0]
[431.40860215053766, 252.05376344086022, 69.06451612903226, -11.580645161290322, -212.76344086021504, -143.78494623655914, 1094.2836771204052, 1130.0093724658582, 2188.132059277023, 1522.889661156087, 1900.4982550227596, 1439.8559850196852, -450.0, -7650.0, -13039.0, -11243.0, -13050.0, -9444.0, 9477.0, 5857.0, 8558.0, 4058.0, 4950.0, 2251.0, 3016389.8400809783, 3.6085750012868325, 3299019.8317827615, 3.140171740216077, 12550482.989988921, 3.1609674843748814, 118551347.31000003, 114748181.13, 410067147.81, -5294176.0, -197328045.0, 11002229.0]
[304.61290322580646, 264.0752688172043, 182.41935483870967, 108.3763440860215, 42.913978494623656, 79.33333333333333, 248.9190558262589, 211.94211866528352, 143.25284143024916, 101.70363103031221, 34.53028157944929, 60.40251458437755, 13.0, 10.0, 2.0, 0.0, 0.0, 2.0, 1094.0, 970.0, 612.0, 324.0, 145.0, 223.0, 56668.95708048444, 3.1329916598878684, 52606.590758231374, 3.398184316286027, 19615.964967961896, 3.428872431760903, 13326679.59, 9874753.949999997, 4633921.230000001, 8519142.0, 5164702.0, 5596266.0]
[78.70212765957447, 435.0851063829787, 371.3829787234043, 135.29787234042553, -59.40425531914894, 0.3191489361702128, 1396.8828187227218, 1555.4117849097101, 1178.3071336508733, 1461.3776371937709, 1417.5951794799964, 1439.3121356851163, -11630.0, -4950.0, 2.0, -5850.0, -13050.0, -8550.0, 1078.0, 13064.0, 9455.0, 12150.0, 4052.0, 8552.0, 913941.0922086453, 3.4632638946821745, 5194468.964652631, 3.822236366068764, 3013347.514577403, 3.4930815093667027, 171128342.32000002, 228222178.88000003, 133561682.23999998, -1288554.0, 103197849.0, -35714737.0]
[302.1276595744681, 256.71276595744683, 181.03191489361703, 95.40425531914893, 40.765957446808514, 69.31914893617021, 254.17372917566772, 268.1306703725215, 135.62538951949688, 98.5898770293649, 33.340029068984784, 61.8087951367534, 2.0, 4.0, 0.0, 0.0, 0.0, 1.0, 994.0, 1889.0, 583.0, 330.0, 162.0, 224.0, 85737.27428939189, 3.3134446276648317, 101103.66686744745, 3.389364488659174, 19365.11237661878, 3.472670786279151, 13713306.559999999, 12108030.02, 4503807.900000001, 10123022.0, 5177681.0, 5577427.0]
[315.9462365591398, 305.97849462365593, 192.23655913978496, 95.35483870967742, 42.365591397849464, 77.58064516129032, 251.7146143513997, 407.3660617038979, 163.48284033403615, 86.08358490712868, 37.441486216970304, 53.49061733666479, 3.0, 5.0, 3.0, 0.0, 0.0, 0.0, 1343.0, 3232.0, 832.0, 403.0, 215.0, 256.0, 62634.99582343853, 3.4124986348340847, 56360.54352451814, 3.514072321231065, 18008.131693132007, 3.4285851231187747, 14054709.630000003, 22295873.94, 5482960.08, 13003680.0, 5969131.0, 6124431.0]
[309.02150537634407, 295.73118279569894, 197.27956989247312, 93.78494623655914, 43.505376344086024, 68.09677419354838, 264.9106485334345, 267.44410792703985, 131.92317968781467, 84.53888344660848, 44.742894421522635, 51.0044892559829, 4.0, 4.0, 2.0, 1.0, 0.0, 0.0, 1242.0, 1516.0, 646.0, 438.0, 229.0, 224.0, 90888.61227135497, 3.3776567105384974, 82634.04066515368, 3.5782242483908098, 17324.276428569316, 3.472817456792646, 14263701.090000002, 13683944.670000004, 4855186.83, 11046783.0, 6194428.0, 5693013.0]
[274.0967741935484, 250.96774193548387, 158.27956989247312, 80.21505376344086, 38.40860215053763, 65.01075268817205, 218.35964871086702, 208.60418373044612, 144.89234126183047, 77.94533333248563, 29.11679500366837, 48.60991458711312, 4.0, 1.0, 1.0, 0.0, 0.0, 1.0, 1083.0, 1188.0, 683.0, 274.0, 113.0, 176.0, 45979.431694609964, 3.584645212154922, 49848.00245740967, 3.5211761053015196, 25457.991720709713, 3.5402730378893987, 10577491.709999997, 9170759.759999998, 3963012.72, 7628089.0, 3628228.0, 4157268.0]
[325.3225806451613, 300.2795698924731, 205.61290322580646, -46.72043010752688, -177.78494623655914, 114.45161290322581, 614.8434435106635, 952.7037539184191, 1078.3014020879043, 1110.4192252360033, 1522.5117679952311, 774.6127435851699, -4043.0, -6749.0, -6746.0, -10350.0, -11250.0, -3150.0, 3165.0, 4951.0, 7650.0, 302.0, 251.0, 6751.0, 152092.51018785106, 3.5237711567253514, 259760.9029674688, 3.5715096610317723, 316042.47021300957, 3.5206447712657765, 41498107.53, 85456673.28, 103140022.49999999, 57854370.0, -77679738.0, -45035436.0]
[315.4731182795699, 326.0752688172043, 183.05376344086022, 84.6989247311828, 47.87096774193548, 79.40860215053763, 340.61219154690866, 325.6731569266801, 177.06841993688042, 81.71607592174641, 46.3172485963011, 59.64500718182898, 0.0, 2.0, 0.0, 1.0, 0.0, 4.0, 2405.0, 2004.0, 960.0, 340.0, 202.0, 352.0, 81996.93581867547, 3.418401235961754, 88080.45549094988, 3.3383242511520153, 23709.016324214816, 3.447018394835868, 18534155.069999997, 18270806.97, 5580747.72, 14349116.0, 7290954.0, 6182578.0]
[302.2043010752688, 283.7204301075269, 178.43010752688173, 91.60215053763442, 44.89247311827957, 75.20430107526882, 273.0491498653113, 246.20490607160139, 153.11358371635933, 72.22626581504673, 29.86762911275691, 53.82046627441391, 8.0, 2.0, 3.0, 1.0, 1.0, 2.0, 1834.0, 1006.0, 771.0, 273.0, 128.0, 206.0, 52039.02647765569, 3.3794830697069385, 55586.19494353776, 3.465223530559092, 16448.53228174045, 3.451346659780538, 14277907.769999998, 12148588.14, 4759457.28, 10199371.0, 5458997.0, 6360434.0]
[314.4623655913978, 304.9032258064516, 177.9247311827957, 85.40860215053763, 41.81720430107527, 78.80645161290323, 284.7543013814062, 274.9701985637293, 189.34298511472562, 78.46630910351988, 32.873587335017525, 61.94988473592045, 10.0, 8.0, 4.0, 0.0, 0.0, 1.0, 1390.0, 1335.0, 1232.0, 230.0, 124.0, 260.0, 85151.77316573725, 3.505719442157636, 64839.373721236094, 3.3030340041272224, 19264.629686353226, 3.4003495559457835, 15490333.889999999, 14509700.04, 5805423.629999999, 9795977.0, 6229448.0, 6441157.0]
[272.23655913978496, 312.8817204301075, 187.3763440860215, 82.08602150537635, 35.806451612903224, 84.36559139784946, 195.8694328777665, 278.79413666805516, 195.48606722166508, 73.26614021823309, 30.06234755525522, 65.03323313410388, 1.0, 16.0, 6.0, 0.0, 0.0, 6.0, 820.0, 1515.0, 1032.0, 230.0, 139.0, 275.0, 35120.05262020397, 3.538609947552172, 102943.38433037394, 3.3874811081587004, 49739.5175968897, 3.493245309196679, 9692506.499999998, 15117187.200000001, 6306313.259999999, 7197506.0, 7197937.0, 5306419.0]
[339.1595744680851, 337.7659574468085, 216.2127659574468, 87.84042553191489, 38.159574468085104, 79.40425531914893, 331.2862616611325, 415.69192028722927, 162.7301924481216, 93.43450390646424, 32.57557076352867, 71.3679424356903, 2.0, 11.0, 1.0, 0.0, 0.0, 1.0, 2462.0, 3002.0, 841.0, 381.0, 233.0, 282.0, 74567.99637121666, 3.6428031444930795, 54141.957962701454, 3.3606826303121915, 35035.79314483617, 3.3609073090854498, 19758377.939999994, 25186781.119999997, 6445628.88, 17031622.0, 7409539.0, 7180096.0]
[296.5698924731183, 319.2795698924731, 219.81720430107526, 75.87096774193549, 46.82795698924731, 69.64516129032258, 299.83569405844605, 270.3435964130686, 173.89495493822898, 78.55408353020665, 45.57331018497033, 63.59563923409583, 0.0, 7.0, 0.0, 0.0, 0.0, 1.0, 1596.0, 1254.0, 905.0, 282.0, 189.0, 237.0, 95020.88427367913, 3.386784582288624, 83227.10764964373, 3.4757903390549796, 41346.63473630181, 3.465818404456466, 15299083.109999994, 15069951.569999998, 6766450.29, 11292214.0, 6939062.0, 7575885.0]
[276.3510638297872, 285.3510638297872, 209.5531914893617, 84.62765957446808, 46.148936170212764, 65.6063829787234, 216.5422160756237, 235.50237801903305, 155.1996713928788, 74.7132128405554, 38.01950756973773, 56.56402178920828, 1.0, 1.0, 8.0, 0.0, 0.0, 0.0, 1094.0, 1186.0, 678.0, 273.0, 148.0, 216.0, 47317.117301529404, 3.41758203912889, 43167.122589970684, 3.4148097278385547, 25859.22120599202, 3.287600891029421, 10847215.540000001, 12043166.26, 5985792.159999999, 7219438.0, 5982851.0, 5686117.0]
[305.3440860215054, 289.31182795698925, 178.49462365591398, 78.63440860215054, 48.41935483870968, 71.63440860215054, 234.33126378584393, 277.63050117857324, 158.3667745989281, 71.3538008107177, 35.23255738062797, 56.082002256446756, 3.0, 1.0, 1.0, 0.0, 0.0, 3.0, 1631.0, 1488.0, 661.0, 246.0, 137.0, 213.0, 47746.619904466745, 3.385841706254377, 97113.170353728, 3.3995082675245367, 30156.988744517937, 3.4906872632270782, 12762093.329999998, 13834181.52, 4901447.819999998, 9706349.0, 5375167.0, 5603174.0]
[341.61290322580646, 362.4731182795699, 223.67741935483872, 84.46236559139786, 49.634408602150536, 75.44086021505376, 307.67536647584393, 421.55992898523954, 238.36586608616386, 80.38623599734852, 51.57324570689994, 62.801007740043715, 3.0, 3.0, 2.0, 0.0, 0.0, 0.0, 1580.0, 2762.0, 1318.0, 350.0, 282.0, 265.0, 66429.4463526468, 3.370183213906196, 199619.18595810496, 3.4449543093089763, 54267.648288484845, 3.418652179413713, 18192792.06, 26568745.92, 9188604.599999998, 14532950.0, 12600376.0, 9037777.0]
[383.7741935483871, 319.44086021505376, 177.65591397849462, 76.39784946236558, 38.795698924731184, 73.75268817204301, 359.05785924180793, 292.4565542749597, 175.77885653531283, 72.19495643364121, 39.10286299419968, 65.39722370020905, 8.0, 3.0, 0.0, 0.0, 1.0, 1.0, 2011.0, 1358.0, 953.0, 273.0, 179.0, 262.0, 98186.82782726666, 3.484981780375505, 91327.19826292478, 3.443851903381966, 44355.20848168133, 3.508038048390535, 23769087.87, 16143670.98, 5373415.38, 14421802.0, 6741365.0, 6923170.0]
[283.3763440860215, 279.64516129032256, 222.30107526881721, 91.75268817204301, 47.27956989247312, 74.02150537634408, 229.41257281315222, 287.43092346575355, 166.0647977870344, 70.99014872164497, 34.899036236661026, 66.62288066530893, 3.0, 2.0, 5.0, 1.0, 2.0, 1.0, 1271.0, 1673.0, 790.0, 213.0, 170.0, 237.0, 45836.8271391437, 3.2353541083594446, 79647.85339936917, 3.311267822291282, 24175.258137574525, 3.0739422449671525, 11448366.959999997, 13832311.29, 6633675.12, 8071148.0, 6628125.0, 6793192.0]
[305.89247311827955, 332.86021505376345, 188.80645161290323, 79.7741935483871, 47.30107526881721, 69.88172043010752, 320.27499944394225, 325.68431605780495, 173.06446763539958, 66.26546235182595, 44.776445901019, 56.02189972842638, 10.0, 7.0, 1.0, 0.0, 0.0, 0.0, 2253.0, 1697.0, 748.0, 209.0, 280.0, 233.0, 51376.648495409194, 3.5057122532170766, 58008.944757046054, 3.2700590650932284, 17038.354296641948, 3.4764617576833943, 16869296.039999995, 18658111.979999997, 5645818.89, 13127150.0, 7521521.0, 7472008.0]
[323.6989247311828, 311.4623655913978, 226.4731182795699, 91.98924731182795, 47.39784946236559, 67.6774193548387, 309.76227859111845, 279.8346778685969, 159.87118397375633, 70.41545881157556, 34.58987656153617, 54.50092964710159, 5.0, 0.0, 0.0, 2.0, 0.0, 0.0, 2003.0, 1396.0, 961.0, 234.0, 145.0, 248.0, 128987.65804469291, 3.5701401757750655, 83193.71493038684, 3.181956108698476, 31098.8545716091, 3.353553903791997, 17272218.539999995, 15090276.72, 6622888.98, 10986092.0, 7308340.0, 7662869.0]
[311.9139784946237, 304.741935483871, 197.18279569892474, 74.70967741935483, 39.75268817204301, 66.68817204301075, 256.53894762843294, 254.233968894189, 171.03164887875593, 61.48074648162862, 35.96515702550313, 57.13484783247125, 3.0, 9.0, 1.0, 0.0, 0.0, 0.0, 1014.0, 1165.0, 1014.0, 213.0, 161.0, 226.0, 44673.98453228172, 3.4208559954493394, 55517.92338281041, 3.1330749105317146, 36057.50481433234, 3.329276348502648, 14045535.179999996, 13562285.79, 5865608.579999999, 10323547.0, 5348249.0, 5674678.0]
[257.26881720430106, 260.18279569892474, 202.04301075268816, 84.03225806451613, 43.53763440860215, 65.43010752688173, 222.76104080308286, 204.40608273071646, 162.67865857589996, 67.19414629216357, 36.109904440346796, 59.41003389295637, 3.0, 1.0, 0.0, 1.0, 0.0, 1.0, 1398.0, 869.0, 854.0, 239.0, 125.0, 237.0, 64159.520479971136, 3.429163975689809, 44801.0661797305, 3.2480833046038273, 32891.544519266, 3.4401452947168654, 9970234.259999996, 9429802.89, 5794930.44, 7609345.0, 4852894.0, 4467387.0]
[238.8709677419355, 220.7311827956989, 178.46236559139786, 61.89247311827957, 36.31182795698925, 66.95698924731182, 203.38906953051355, 251.953590437714, 148.0141414468773, 50.91925884173018, 29.82265643499326, 54.123633425562495, 7.0, 0.0, 3.0, 0.0, 0.0, 2.0, 1243.0, 1151.0, 670.0, 171.0, 147.0, 236.0, 59964.49666953397, 3.475134331798953, 42724.166704375784, 3.5824976539833577, 23014.397574017228, 3.3108784021222593, 8474432.49, 9645388.98, 4629068.489999999, 5024601.0, 3872481.0, 4312960.0]
[287.79787234042556, 314.01063829787233, 164.67021276595744, 132.1595744680851, 97.95744680851064, 184.58510638297872, 267.0033860599288, 271.7542570590123, 127.35653014214354, 506.8981637920293, 601.0913893783614, 968.294203598282, 1.0, 0.0, 4.0, 0.0, 0.0, 3.0, 1342.0, 1369.0, 615.0, 4966.0, 5856.0, 9454.0, 72735.97399372749, 3.359947236508379, 108174.72462824584, 3.295939842683403, 13371.080533676099, 3.265326274331751, 13550890.54, 15168532.779999997, 3813919.3400000003, 10565041.0, 5207902.0, 4702013.0]
[294.258064516129, 311.06451612903226, 204.04301075268816, 71.16129032258064, 30.946236559139784, 79.06451612903226, 248.74060625591676, 256.4893762717132, 150.6036342579634, 56.19807561353678, 25.14927848882844, 62.473612943109806, 4.0, 1.0, 6.0, 0.0, 0.0, 1.0, 1265.0, 1341.0, 731.0, 177.0, 129.0, 252.0, 71013.57390197374, 3.3508252098142437, 62246.00357891183, 3.367624750413082, 14205.189704852242, 3.3825609791647584, 12782738.4, 13997589.029999994, 5541511.019999998, 8928670.0, 5852783.0, 6346501.0]
[353.3333333333333, 320.7204301075269, 188.16129032258064, 74.01075268817205, 46.505376344086024, 79.12903225806451, 336.79323205702974, 334.53174170548994, 154.23635802704695, 59.2003772431532, 36.754953424205574, 66.83744488885469, 5.0, 2.0, 2.0, 0.0, 1.0, 1.0, 2056.0, 2195.0, 703.0, 234.0, 191.0, 263.0, 69810.42197306895, 3.164606349849733, 102000.6264437191, 3.3579419014897747, 24368.183031564484, 3.3917015521946956, 20502839.52, 18471646.050000004, 5097524.37, 11092111.0, 6842638.0, 6358216.0]
[263.96774193548384, 315.03225806451616, 216.25806451612902, 78.41935483870968, 46.24731182795699, 85.01075268817205, 242.2636657254143, 233.3864332153353, 186.38307345391166, 63.61301524275433, 36.976977535963975, 67.60362329877708, 3.0, 2.0, 5.0, 0.0, 0.0, 1.0, 1265.0, 1026.0, 908.0, 229.0, 170.0, 271.0, 41915.785101562, 3.43358500468174, 49930.07031113604, 3.246748195151305, 28400.81591667182, 3.398175131168228, 11048194.469999995, 13244115.119999997, 7017164.339999999, 7923749.0, 7931247.0, 5791728.0]
[304.03225806451616, 311.4516129032258, 175.79569892473117, 72.49462365591398, 39.98924731182796, 79.98924731182795, 285.34020319051126, 242.97917767869276, 129.9899293038892, 52.784142804921096, 33.15362614558497, 70.44663330488207, 14.0, 1.0, 10.0, 0.0, 0.0, 0.0, 1655.0, 1079.0, 672.0, 189.0, 132.0, 279.0, 89691.17295172196, 3.0258767191024902, 49371.37872053022, 3.322120359162448, 17301.220635954054, 3.4976906291241026, 14960968.589999996, 13441078.89, 4118637.989999999, 9279575.0, 5139186.0, 5725646.0]
[216.32258064516128, 200.6451612903226, 213.61290322580646, 80.31182795698925, 54.795698924731184, 61.59139784946237, 1420.1010769391391, 1398.5359164774493, 197.02124318580385, 64.68653150833468, 55.22671831715408, 53.63610005906952, -12945.0, -12739.0, 1.0, 1.0, 0.0, 0.0, 2190.0, 1608.0, 1051.0, 262.0, 311.0, 217.0, 5144154.226354738, 3.795798961536128, 4975643.673229262, 3.7899920772028683, 28674.97127231632, 3.451588237612655, 176595084.84, 170828991.84, 7267793.759999999, 180793762.0, 6344399.0, 6414271.0]
[285.02150537634407, 279.0860215053763, 189.93548387096774, 72.6774193548387, 40.98924731182796, 63.29032258064516, 249.56322621796244, 295.79548810071236, 150.76081015762315, 67.04381456576552, 33.21193297323429, 51.9702215414628, 3.0, 10.0, 1.0, 0.0, 0.0, 2.0, 1608.0, 1693.0, 682.0, 225.0, 147.0, 202.0, 64880.95470171643, 3.264133630356157, 133477.50181294992, 3.444585304665657, 24606.363973337586, 3.495180725881959, 12355041.629999999, 14222689.95, 5064846.960000001, 8326668.0, 5072571.0, 4491785.0]
[298.1720430107527, 318.6666666666667, 190.86021505376345, 74.72043010752688, 46.516129032258064, 81.36559139784946, 287.41810265126014, 302.87489644827076, 149.18114108852697, 62.91045492557999, 47.48217352063866, 59.64018650756649, 0.0, 2.0, 11.0, 0.0, 0.0, 1.0, 1428.0, 1681.0, 699.0, 260.0, 224.0, 245.0, 65429.62330952731, 3.239084472753333, 80291.75242159227, 3.3132525608084955, 28612.22066467685, 3.3905171495674673, 14757569.22, 16631617.800000004, 5054763.899999999, 10932548.0, 5924386.0, 5119266.0]
[316.3225806451613, 339.13978494623655, 194.29032258064515, 81.05376344086021, 46.763440860215056, 74.34408602150538, 417.17666889643857, 427.2221851275641, 176.8431865317997, 76.13694264019016, 59.76591980920637, 59.91488430585361, 1.0, 10.0, 2.0, 0.0, 0.0, 3.0, 3007.0, 2998.0, 772.0, 339.0, 386.0, 222.0, 72512.38827556756, 3.3446071472441106, 120226.36665966903, 3.4805855280307574, 33838.52597336065, 3.535327929110575, 23544739.319999997, 25564024.14, 5940649.350000001, 13582495.0, 7602328.0, 8462076.0]
[324.494623655914, 320.48387096774195, 191.2258064516129, 85.87096774193549, 46.55913978494624, 64.81720430107526, 287.83719823569027, 309.74002468069983, 157.17230430273554, 96.933888923737, 38.409538660618566, 65.71330125373652, 1.0, 0.0, 5.0, 1.0, 0.0, 0.0, 1767.0, 2027.0, 699.0, 572.0, 143.0, 242.0, 57751.834968403964, 3.4679278139236804, 43302.049989493906, 3.442545678801059, 23570.510790711643, 3.432971572742347, 16195784.459999999, 17091911.069999997, 5276306.639999999, 11303138.0, 6259212.0, 7033125.0]
[296.63440860215053, 325.35483870967744, 204.61290322580646, 107.34408602150538, 49.075268817204304, 72.0, 228.7502333069011, 255.39520292562142, 165.59898079515077, 92.21471808203418, 42.47281395432484, 63.0322553728748, 4.0, 3.0, 1.0, 2.0, 0.0, 1.0, 947.0, 1107.0, 842.0, 359.0, 181.0, 234.0, 58378.17855844511, 3.327401640691894, 73613.46823636646, 3.3008411822274097, 22071.08058715091, 3.263433571017097, 12087495.510000002, 14736262.919999998, 5967342.209999999, 9318710.0, 6585478.0, 5791131.0]
[266.0, 299.44086021505376, 210.78494623655914, 118.21505376344086, 44.215053763440864, 77.64516129032258, 268.9404734525273, 276.1277847839416, 183.99987295968947, 95.77462783085289, 36.03948603309552, 64.99208064821877, 1.0, 9.0, 2.0, 3.0, 2.0, 1.0, 1247.0, 1668.0, 845.0, 433.0, 167.0, 273.0, 50964.19531268132, 3.2124851420832776, 57050.3815753913, 3.3522705618045987, 27825.190277627393, 3.458691207550428, 12308153.82, 14278766.16, 6739491.449999997, 9108991.0, 5630314.0, 6571826.0]
[282.9569892473118, 316.97849462365593, 215.63440860215053, 111.96774193548387, 41.18279569892473, 79.7741935483871, 236.74724707910016, 321.92643564527975, 188.45843648253035, 98.90701074339243, 35.35993379781795, 67.8723432552769, 17.0, 7.0, 3.0, 0.0, 0.0, 1.0, 1154.0, 2049.0, 1012.0, 461.0, 157.0, 280.0, 51337.67564834993, 3.3241775434055145, 84609.73793992108, 3.449524321452121, 35726.45301704485, 3.3069289771083623, 11720366.85, 17557264.47, 7060427.940000001, 9150370.0, 6703008.0, 5788209.0]
[281.3225806451613, 305.02150537634407, 205.19354838709677, 124.12903225806451, 42.69892473118279, 78.05376344086021, 225.24103810238887, 280.9830560609685, 147.32736825242327, 95.93988446196417, 33.60181961501378, 66.94747545186608, 0.0, 9.0, 11.0, 2.0, 0.0, 3.0, 993.0, 1330.0, 706.0, 354.0, 127.0, 237.0, 41902.33033107978, 3.45710681142773, 62136.69316286512, 3.2911379361253177, 13865.28514760877, 3.5139538017124243, 11185786.110000005, 14801955.33, 5498718.930000001, 9321051.0, 5948792.0, 5469489.0]
[355.9139784946237, 340.258064516129, 200.05376344086022, 110.34408602150538, 51.516129032258064, 84.04301075268818, 277.1179177641822, 332.3812603683295, 184.91521944507892, 89.57417312941608, 48.72786295674166, 71.85899749698449, 16.0, 6.0, 3.0, 1.0, 1.0, 0.0, 1276.0, 1616.0, 1140.0, 393.0, 207.0, 318.0, 66707.03779352632, 3.469039180798648, 71901.96726423, 3.472092053949971, 44616.76503137184, 3.425599036170533, 17526623.759999998, 19465865.34, 6387067.949999999, 13268031.0, 7968765.0, 7770633.0]
[241.30107526881721, 316.5698924731183, 157.3548387096774, 116.16129032258064, 35.61290322580645, 78.33333333333333, 179.15573653560145, 230.9827491135037, 150.1804454619791, 98.03551822222178, 25.540263293246586, 65.77569481948106, 8.0, 8.0, 2.0, 0.0, 0.0, 1.0, 957.0, 1274.0, 794.0, 496.0, 111.0, 233.0, 35904.79035742231, 3.4601621409109464, 52786.98255256316, 3.258179477993955, 17897.179394871953, 3.367663300764372, 7782185.129999999, 13232610.090000002, 4071274.0199999996, 8044537.0, 4557937.0, 4190728.0]
[295.5, 349.1489361702128, 201.98936170212767, 143.18085106382978, 43.638297872340424, 86.20212765957447, 267.3579916496321, 266.428426808701, 181.6535456254512, 154.88274876801023, 41.93180614955766, 61.51083124959202, 1.0, 4.0, 3.0, 1.0, 1.0, 1.0, 1295.0, 1350.0, 1129.0, 687.0, 202.0, 265.0, 96029.66787914302, 2.988198725407817, 79073.93820927753, 3.39593167108099, 20548.7523015517, 3.4288786018057857, 13964424.740000002, 16976954.6, 6489747.779999998, 12868641.0, 8073789.0, 6469880.0]
[204.6236559139785, 231.4731182795699, 205.53763440860214, 143.3763440860215, -52.44086021505376, 196.6451612903226, 1578.0246727143349, 1047.9986059503449, 349.15956733213045, 137.19693192621793, 891.2040397609343, 1160.2975971815358, -13241.0, -9445.0, 1.0, 0.0, -8550.0, 1.0, 6754.0, 1534.0, 3151.0, 645.0, 127.0, 11250.0, 1104375.332084779, 3.526302054131974, 960310.061542092, 3.74235973960456, 109758.85181394141, 3.5890420392686826, 216679658.39999998, 98604757.53, 14084657.490000002, -55601827.0, -23662050.0, 24228261.0]
[263.4516129032258, 278.3763440860215, 172.05376344086022, 118.03225806451613, 40.645161290322584, 67.36559139784946, 215.8309279993623, 239.2284661145753, 139.77204777402181, 125.09348257558906, 33.872409306129434, 54.408636012532725, 5.0, 7.0, 1.0, 1.0, 1.0, 1.0, 1216.0, 1432.0, 732.0, 651.0, 159.0, 250.0, 38808.69319242411, 3.4665718836043258, 100865.15532067468, 3.4844045950630553, 18707.233153655154, 3.3762562150903674, 9988630.590000004, 11599024.170000002, 4231839.45, 6780509.0, 4733627.0, 4642358.0]
[305.4301075268817, 359.21505376344084, 186.5268817204301, 116.95698924731182, 53.333333333333336, 63.956989247311824, 317.2357646735812, 246.43478939284302, 152.08911799664278, 134.75355234314867, 49.89409073081774, 58.200163225995276, 1.0, 13.0, 1.0, 0.0, 1.0, 0.0, 1694.0, 1117.0, 763.0, 600.0, 223.0, 240.0, 87895.09832330253, 3.2927944196681893, 79283.96796844728, 3.019320087286783, 27662.283412229695, 3.346410522231317, 16679072.910000002, 16356344.31, 4988280.99, 11094287.0, 6115225.0, 6390906.0]
[287.67021276595744, 312.9468085106383, 184.60638297872342, 139.06382978723406, 44.276595744680854, 77.02127659574468, 303.9846978427284, 239.3749641970282, 134.02673606532713, 130.7976199604777, 38.75076253299519, 54.94356414871111, 8.0, 20.0, 6.0, 2.0, 0.0, 0.0, 1562.0, 1402.0, 586.0, 657.0, 174.0, 245.0, 76834.52784615748, 3.384033796587975, 88856.58603129955, 3.320995680613873, 14890.127536896669, 3.383262870215351, 15390350.219999997, 13662797.539999997, 4581606.06, 10679328.0, 5799856.0, 5777732.0]
[263.505376344086, 320.5268817204301, 175.2688172043011, 132.93548387096774, 46.0, 81.70967741935483, 252.513134555323, 232.94114723222748, 139.2933360702722, 133.03454981545312, 40.49476616745085, 64.40591058569913, 3.0, 1.0, 2.0, 3.0, 0.0, 1.0, 1209.0, 1149.0, 624.0, 648.0, 150.0, 265.0, 44877.597356824495, 3.4781392236718514, 35345.78577057129, 3.453244689236393, 15152.376784340171, 3.4738717316285292, 11460992.639999997, 13528385.43, 4316989.32, 9415085.0, 6000499.0, 4591819.0]
[283.25531914893617, 458.4255319148936, 259.6489361702128, 77.23404255319149, 15.138297872340425, 50.148936170212764, 423.21132615314735, 1401.1998122144155, 797.2508099234439, 818.1045681451982, 205.32505574698308, 741.9353645071672, -1348.0, 1.0, 1.0, -7648.0, -1348.0, -5850.0, 3151.0, 12159.0, 6756.0, 573.0, 139.0, 4052.0, 73189.21695612611, 3.3352870378059642, 69872.52220275666, 2.2288660490051244, 29803.50207747897, 2.849068053176575, 22747044.96, 190206215.72000003, 61521942.50000001, 36250560.0, 113679753.0, 20058524.0]
[304.96774193548384, 319.1505376344086, 184.65591397849462, 154.3978494623656, 44.18279569892473, 80.23655913978494, 293.6851113016806, 273.5968529820186, 171.67110203650267, 155.17410556791742, 41.196228783860235, 60.101797312607076, 1.0, 1.0, 0.0, 0.0, 0.0, 0.0, 1208.0, 1425.0, 936.0, 877.0, 191.0, 227.0, 119635.04312720003, 3.254791085549098, 85048.5337260717, 3.407618309474123, 29094.2469392382, 3.4328632194535826, 15423661.260000002, 15214231.769999996, 5470655.249999999, 10366673.0, 5963196.0, 5703310.0]
[300.2903225806452, 292.40860215053766, 202.13978494623655, 138.78494623655914, 55.56989247311828, 67.49462365591398, 271.90261926257966, 253.5288439365576, 168.42574104862754, 148.39202262795882, 53.09515613898404, 57.26210212999481, 8.0, 3.0, 2.0, 5.0, 0.0, 0.0, 1283.0, 1398.0, 894.0, 652.0, 223.0, 244.0, 92056.28573601569, 3.569939073071122, 71053.19071788258, 3.4825039989722235, 27894.83989456106, 3.4630762365987326, 14124712.59, 12894665.759999998, 5961124.23, 10510336.0, 5922593.0, 6333951.0]
[220.30107526881721, 203.01075268817203, 289.61290322580646, -156.8494623655914, 33.236559139784944, -244.88172043010752, 757.4494786559843, 994.6676470781547, 1700.4924991988928, 1712.3135629789494, 1388.9440421151467, 1825.6655358803694, -4050.0, -5842.0, -8548.0, -13045.0, -11250.0, -13045.0, 3166.0, 4963.0, 13061.0, 579.0, 5850.0, 279.0, 1233137.2902044144, 3.710674603572857, 2281606.6905050264, 3.690242998539828, 6826477.94866342, 3.7676917406031043, 53285895.65999999, 88214504.57999998, 254666094.3, 67581318.0, 14997328.0, 2196932.0]
