[738.1290322580645, 527.8602150537635, 573.8172043010753, 299.5376344086022, 327.4301075268817, 401.98924731182797, 801.7169513776213, 466.91656436012875, 454.55415199082614, 231.50634131326987, 612.0985711654737, 967.2503890412836, 10.0, 9.0, 4.0, 0.0, 0.0, 3.0, 3898.0, 2884.0, 2151.0, 854.0, 4818.0, 8951.0, 565420.4620882509, 3.431997973247584, 224765.48060600535, 3.405564002421886, 191943.23293433123, 3.5159239924272767, 102116429.15999998, 42752290.64999999, 46156594.71, 42884751.0, 30724681.0, 49108950.0]
[749.8279569892474, 609.4086021505376, 588.6559139784946, 204.95698924731184, 228.1720430107527, 321.3440860215054, 624.7200176993363, 428.5883358939311, 428.55197276571226, 138.13886475591954, 149.90653781432079, 173.79100983800706, 26.0, 26.0, 6.0, 8.0, 0.0, 4.0, 2557.0, 1931.0, 1973.0, 644.0, 569.0, 874.0, 348135.552159901, 3.1948351837011937, 178161.41866677935, 3.422651593107795, 183976.64580723268, 3.219295001892162, 82020245.16000001, 47836898.25, 45683825.49, 48274908.0, 30534757.0, 36202342.0]
[555.0215053763441, 777.1075268817204, 496.40860215053766, 110.24731182795699, 212.6451612903226, 213.9247311827957, 473.89461721794646, 611.8021394842559, 395.27767445834667, 76.66707471891735, 133.7277933748165, 105.01254961847467, 4.0, 1.0, 1.0, 0.0, 6.0, 4.0, 1982.0, 3282.0, 2038.0, 335.0, 499.0, 543.0, 259566.8564904736, 3.3000825782106995, 426356.55162227503, 3.4431304439719805, 180699.54560373223, 3.5277194509215613, 45857878.71000001, 84256241.36999997, 34681269.839999996, 49998709.0, 36765184.0, 21522891.0]
[698.0967741935484, 461.9247311827957, 776.0645161290323, 184.9247311827957, -81.96774193548387, 51.774193548387096, 847.1121026440378, 1741.1345016881028, 2017.24432034554, 1921.6258075580236, 1466.8987950895123, 1671.269701708413, -3148.0, -10303.0, -7630.0, -13048.0, -10345.0, -13034.0, 4979.0, 4406.0, 13075.0, 10355.0, 513.0, 5858.0, 320035.9110184869, 3.458796346182793, 837901.9288365355, 3.465273865892116, 322029.65417302004, 3.4619958346796063, 103547722.41, 277834119.45, 400258001.64000005, 42422128.0, -95187470.0, 75906506.0]
[932.4408602150538, 679.7311827956989, 602.741935483871, 170.9784946236559, 219.09677419354838, 267.76344086021504, 856.1372231330878, 685.4837729945203, 517.6598451565637, 132.95193463728222, 152.20488654928613, 163.71790411302678, 7.0, 4.0, 12.0, 0.0, 1.0, 4.0, 4957.0, 2879.0, 2776.0, 530.0, 577.0, 921.0, 590192.8206330582, 3.4377225641586393, 405562.98591777997, 3.420492521044961, 319920.86597431015, 3.5723408352463637, 137911374.93, 80164979.78999999, 54349290.20999999, 86017646.0, 32073777.0, 59319447.0]
[881.8064516129032, 587.6774193548387, 642.4301075268817, 275.0752688172043, 213.65591397849462, 259.19354838709677, 908.1215832463869, 444.1081967976194, 483.5769665337099, 190.26864512184616, 150.82357204072233, 136.97915249699068, 8.0, 0.0, 0.0, 4.0, 8.0, 9.0, 3879.0, 1845.0, 2404.0, 774.0, 635.0, 864.0, 877638.5465946982, 3.1772126220626884, 181584.076729518, 3.239113607652103, 247594.3432443903, 3.327159274244292, 137813152.98, 46745774.82000001, 55703767.319999985, 61833056.0, 33342132.0, 61921817.0]
[782.6881720430108, 686.5268817204301, 654.0322580645161, 268.96774193548384, 227.32258064516128, 319.258064516129, 801.5962197593573, 569.2622531456614, 468.70541994651296, 167.31131173672364, 147.0024520122563, 176.20583956331635, 1.0, 30.0, 18.0, 5.0, 1.0, 0.0, 4632.0, 2483.0, 2185.0, 573.0, 560.0, 792.0, 621631.9581129827, 3.2416456785617838, 347633.171431922, 3.3270568800164657, 199584.41614745816, 3.2566510913181954, 107960975.10000001, 68490926.00999999, 55793035.22999998, 52935863.0, 35327631.0, 42449132.0]
[736.1720430107526, 826.010752688172, 674.5806451612904, 116.48387096774194, 150.38709677419354, 441.9139784946237, 658.7547644189709, 826.0392860252084, 437.8031948803084, 450.2627883151955, 645.7933447934587, 1333.0602146932938, 1.0, -3145.0, 10.0, -4032.0, -5849.0, 3.0, 3727.0, 3582.0, 2156.0, 472.0, 536.0, 13055.0, 408953.4721662989, 3.286033799405781, 774465.2195267224, 3.540657469597889, 157073.1738616132, 3.348653616101272, 84002625.71999998, 117392675.19, 55757482.25999997, 72902101.0, 43175948.0, 41497741.0]
[764.7659574468086, 1038.7021276595744, 795.9468085106383, 116.75531914893617, 222.17021276595744, 305.531914893617, 703.5337597348886, 1159.3726968076105, 622.4078869884313, 100.43140131080462, 159.2014776973804, 157.15294256737315, 11.0, 5.0, 3.0, 0.0, 3.0, 10.0, 3146.0, 5169.0, 3189.0, 420.0, 577.0, 809.0, 567831.895413944, 3.5754391918145028, 1310262.5342208745, 3.311573063136934, 479663.9707626258, 3.4104649978418693, 94948226.88, 212836950.72, 89844599.33999999, 108605207.0, 83198196.0, 56567369.0]
[860.4623655913979, 920.1290322580645, 704.516129032258, 188.8279569892473, 83.3763440860215, 177.94623655913978, 1010.3261371752985, 1289.489216585949, 1413.1641925350052, 783.6339488126139, 1429.539017473043, 1171.4191909778147, 23.0, -5624.0, -11475.0, 1.0, -13485.0, -10845.0, 8556.0, 4912.0, 3061.0, 7635.0, 552.0, 1389.0, 1543005.390455769, 3.6939787261582397, 2108969.7035287004, 3.569832246250307, 3409883.456885524, 3.7588459484356287, 151372937.06999996, 215493337.37999997, 213794850.47999996, 26943671.0, 137288395.0, -30828874.0]
[996.8924731182796, 907.4516129032259, 889.1505376344086, 134.94623655913978, 217.72043010752688, 280.44086021505376, 847.7904589138396, 988.528446470341, 592.8190380501522, 87.77297365454142, 161.9824444051428, 140.6280526134835, 33.0, 9.0, 14.0, 2.0, 2.0, 3.0, 4114.0, 4790.0, 2557.0, 318.0, 565.0, 758.0, 808117.9581132451, 3.428023233055083, 960071.689655029, 3.1400938759079544, 334705.26224678016, 3.217597087916505, 147449430.74999994, 154830031.64999998, 98446743.08999999, 106475932.0, 71426352.0, 81278296.0]
[950.4086021505376, 875.6344086021505, 805.483870967742, 236.90322580645162, 216.95698924731184, 343.6774193548387, 854.9270530356115, 909.2866146044555, 645.641282368078, 276.55088628835085, 147.18982966242683, 206.809519653605, 3.0, 1.0, 17.0, 0.0, 6.0, 6.0, 4183.0, 4243.0, 2729.0, 1728.0, 590.0, 1098.0, 684171.7942505699, 3.3593397349820933, 845098.7051343427, 3.3304663048388177, 438871.9314553015, 3.2703194994648195, 140660212.20000002, 137056155.3, 91780995.05999999, 110878319.0, 55361809.0, 67830890.0]
[964.3870967741935, 576.3010752688172, 705.7956989247311, 364.21505376344084, 207.93548387096774, 336.258064516129, 1824.5064671103112, 1467.6934268861867, 1390.2841167181227, 260.5131161457412, 149.85803473632993, 171.76949311731232, -13185.0, -12165.0, -10966.0, 0.0, 3.0, 6.0, 6343.0, 2798.0, 3617.0, 1045.0, 661.0, 794.0, 997238.4196455864, 3.3077198918334823, 355594.1631547258, 3.5116283091353653, 416223.3891400836, 3.008535574022312, 365253541.92, 213032161.2, 208462845.20999995, 238874287.0, 189510743.0, 246429828.0]
[868.6129032258065, 928.0537634408602, 802.9462365591398, 235.89247311827958, 224.46236559139786, 298.7096774193548, 865.1007987544631, 867.8560335125642, 605.5280190550084, 172.62414955025162, 153.50729759878612, 159.55826117652893, 7.0, 3.0, 10.0, 1.0, 14.0, 0.0, 3435.0, 4290.0, 2697.0, 708.0, 618.0, 920.0, 668947.8683105252, 3.3433111085787113, 623509.9065789973, 3.284868947768029, 297240.83855251805, 3.3533643963892104, 129288751.58999997, 138934010.37000006, 87133850.16, 103219353.0, 71736810.0, 59908409.0]
[533.6774193548387, 824.1397849462365, 586.5591397849462, 124.10752688172043, 218.69892473118279, 297.31182795698925, 1472.8243066601392, 1602.415687203419, 891.8326205599927, 140.95092133554482, 167.4700352786209, 171.11602842710477, -12465.0, -12195.0, -6485.0, 0.0, 0.0, 19.0, 2510.0, 3906.0, 2880.0, 1252.0, 1204.0, 1005.0, 4460223.32036192, 3.797159904737485, 4963883.026296806, 3.750517949075771, 1510092.5450919678, 3.703374853080459, 210231084.89999998, 278440055.36999995, 97808490.59999998, 218593400.0, 135828783.0, 121704428.0]
[845.8510638297872, 866.0531914893617, 650.7021276595744, 126.69148936170212, 207.98936170212767, 284.29787234042556, 664.0772068963715, 817.6782021685137, 433.9788119744283, 91.17842918308905, 146.51496269737044, 127.6069932511819, 10.0, 0.0, 4.0, 2.0, 0.0, 21.0, 3045.0, 3355.0, 1635.0, 451.0, 518.0, 637.0, 498559.3874263815, 3.1224976204776, 664086.7810554833, 3.0390551645843633, 176251.36885703387, 3.373388136824236, 101770493.08, 124723058.7, 53877269.36000001, 84884631.0, 48332547.0, 51013807.0]
[773.8936170212766, 704.5531914893617, 668.4148936170212, 295.4148936170213, 195.0744680851064, 339.74468085106383, 877.7914669947025, 578.1193205153636, 482.8499045391118, 270.81225530846524, 137.13436150196907, 172.37692733927386, 12.0, 4.0, 30.0, 3.0, 0.0, 28.0, 4249.0, 2789.0, 2724.0, 1431.0, 513.0, 1143.0, 817342.7035496299, 3.4431311346256397, 342934.90031345806, 3.336887077065428, 318554.80921774526, 3.5357457896209725, 120278476.44, 73079162.6, 59858796.74000001, 67808521.0, 41699632.0, 53232629.0]
[817.0744680851063, 626.8085106382979, 648.5531914893617, 310.3936170212766, 186.59574468085106, 310.8404255319149, 919.2624467516218, 473.83340107025066, 445.908462977881, 209.4762140671221, 140.2389910308594, 140.05677060879765, 23.0, 34.0, 11.0, 0.0, 2.0, 37.0, 3576.0, 2213.0, 1893.0, 814.0, 563.0, 700.0, 979942.4932801292, 3.4210869081971853, 200842.2890468277, 3.527781986336788, 188081.9146683758, 3.398353902353329, 132863778.30000001, 54343035.60000001, 54548192.480000004, 56715985.0, 37622900.0, 48999743.0]
[770.2795698924731, 725.2150537634409, 642.2150537634409, 182.51612903225808, 211.94623655913978, 367.1290322580645, 685.4388528462019, 685.7079307494264, 480.3556619264875, 117.66686697984585, 137.95347085721377, 253.9679124633855, 5.0, 19.0, 4.0, 5.0, 2.0, 11.0, 3473.0, 2804.0, 2605.0, 618.0, 565.0, 1580.0, 436210.28766790894, 3.0820867788383453, 423999.1948377222, 3.305309054576716, 158868.11208979212, 3.1769410332145975, 91515513.53999998, 85718195.78999999, 55414198.80000001, 69357670.0, 40322119.0, 42257431.0]
[811.7204301075269, 1081.7956989247311, 767.1505376344086, 93.08602150537635, 245.67741935483872, 401.55913978494624, 634.342356570128, 1127.7272889498458, 618.813081039834, 66.59067957924456, 451.6430911319036, 241.75294892161185, 52.0, 11.0, 5.0, 1.0, 6.0, 21.0, 2931.0, 6207.0, 3199.0, 306.0, 4207.0, 1057.0, 322642.9896869926, 3.370938716856926, 1700260.2947115833, 3.228026677637468, 346672.0502994627, 3.2859348462690683, 91415908.68, 210030226.29, 83664549.33000001, 86428448.0, 85112581.0, 60430735.0]
[687.010752688172, 775.2043010752689, 528.3225806451613, 132.93548387096774, 197.10752688172042, 334.258064516129, 535.2098226218844, 689.6316527705487, 394.57762671787583, 143.7176282228161, 143.77499498125772, 173.20840069155486, 12.0, 1.0, 5.0, 0.0, 1.0, 10.0, 2659.0, 2794.0, 1727.0, 813.0, 529.0, 817.0, 227093.80594358177, 3.3424323798248476, 459209.9862901853, 3.3755603304819943, 138267.5978039617, 3.0366260208854725, 65330500.49999999, 92667084.18, 37462464.6, 61305069.0, 33955007.0, 34880006.0]
[755.6021505376344, 650.6881720430108, 601.3655913978495, 320.9569892473118, 187.9247311827957, 363.01075268817203, 748.1664273668014, 529.3913851423412, 476.57265482286977, 303.3615977666463, 127.37382815599025, 204.87745513416888, 1.0, 4.0, 1.0, 3.0, 3.0, 0.0, 4044.0, 2617.0, 2266.0, 1579.0, 476.0, 1124.0, 556012.2203306712, 3.2762193187035953, 271537.74548793305, 3.44053119939486, 297225.58345172694, 3.40556939220989, 97272601.35000001, 60598080.17999998, 50710808.42999999, 51419573.0, 28375415.0, 44813509.0]
[963.6666666666666, 676.6021505376344, 738.7311827956989, 334.1720430107527, 191.76344086021504, 387.31182795698925, 948.2485380189481, 462.30634347012403, 530.858536379984, 216.66792983412847, 138.62032897603112, 226.5160028176637, 3.0, 1.0, 0.0, 3.0, 3.0, 0.0, 3701.0, 2095.0, 2163.0, 787.0, 507.0, 1085.0, 1186718.6133983033, 2.9263460029680894, 184919.4459203747, 3.410559261520408, 261655.1422318141, 3.32665252670693, 157252674.20999998, 57880793.15999998, 71311378.85999997, 67396706.0, 49206439.0, 67495573.0]
[790.8172043010753, 759.4516129032259, 642.0430107526881, 192.90322580645162, 200.27956989247312, 349.752688172043, 661.4557881678826, 639.7496201152352, 428.2971315717349, 129.86071673277735, 132.02020313041334, 183.19819725202223, 7.0, 27.0, 25.0, 2.0, 1.0, 12.0, 2799.0, 3214.0, 2145.0, 502.0, 540.0, 935.0, 437879.2617675986, 2.9831077143203033, 576599.5075879656, 3.4771713595142884, 243427.0318734341, 3.3325147357618214, 91524674.03999999, 84902516.97000001, 51347833.31999999, 68086785.0, 40805656.0, 44004024.0]
[654.2688172043011, 864.2795698924731, 809.8172043010753, -290.31182795698925, 432.48387096774195, 764.1505376344086, 1283.3514051598493, 2139.7117307142885, 1530.1158946318878, 1810.7085088109343, 1617.2152905326734, 2258.125785701191, -4040.0, -9408.0, -3992.0, -12148.0, -2239.0, -5841.0, 7698.0, 13094.0, 10359.0, 505.0, 12151.0, 13065.0, 2140312.2474282775, 3.629061347897934, 6836454.91572964, 3.4356602919710233, 3518265.674555839, 3.4912626172210866, 177940109.42999998, 456331248.65999997, 257038227.63, 2178692.0, -2226775.0, -21523709.0]
[785.6344086021505, 694.6451612903226, 659.7204301075269, 80.74193548387096, 208.4516129032258, 367.13978494623655, 664.4093942374726, 546.5025288370086, 554.1668710696422, 1268.5683809029167, 176.60860164985763, 365.72440299142124, 15.0, 3.0, 5.0, -11860.0, 1.0, 1.0, 3113.0, 2478.0, 2647.0, 1051.0, 1363.0, 3159.0, 428463.0070748291, 3.352090181932652, 265861.08153408533, 3.338683512612834, 260363.75518084766, 3.058551843441579, 91153073.94, 67287962.64000002, 63918687.959999986, 64066958.0, 40064783.0, 52526587.0]
[874.9569892473119, 637.1827956989247, 671.7741935483871, 328.98924731182797, 232.74193548387098, 365.5698924731183, 991.1825931242819, 500.58400559478173, 553.4169378984304, 230.622621096422, 359.54862715287555, 233.67709966911804, 15.0, 9.0, 8.0, 2.0, 2.0, 15.0, 5644.0, 2587.0, 2866.0, 1464.0, 3399.0, 1630.0, 936461.3182974786, 3.459821880408397, 267342.29034678487, 3.2982467601897936, 342997.37936395913, 3.5193102224393806, 150270213.75, 56555102.34000002, 65235743.730000004, 53841147.0, 41679578.0, 65683685.0]
[853.2043010752689, 751.6774193548387, 691.6451612903226, 239.32258064516128, 206.01075268817203, 360.6989247311828, 742.8429461131036, 631.161974685516, 488.70776021545913, 155.30504074312722, 148.70005516092485, 192.83416985598953, 3.0, 6.0, 8.0, 1.0, 3.0, 6.0, 2957.0, 2971.0, 2076.0, 717.0, 568.0, 967.0, 525625.2328412929, 3.1424630151685564, 397867.4963374087, 3.223407981777528, 210370.657457477, 3.2170046194878563, 110174397.41999997, 82952635.26, 61809229.41, 66678636.0, 51066796.0, 49263633.0]
[771.505376344086, 838.5376344086021, 650.0752688172043, 127.40860215053763, 193.86021505376345, 344.8709677419355, 541.0153422170753, 711.229929175659, 430.0252832950928, 93.5849110560704, 136.78327759776786, 183.24242826794114, 2.0, 25.0, 24.0, 2.0, 10.0, 10.0, 1956.0, 3361.0, 1760.0, 397.0, 490.0, 789.0, 258696.14526615912, 3.332769707284242, 427074.2808982277, 3.2675023229015974, 165769.29267326562, 3.0923879823460028, 76523831.70000002, 104095398.48, 52372392.92999999, 66842318.0, 50911062.0, 42327688.0]
[726.2688172043011, 883.0645161290323, 626.989247311828, 95.19354838709677, 196.58064516129033, 323.8709677419355, 547.3669212850408, 987.5322207891621, 450.06599744597014, 67.63541297544539, 151.24766060574188, 178.54510000255638, 4.0, 1.0, 4.0, 3.0, 0.0, 2.0, 2503.0, 4473.0, 2127.0, 329.0, 637.0, 898.0, 257191.78673767758, 3.4868430159622643, 659312.720340655, 3.445060175161096, 144081.03110273258, 3.4461554825142353, 71255246.85, 150884969.78999996, 51331543.440000005, 69028896.0, 60611949.0, 45747516.0]
[744.3936170212766, 727.8723404255319, 590.5425531914893, 180.25531914893617, 191.60638297872342, 346.3404255319149, 556.9706700272892, 550.9790549664006, 373.20511425962553, 182.14746100906152, 140.93224316358751, 168.2299727294401, 35.0, 33.0, 1.0, 1.0, 1.0, 41.0, 2734.0, 2138.0, 1524.0, 1042.0, 455.0, 765.0, 291907.93406143616, 3.1876142136795185, 261383.94469748062, 3.3072068824807754, 138641.4503697293, 2.820039158537388, 76081318.62, 73351745.67999999, 42990748.66, 60266096.0, 33038499.0, 39924204.0]
[885.516129032258, 610.3870967741935, 751.9677419354839, 454.8494623655914, 386.3763440860215, 205.80645161290323, 1092.661903364034, 1363.4948783585357, 1644.610449789494, 1746.313327545107, 1438.8406407362545, 1221.6444659811102, -2230.0, -10347.0, -6743.0, -5828.0, -4041.0, -10350.0, 6767.0, 4960.0, 13074.0, 12152.0, 11254.0, 1279.0, 756221.0339892884, 3.385685923808131, 393986.4949125933, 3.4918169259431098, 330783.8005291827, 3.441321456641062, 169971108.69, 191289947.88, 280324101.45000005, 86953716.0, -10143788.0, -39790638.0]
[609.3655913978495, 464.81720430107526, 547.7096774193549, 484.59139784946234, 260.78494623655916, 254.01075268817203, 632.828412504325, 322.30356154990176, 371.6150293166643, 964.4433879813013, 372.5877442458693, 1502.033596094364, 6.0, 2.0, 11.0, 1.0, 2.0, -13139.0, 3156.0, 1238.0, 1597.0, 8315.0, 3538.0, 2521.0, 413963.85287459753, 3.3869183083567878, 102815.09969576902, 3.1479599539317906, 148699.78470673048, 3.412399944308677, 66380389.59000001, 27574537.19999999, 37761421.469999984, 30365017.0, 24297704.0, 31971765.0]
[918.1914893617021, 600.7765957446809, 661.1489361702128, 158.0531914893617, 119.5, 216.7872340425532, 1208.0569957055116, 576.0257266181094, 514.453294899804, 1221.1426991813437, 943.6047759090029, 1127.9326494834527, 2.0, -3045.0, 3.0, -11415.0, -8805.0, -10425.0, 9435.0, 1998.0, 2363.0, 791.0, 695.0, 1185.0, 2802103.182515996, 3.631572576521428, 537216.431664783, 3.5965780665173908, 318971.1148108953, 3.5420776009942916, 202075058.04000005, 60898446.13999999, 61760507.92, 25627821.0, 35548406.0, 75218082.0]
[711.3936170212766, 803.1276595744681, 616.0851063829788, 175.35106382978722, 212.06382978723406, 282.06382978723406, 674.0329945991382, 748.4778565912065, 467.6252442106894, 125.10268534518565, 153.54946024706265, 155.72541373873358, 23.0, 2.0, 0.0, 1.0, 2.0, 0.0, 3282.0, 3858.0, 2085.0, 446.0, 592.0, 729.0, 433392.42745713395, 3.3555251153395362, 416087.8905489673, 3.3096348557647275, 215003.98500500707, 3.496646235801683, 84434002.58000001, 105967794.24000001, 52654423.36000001, 78048593.0, 53141945.0, 45811388.0]
[581.9784946236559, 768.6344086021505, 653.516129032258, 110.87096774193549, 202.65591397849462, 342.494623655914, 480.9854688778261, 863.3194378946054, 507.3022341782501, 81.87559834583243, 147.68131778344, 199.8503583475654, 4.0, 13.0, 14.0, 6.0, 3.0, 8.0, 2242.0, 4731.0, 2517.0, 312.0, 633.0, 1383.0, 222557.0539480972, 3.272073846989038, 811174.110716508, 3.322387085624092, 289646.1760119137, 3.3888676080578146, 49088124.9, 114867810.75, 58957778.73000001, 53718313.0, 55171476.0, 36597759.0]
[537.5473684210526, 791.6842105263158, 523.2, 186.55789473684212, 216.1578947368421, 244.83157894736843, 587.9247268439136, 1151.8553789906712, 895.1826344027068, 870.9992881227943, 184.4172140733737, 1023.8737419319306, -3143.0, -5827.0, -6750.0, 1.0, 5.0, -9442.0, 1708.0, 5178.0, 2301.0, 8554.0, 1354.0, 1184.0, 250333.280837391, 3.5596691882391056, 1309493.4680119886, 3.371625368448707, 617228.6037214654, 3.5568812898071345, 56945419.64999998, 175046074.7, 96265605.19999999, 71074747.0, 89184155.0, 53150967.0]
[889.0752688172043, 680.4301075268817, 805.4086021505376, 9.720430107526882, 375.0967741935484, 278.1182795698925, 974.3493507549041, 1082.3566718834602, 1214.7881478978238, 1407.803711657394, 1264.3697438758215, 879.2552907390777, -2224.0, -6733.0, 25.0, -11859.0, 3.0, -7644.0, 4603.0, 3976.0, 11286.0, 794.0, 12163.0, 2270.0, 1029425.7951541825, 3.3666767776930175, 722860.4316069126, 3.4423570950344597, 709539.8585028292, 3.582225560262875, 149593394.16, 140276778.77999997, 182366362.59000003, 109344670.0, -22747504.0, 45910460.0]
[949.763440860215, 672.6774193548387, 794.516129032258, 316.18279569892474, 299.247311827957, 476.61290322580646, 1190.0602596895585, 738.4708519355962, 587.9592675351796, 220.7407955753298, 698.1937045273384, 788.1909947338418, -2240.0, -4012.0, 22.0, 0.0, 1.0, 6.0, 6621.0, 2312.0, 3522.0, 880.0, 6751.0, 7659.0, 1158897.7939592837, 3.3518772408223807, 516186.39247469296, 3.396253118679719, 301097.1104512953, 3.3068190419645553, 199192143.0, 85795506.69000001, 84175079.33999999, 94027548.0, 48947350.0, 68370449.0]
[762.7340425531914, 812.3829787234042, 738.5212765957447, 180.04255319148936, 290.6914893617021, 452.2340425531915, 699.4843750017966, 638.2439973374354, 451.4046828672493, 123.81471718362313, 584.9420893419958, 306.17011314542447, 4.0, 2.0, 16.0, 3.0, 1.0, 11.0, 3712.0, 2961.0, 2258.0, 454.0, 4230.0, 1410.0, 595032.0846547922, 3.2135588532883084, 425453.60363387293, 3.531493699261309, 180365.88604154214, 3.429668678752118, 94177315.02000001, 93925614.03999998, 66005992.540000014, 77757035.0, 61843760.0, 54132376.0]
[619.3763440860215, 841.2903225806451, 670.6774193548387, 89.27956989247312, 324.6666666666667, 433.4623655913978, 460.1551939050491, 969.5044406545067, 495.7957846009287, 56.30842194931139, 681.346354706961, 286.5743533209133, 1.0, 11.0, 2.0, 1.0, 2.0, 0.0, 2050.0, 4709.0, 2602.0, 246.0, 4077.0, 1279.0, 222504.21942409448, 3.5025354708613214, 971848.6561596539, 3.2607345479063654, 273539.7601565564, 3.3783084460205663, 51296618.220000006, 141636144.89999998, 59935710.92999999, 52931225.0, 58977298.0, 39933091.0]
[803.4623655913979, 858.4731182795699, 699.9247311827957, 127.23655913978494, 226.0, 448.2795698924731, 665.8853955308674, 889.9795868616247, 479.357954581804, 114.23121078963739, 371.79979418569036, 261.61415189048586, 7.0, 8.0, 3.0, 0.0, 1.0, 0.0, 3056.0, 4172.0, 2898.0, 417.0, 3433.0, 1216.0, 409787.635539649, 3.4292890892963883, 853075.2354526813, 3.193556511111061, 216611.46640486465, 3.4667587018846633, 93771364.32000002, 131510029.61999997, 62031309.68999999, 85252426.0, 53386528.0, 51795036.0]
[797.4731182795699, 409.8709677419355, 655.8494623655914, 412.39784946236557, 494.01075268817203, 803.6989247311828, 1075.7225235343376, 1991.9068711086131, 1187.7148496371597, 1675.3054046026882, 1428.4678512507853, 2055.9670039696343, -4036.0, -13038.0, -5839.0, -9429.0, -450.0, 2.0, 4448.0, 5251.0, 4984.0, 10377.0, 11264.0, 13070.0, 1622109.0548290114, 3.2174949574958003, 7919861.644028309, 3.3788461593811867, 2775236.46679451, 3.6902612687231175, 154012703.01000005, 354005630.88000005, 157899311.57999992, 126420201.0, 129456730.0, 51431416.0]
[843.5268817204301, 497.7741935483871, 1113.8172043010752, 110.01075268817205, 549.0967741935484, 359.3225806451613, 1251.6859377533642, 2381.6296901630026, 1877.0590082814022, 1724.6387428564233, 2623.8022570329535, 2292.424547908641, -4007.0, -10342.0, -7648.0, -11250.0, -13047.0, -13047.0, 4964.0, 5755.0, 11254.0, 7652.0, 12150.0, 11258.0, 809329.8458917947, 3.252008232391288, 1383800.6358420728, 3.0519014372859665, 513486.04004956724, 3.3070748747598024, 195589252.31999996, 506740426.4700001, 408756392.7900001, 66909229.0, -84237396.0, 156105026.0]
[708.1182795698925, 966.989247311828, 734.0430107526881, 120.25806451612904, 186.43010752688173, 419.247311827957, 568.5921945330981, 973.874528730067, 624.7091656188727, 88.46430172008299, 146.54524437490747, 268.0003510670145, 9.0, 4.0, 3.0, 0.0, 0.0, 4.0, 2401.0, 4717.0, 2705.0, 347.0, 556.0, 1421.0, 357577.3253507982, 3.050984753799274, 938463.7485771175, 3.0001382629404483, 393276.2972189345, 3.3354015075314623, 71030108.72999999, 162021856.50000003, 79993245.06, 73946663.0, 69811220.0, 44122189.0]
[788.2150537634409, 1017.4086021505376, 825.3978494623656, 124.76344086021506, 500.3225806451613, 473.752688172043, 618.3259983258861, 1135.6727582531166, 680.0932822812033, 90.92380922334901, 1251.9199443193531, 281.03270952723085, 1.0, 12.0, 15.0, 4.0, 2.0, 2.0, 3141.0, 6675.0, 4355.0, 386.0, 5679.0, 1348.0, 344885.52029877785, 3.3836421689538567, 1060012.6037518263, 3.187846253360392, 426642.9758402695, 3.4652737743425135, 86446665.72, 199878785.25, 98497845.66, 89827660.0, 84891104.0, 70858366.0]
[852.1397849462365, 760.4408602150538, 714.2688172043011, 241.30107526881721, 197.20430107526883, 414.98924731182797, 877.5614507332218, 674.9060234478638, 506.36960508293413, 271.16222422501505, 157.60576567056174, 254.7462289955845, 35.0, 4.0, 0.0, 1.0, 0.0, 0.0, 4038.0, 3533.0, 2129.0, 1406.0, 551.0, 1263.0, 798862.0688582932, 3.221378042796959, 460810.3482798041, 3.184667790912352, 240655.77195282883, 3.469291419902933, 128695002.38999999, 88987019.31000002, 66063918.029999994, 87600401.0, 48342940.0, 62599430.0]
[876.1935483870968, 879.7956989247311, 839.6129032258065, 361.23655913978496, 138.5483870967742, 463.31182795698925, 929.5197715003691, 1090.3289248337521, 769.2038802534179, 454.940856114226, 556.9902137171874, 622.1344741133688, -435.0, 13.0, 3.0, 2.0, -4950.0, 6.0, 4763.0, 9516.0, 5850.0, 4052.0, 584.0, 5859.0, 680064.4719605547, 3.148705498721978, 2454553.5303223357, 3.6745480281417877, 979134.1275503655, 3.682538079754422, 140324121.35999998, 168661956.99000004, 111594790.13999999, 73274975.0, 116733440.0, 61986244.0]
[870.468085106383, 863.6702127659574, 783.468085106383, 191.13829787234042, 380.1914893617021, 438.1914893617021, 761.9780103243132, 847.5374117196659, 608.1066103144428, 129.69481141857435, 884.3784559000313, 299.7017254335808, 1.0, 4.0, 44.0, 4.0, 6.0, 25.0, 4186.0, 4761.0, 2952.0, 532.0, 5465.0, 1701.0, 757305.9811054147, 3.38338124625852, 1050695.6686809147, 3.404390393321033, 488661.8408149045, 3.4186013655092085, 117708638.64000003, 128705547.3, 86564694.00000001, 96684383.0, 70638511.0, 66389323.0]
[628.6559139784946, 823.9354838709677, 628.1290322580645, 86.26881720430107, 189.80645161290323, 361.78494623655916, 465.8420961857946, 763.580749501857, 372.3777951222928, 55.97964299732115, 133.0788633516523, 185.94516778635284, 15.0, 24.0, 6.0, 0.0, 5.0, 5.0, 1905.0, 3936.0, 1514.0, 260.0, 461.0, 765.0, 183359.52434874992, 3.1857288063017015, 465607.0495308736, 2.810221381492993, 145020.55511055797, 3.0314369366441425, 52748840.190000005, 108601672.56, 45988486.980000004, 48600966.0, 43567155.0, 36942239.0]
[676.9784946236559, 861.505376344086, 653.3548387096774, 116.97849462365592, 181.9784946236559, 355.494623655914, 494.83143766984415, 845.6785624272627, 404.7682548226848, 95.97134745585171, 136.96444940953486, 167.17535857374133, 7.0, 7.0, 8.0, 2.0, 1.0, 3.0, 2101.0, 4708.0, 1925.0, 430.0, 471.0, 816.0, 226858.04587740483, 3.408447643401425, 645888.4702567274, 3.117000744693933, 147523.99114430216, 3.249447542294308, 60588420.27, 125382280.08, 50938129.260000005, 63270006.0, 48745307.0, 43182244.0]
[818.0957446808511, 749.4893617021277, 757.9468085106383, 295.97872340425533, 290.8085106382979, 401.6914893617021, 872.0254887903089, 678.0703764134522, 487.681201328788, 304.49905904911043, 560.7014860743014, 246.06678115301395, 39.0, 6.0, 20.0, 0.0, 0.0, 0.0, 5605.0, 3273.0, 2864.0, 1487.0, 4147.0, 1514.0, 521426.71830798005, 3.1278365524498186, 316978.9164786767, 3.0040085528867753, 158800.26866475365, 3.216691685777217, 125614293.38000001, 89828761.27999999, 71552706.94000001, 82233738.0, 49592994.0, 66920808.0]
[981.3440860215054, 647.6774193548387, 768.6666666666666, 402.9462365591398, 238.90322580645162, 429.741935483871, 1105.3756246734652, 446.4079378601731, 580.1899863750278, 266.3338606691673, 479.45569375291575, 268.7046181390574, 24.0, 31.0, 18.0, 1.0, 1.0, 0.0, 6036.0, 1779.0, 2573.0, 1277.0, 4584.0, 1466.0, 1055819.035703352, 3.33676823457914, 190529.470102154, 2.964187093449334, 309030.54954698856, 3.2667027101407204, 187834939.29, 53331748.38, 79903725.12000002, 55487548.0, 43027090.0, 75372037.0]
[861.494623655914, 720.483870967742, 904.6989247311828, 325.258064516129, 267.86021505376345, 433.6666666666667, 993.3649732497499, 627.7063944805798, 1188.5331732941115, 208.96930829491842, 599.2828067129011, 308.0330068894133, -2226.0, -2222.0, 30.0, 3.0, -1349.0, -444.0, 6045.0, 2370.0, 10362.0, 932.0, 4134.0, 1354.0, 867606.918132959, 3.3961910424521697, 392925.8533245418, 3.5052143684179127, 2544431.5206108326, 3.727334115369252, 148618922.49, 78608650.82999998, 191653353.74999997, 73365530.0, 40527366.0, 32359568.0]
[898.6451612903226, 912.8494623655914, 865.1182795698925, 199.6236559139785, 207.4516129032258, 415.5806451612903, 786.7975216739069, 863.326767525994, 538.0031891262834, 131.99126403721266, 161.8949280920668, 212.94198651585455, 39.0, 51.0, 13.0, 1.0, 12.0, 25.0, 3441.0, 3996.0, 2322.0, 496.0, 551.0, 995.0, 732596.7976516534, 3.1230181373142294, 860486.7976436921, 3.2807350956949004, 297401.22564822686, 3.3397213300740067, 122812081.86, 135842310.93, 89496801.6, 100706669.0, 69615356.0, 64632367.0]
[757.8279569892474, 907.8387096774194, 721.1290322580645, 98.49462365591398, 210.93548387096774, 335.4516129032258, 615.3565884501778, 923.6538535046391, 460.85646227635715, 66.37600791929624, 147.18280606484583, 192.68991287699563, 1.0, 4.0, 9.0, 0.0, 1.0, 7.0, 3462.0, 3674.0, 2091.0, 305.0, 536.0, 876.0, 364097.68002714776, 3.472990870791615, 916225.9829434068, 3.3088195380195153, 240472.24042691995, 3.5238580979379006, 82069953.66, 144276914.31, 63149117.609999985, 71598956.0, 55340318.0, 47653482.0]
[887.2903225806451, 976.1827956989247, 809.6344086021505, 122.0752688172043, 211.72043010752688, 363.0967741935484, 742.4676772447106, 950.2085691668889, 535.7547862381558, 92.66832353111963, 154.73141987154767, 211.07097840362536, 9.0, 10.0, 11.0, 3.0, 2.0, 2.0, 3874.0, 4657.0, 2509.0, 389.0, 612.0, 1114.0, 369712.1663607654, 3.291230352526699, 659122.3957704438, 3.1197919979900877, 261337.9033618999, 3.452723361771476, 115257859.25999999, 159670971.80999997, 81253435.97999997, 106313056.0, 74750084.0, 71538231.0]
[899.4193548387096, 830.9139784946236, 686.5591397849462, 169.3548387096774, 211.50537634408602, 259.247311827957, 829.0676445179463, 628.0746745950636, 465.68389312096184, 166.45045255474741, 138.89671042336786, 128.79379001316815, 11.0, 14.0, 16.0, 0.0, 1.0, 3.0, 3578.0, 3052.0, 2491.0, 898.0, 519.0, 806.0, 740503.6823113973, 3.2533652454073887, 412201.034551272, 3.2794460691553775, 286208.2600380693, 3.4491293924955935, 128776469.46000001, 93465776.55000001, 59322893.94, 78553923.0, 42689331.0, 58982189.0]
[863.236559139785, 687.4086021505376, 756.3225806451613, 260.505376344086, 213.44086021505376, 260.36559139784947, 890.8320292294588, 629.8624286744157, 452.22823117484467, 162.44160312956305, 136.03903390967636, 137.39895773181013, 0.0, 6.0, 43.0, 5.0, 0.0, 3.0, 4077.0, 3100.0, 2194.0, 621.0, 486.0, 988.0, 843847.3872877071, 3.25281480488434, 294050.36571349745, 3.279955273120753, 151358.9158168399, 3.009519265173265, 132349240.23, 74813105.06999998, 66972249.96, 53171258.0, 47848842.0, 58058077.0]
[769.0430107526881, 882.1075268817204, 749.5591397849462, 259.6559139784946, 112.94623655913979, 355.63440860215053, 647.3433655430292, 1291.5717124156506, 1371.9753805495327, 1066.6637086141195, 835.3525598524175, 1496.2156740092669, -423.0, -4936.0, -5841.0, -442.0, -5841.0, -7645.0, 2780.0, 8550.0, 11262.0, 10355.0, 569.0, 12152.0, 308372.5544545318, 3.175365660335163, 1337576.3897979518, 3.5846196637781267, 1453690.8852801176, 3.6268004073942173, 87006746.13, 210026607.66, 209644441.82999992, 62723115.0, -48855676.0, 64869881.0]
[719.5806451612904, 614.2043010752689, 546.3763440860215, -349.3333333333333, 52.32258064516129, 233.34408602150538, 1369.6009123779584, 2346.5791779188207, 1626.712555204638, 1872.2490389283462, 2477.3087043301225, 2113.9457054369436, -4006.0, -12145.0, -9444.0, -13042.0, -13034.0, -10341.0, 9492.0, 9487.0, 4982.0, 222.0, 12162.0, 11264.0, 331613.8368123048, 3.4676130707323187, 1355681.5175062404, 3.5005620808197455, 316734.30334723974, 3.4422896639647647, 205278220.17, 503758565.60999995, 252227945.85, 183502421.0, 54932649.0, -18048643.0]
[846.0322580645161, 764.1720430107526, 737.258064516129, 181.66666666666666, 197.48387096774192, 328.1505376344086, 756.043080950057, 596.0159325207732, 443.43052255228866, 156.21413211506754, 153.21579077032, 187.03242838078145, 4.0, 28.0, 28.0, 4.0, 1.0, 12.0, 3487.0, 2625.0, 2162.0, 678.0, 497.0, 889.0, 524185.3373805653, 3.2188595047205224, 408889.9729502376, 3.0563308082542107, 162563.3017072444, 3.4523707459521815, 110813191.17, 80900512.14, 63835308.809999995, 75724990.0, 47529926.0, 59657486.0]
[854.7311827956989, 696.9139784946236, 732.7741935483871, 351.0967741935484, 193.08602150537635, 317.98924731182797, 901.2904774699073, 590.8979838368699, 501.1582048448473, 233.49779183929962, 147.32333974259672, 177.87364192543708, 17.0, 34.0, 17.0, 1.0, 0.0, 10.0, 5354.0, 3159.0, 2686.0, 833.0, 513.0, 918.0, 760705.417839586, 3.252552750791406, 294984.68772563204, 3.2255210597287345, 301070.11279175483, 3.38773025855854, 132689087.33999999, 71881415.85, 67930709.82, 60137271.0, 49853073.0, 56318267.0]
[906.8387096774194, 765.8279569892474, 811.9139784946236, 271.6559139784946, 232.5483870967742, 393.93548387096774, 865.8294627034087, 638.048087046599, 524.5859994135743, 166.2928594393465, 154.38985916018157, 253.23699187380961, 4.0, 4.0, 25.0, 4.0, 7.0, 2.0, 3614.0, 2771.0, 2471.0, 679.0, 598.0, 1228.0, 705465.1522021389, 3.067728255915211, 383672.5146870601, 3.453153323805912, 268226.10013272, 3.419588171385064, 135266574.89999995, 85557667.56, 80559877.32000001, 73262914.0, 59553412.0, 62699846.0]
[834.3548387096774, 1009.0860215053764, 846.4731182795699, 146.8494623655914, 294.7096774193548, 435.38709677419354, 724.1723708626956, 1046.0195635371633, 864.1751859356467, 113.756982225895, 527.1302656559827, 357.6901146139862, 1.0, 4.0, 6.0, 0.0, 0.0, 11.0, 3622.0, 4963.0, 4292.0, 487.0, 3667.0, 1817.0, 388959.50951674726, 3.302426014266432, 956750.5559642297, 3.1698536081173714, 681816.8905504446, 3.395068180224811, 105079696.53000002, 181684906.95, 125867634.05999999, 102777410.0, 106061029.0, 69075453.0]
[703.0430107526881, 929.7096774193549, 801.0752688172043, 82.41935483870968, 199.752688172043, 368.83870967741933, 543.9779190287386, 1024.3274949792897, 522.8218633480852, 52.61433152847177, 147.73924266834769, 199.10742623248802, 19.0, 23.0, 6.0, 0.0, 0.0, 4.0, 2226.0, 5401.0, 2803.0, 216.0, 538.0, 827.0, 216093.38483254178, 3.046680965704454, 1041676.2583977063, 3.030184500166552, 251083.29151337253, 3.216763647395851, 68067595.59, 164532061.35000002, 78889701.48000002, 59466157.0, 72912610.0, 50536148.0]
[695.9462365591398, 842.1182795698925, 870.4623655913979, 123.68817204301075, 182.3548387096774, 303.2795698924731, 708.7102241824106, 794.0659381428894, 549.3833016712581, 79.70816041560388, 123.02930414100277, 144.47636827909727, 6.0, 6.0, 18.0, 0.0, 3.0, 1.0, 4256.0, 4008.0, 2517.0, 368.0, 461.0, 863.0, 635414.5833813885, 3.47030698603079, 915856.9875634916, 3.2638482510206472, 276561.2530137499, 3.332548985041316, 84864904.05000003, 115284588.38999999, 91357773.45, 67223131.0, 57571015.0, 62450373.0]
[881.6559139784946, 769.4086021505376, 811.7849462365591, 235.5268817204301, 194.48387096774192, 282.2795698924731, 976.6740199203983, 620.7457162744055, 501.20020840114967, 191.74618591512254, 135.28838866137727, 121.30749336969701, 12.0, 1.0, 38.0, 2.0, 1.0, 20.0, 6384.0, 2936.0, 2222.0, 778.0, 495.0, 597.0, 694816.2889088617, 3.103318158163536, 411004.23798448005, 2.9813637656362793, 215072.43853488474, 2.9147205813620416, 148845171.96, 84169608.15, 78489273.23999998, 80545231.0, 52310608.0, 69757809.0]
[967.1827956989247, 698.6236559139785, 795.5913978494624, 321.7956989247312, 205.09677419354838, 324.3333333333333, 1015.8236318402633, 568.918824231322, 542.4468364365132, 211.1624430920518, 138.94791521161798, 165.2816656060413, 4.0, 6.0, 35.0, 2.0, 2.0, 4.0, 4840.0, 2717.0, 2482.0, 983.0, 598.0, 890.0, 1169306.6327379413, 3.0464836992148228, 278700.1856252414, 3.2871682830986697, 271633.92518089723, 3.345814079734298, 169195590.06, 69906695.7, 79921108.68, 60035400.0, 51083660.0, 66045484.0]
[856.6451612903226, 769.3655913978495, 795.6344086021505, 221.20430107526883, 189.8279569892473, 380.6559139784946, 737.5674272074516, 681.9765835732994, 500.61991537766875, 137.65319996120883, 134.4387385663168, 204.2034095989061, 22.0, 9.0, 3.0, 1.0, 7.0, 7.0, 3028.0, 2720.0, 2121.0, 531.0, 520.0, 1088.0, 511539.5463793217, 3.1098383690164355, 466454.226884022, 3.501164332831408, 221466.14719760302, 3.3435607386784016, 110015030.76, 90988732.71000001, 76194193.19999999, 75541056.0, 57222946.0, 55109162.0]
[755.7849462365591, 926.8279569892474, 855.9569892473119, 122.46236559139786, 206.7311827956989, 368.63440860215053, 611.8847193474609, 987.225290613699, 584.2281774678097, 91.07755404524701, 143.5929588155766, 184.78170346009327, 4.0, 15.0, 13.0, 2.0, 3.0, 8.0, 2421.0, 5986.0, 2790.0, 339.0, 623.0, 843.0, 363141.5221418858, 3.1400253390419572, 1256009.475400108, 3.55150440684381, 361279.11157929007, 3.3853186603303844, 81437942.39999998, 157683734.79000002, 92571526.67999999, 74229711.0, 64557128.0, 56367192.0]
[878.3870967741935, 1066.741935483871, 790.9354838709677, 106.43010752688173, 181.0752688172043, 327.81720430107526, 749.9798552694317, 1054.1297142277854, 581.0250463517717, 69.86686062876124, 120.30823064105506, 203.2028835295105, 9.0, 3.0, 3.0, 2.0, 7.0, 13.0, 3850.0, 5101.0, 2813.0, 286.0, 496.0, 1131.0, 559283.9708202749, 3.3735507465397636, 1081167.4365664145, 3.331723112958428, 342042.6159633586, 2.9734711414690436, 114857475.66000003, 193493658.20999998, 82990531.83000004, 100571942.0, 71509058.0, 73255710.0]
[997.7765957446809, 900.4468085106383, 830.063829787234, 226.4255319148936, 208.27659574468086, 241.43617021276594, 953.4924841317908, 752.8125274205511, 581.1768521855957, 196.87802508270627, 146.42759627791236, 116.2559799373629, 0.0, 1.0, 4.0, 1.0, 4.0, 11.0, 4488.0, 3012.0, 2292.0, 848.0, 633.0, 633.0, 875467.0513189184, 3.1344200720202804, 614345.3371632937, 3.074999276493065, 329078.19553336385, 3.2170703950307065, 167445227.73999995, 121185929.88000003, 90408117.11999999, 112968366.0, 69970404.0, 81093344.0]
[1289.5698924731182, 1054.215053763441, 1118.5376344086021, 347.60215053763443, 225.4516129032258, 305.3333333333333, 1427.7478875445872, 786.4150200015031, 833.6047254197696, 246.04427578689743, 162.0983005656855, 161.14794264988262, 7.0, 18.0, 29.0, 1.0, 1.0, 5.0, 8220.0, 3682.0, 3908.0, 1061.0, 658.0, 694.0, 1455453.3856207922, 3.136511364377782, 560999.9040990702, 3.469581092168099, 561485.4394083348, 3.244210304826836, 318243031.44000006, 149036798.46, 167665299.23999998, 115480991.0, 115722576.0, 133683328.0]
[990.6315789473684, 1219.4736842105262, 957.1789473684211, 201.2842105263158, 234.3578947368421, 260.61052631578946, 921.4734737484029, 1144.8498725523318, 761.1821989363674, 158.7159018939116, 147.55870925286578, 120.82132884983177, 20.0, 1.0, 12.0, 0.0, 5.0, 12.0, 4785.0, 5651.0, 3125.0, 771.0, 653.0, 584.0, 873772.4309676122, 3.5431722434931823, 1864025.6511370726, 3.553417149735055, 683114.9898088337, 3.251987175003937, 164392744.3, 251256058.89999992, 134426558.0, 140087812.0, 132524275.0, 89522851.0]
[870.4086021505376, 1037.7096774193549, 852.8924731182796, 121.08602150537635, 191.61290322580646, 325.5268817204301, 656.7509162628974, 968.9744419459474, 787.8843639272143, 91.09832909196173, 136.61227523447712, 179.6233130626574, 1.0, 21.0, 0.0, 0.0, 2.0, 9.0, 3506.0, 4496.0, 3413.0, 368.0, 564.0, 822.0, 496088.31318071304, 3.3759771438210513, 684669.9091583443, 3.4372789644814405, 508917.96277324966, 3.1449137005840764, 102429677.33999996, 173469275.78999996, 116027414.73, 85815647.0, 79328819.0, 61481438.0]
[1054.3655913978494, 1150.0537634408602, 857.741935483871, 115.83870967741936, 190.43010752688173, 291.2258064516129, 909.0305847553043, 1222.0402431072907, 659.4430934875178, 79.60026358960353, 130.07166902782467, 172.99504447742063, 14.0, 4.0, 2.0, 1.0, 13.0, 3.0, 4967.0, 5956.0, 3268.0, 407.0, 611.0, 911.0, 452947.2350373609, 3.4195491902639423, 1020034.6646936515, 3.2811057388509624, 291923.92685331934, 3.0003951462786778, 166851151.20000002, 242167514.61, 100839594.96000001, 126719097.0, 84563216.0, 98259572.0]
[989.2795698924731, 943.5913978494624, 818.8387096774194, 236.83870967741936, 173.11827956989248, 291.2903225806452, 859.9136883582562, 850.9296864192403, 665.0512286629828, 250.8194088912934, 119.39365374059749, 148.82624685570647, 5.0, 38.0, 4.0, 3.0, 1.0, 3.0, 4050.0, 5161.0, 2639.0, 1174.0, 494.0, 720.0, 661757.3320991154, 3.241531597674286, 525695.838696691, 2.946059199902577, 379506.6634866859, 3.1232384057927054, 147912994.82999995, 138960043.85999998, 95833871.82000002, 116106086.0, 55401865.0, 77852525.0]
[1009.2150537634409, 944.8817204301075, 804.5376344086021, 363.55913978494624, 211.43010752688173, 300.51612903225805, 958.4789563526791, 746.121141368483, 597.4282303474472, 237.21694631000395, 134.2770009969222, 140.51811061546368, 32.0, 23.0, 5.0, 3.0, 1.0, 11.0, 4026.0, 4091.0, 2315.0, 900.0, 563.0, 853.0, 764600.3995071517, 3.304390813301628, 433739.94790228235, 3.230751886049776, 319861.67223736015, 2.755579766599204, 166693788.69, 124849373.33999996, 86521434.0, 103359421.0, 63936019.0, 73511352.0]
[1005.7204301075269, 1050.752688172043, 840.6666666666666, 243.50537634408602, 189.09677419354838, 298.3333333333333, 916.791396376176, 845.1538791701727, 707.0918754234524, 188.45485122182876, 136.86784045330236, 173.44171639345376, 23.0, 16.0, 18.0, 5.0, 3.0, 8.0, 4968.0, 4324.0, 3640.0, 827.0, 606.0, 1022.0, 1036186.2699637022, 3.189738376865287, 922821.4003195829, 3.133309224022488, 703054.1131408272, 3.302004830562015, 159396083.34000003, 156606215.39999998, 103902447.66000001, 115033613.0, 87783490.0, 64177302.0]
[813.247311827957, 991.9354838709677, 871.1612903225806, 254.6021505376344, -42.82795698924731, 438.2795698924731, 923.3774094843105, 1856.172796997673, 1531.6526190496966, 778.838476581647, 1608.6125105847932, 1001.4288852911451, -4039.0, -7637.0, -7605.0, 0.0, -11245.0, 4.0, 3523.0, 13065.0, 11266.0, 5851.0, 525.0, 9459.0, 1293903.9329204245, 3.5204666396363318, 6873392.217510121, 3.616202141990169, 5023025.863007129, 3.634200552637271, 130152661.14, 379887119.82000005, 266359479.06, 54324026.0, -106706083.0, 63739483.0]
[682.7096774193549, 908.1505376344086, 696.5268817204301, 95.18279569892474, 189.59139784946237, 262.89247311827955, 500.021294777949, 826.535921340393, 510.9765924911495, 58.24460158536791, 118.15761733334986, 119.40727368107706, 24.0, 4.0, 6.0, 2.0, 5.0, 0.0, 2382.0, 3568.0, 1908.0, 236.0, 429.0, 537.0, 208443.39325633727, 3.281197789932441, 733815.7796041238, 3.1245982637562038, 263197.72809938336, 2.7106221736616836, 61704162.66, 129782846.63999999, 64300063.290000014, 55346725.0, 45493130.0, 44860415.0]
[755.5106382978723, 988.8723404255319, 691.6702127659574, 119.0, 174.89361702127658, 256.6808510638298, 550.5174641918577, 733.8306803335252, 531.8495499992107, 87.94658691806997, 108.9048581600587, 111.37307378742537, 9.0, 22.0, 20.0, 1.0, 1.0, 11.0, 2481.0, 3191.0, 2364.0, 389.0, 405.0, 491.0, 272718.61319594766, 3.3427381583575935, 494654.49458282004, 3.144686468047156, 302403.4399445567, 3.0554793139149576, 76929897.03999999, 133480783.96, 67000068.85999999, 76200139.0, 47437688.0, 47738020.0]
[991.3978494623656, 942.5806451612904, 849.258064516129, 411.8494623655914, 261.1720430107527, 152.3978494623656, 1016.2886030935964, 739.2926455120969, 594.848462676325, 994.5937333823313, 789.3453895428287, 1390.3579390541763, 4.0, 8.0, 1.0, 1.0, 1.0, -13023.0, 3999.0, 3479.0, 2329.0, 9501.0, 7709.0, 784.0, 1009602.1109313198, 3.236652037564889, 638264.8987353325, 3.0759968729620493, 351418.43129914714, 2.869109899871841, 173378406.42000002, 123605883.36, 92654935.58999999, 100937246.0, 69612803.0, 74583808.0]
[1074.741935483871, 992.4086021505376, 854.494623655914, 258.59139784946234, 62.72043010752688, 141.21505376344086, 958.2838589989672, 793.8360803931089, 1262.481869208218, 675.10426306768, 1284.7675256263917, 1293.3161190072458, -1350.0, 20.0, 9.0, -5842.0, -12142.0, -12139.0, 4812.0, 5861.0, 11294.0, 896.0, 438.0, 653.0, 897209.5242647763, 3.2736242705253096, 408049.53224563284, 3.373745196011931, 686852.7059704576, 3.3411007947742393, 178472452.59, 139099659.18000004, 199522332.06000003, 96006469.0, 126001271.0, 44738425.0]
[847.9578947368421, 880.5684210526316, 857.6947368421053, 51.757894736842104, 321.12631578947367, 206.65263157894736, 674.4189921196547, 846.5814566962522, 1335.1151522070504, 898.8749317280674, 1325.4256902860773, 825.4279968910139, -1348.0, -2241.0, 6.0, -8549.0, 0.0, -7640.0, 2732.0, 4142.0, 12176.0, 504.0, 13055.0, 755.0, 380223.5077525638, 3.225090382781464, 597707.1957960273, 3.2818340845509, 462969.97974885517, 3.0645804378964097, 105509990.6, 133981241.7, 225571683.15000004, 92188252.0, 23232902.0, 30729468.0]
[708.3655913978495, 1008.5268817204301, 823.4193548387096, 105.97849462365592, 173.32258064516128, 344.83870967741933, 536.6500313933498, 895.0925455115733, 606.103257858375, 64.5698102990634, 121.35647823935558, 163.05515806692534, 21.0, 8.0, 6.0, 0.0, 1.0, 7.0, 2513.0, 4042.0, 2874.0, 252.0, 392.0, 709.0, 261026.71855156997, 3.36796752734682, 905184.2664729789, 3.1300542980065846, 452797.7185739715, 2.5804302888018156, 68039811.84, 156521141.79000002, 90073321.62, 65575273.0, 60231656.0, 50034513.0]
[806.4787234042553, 950.0531914893617, 795.3829787234042, 222.7659574468085, 241.06382978723406, 394.9255319148936, 786.956198706271, 783.4796299034045, 764.9746795498019, 308.0006432590656, 525.4206877424563, 214.6635396500541, 6.0, 4.0, 8.0, 0.0, 0.0, 1.0, 3250.0, 3753.0, 3473.0, 1967.0, 5126.0, 1053.0, 933861.85629149, 3.3071678249647434, 748754.7891558562, 3.4483693741950296, 699445.7753125263, 3.425003587337432, 111609255.94000003, 133415751.94000003, 107056530.43999997, 85924113.0, 52312260.0, 68446105.0]
[1040.279569892473, 888.6666666666666, 845.8494623655914, 448.86021505376345, 175.79569892473117, 359.6559139784946, 1044.5126840197174, 731.2085489304578, 625.9748561806297, 362.0638182815964, 123.78905261175991, 196.04156029113784, 6.0, 31.0, 2.0, 1.0, 9.0, 31.0, 6144.0, 4087.0, 2294.0, 1667.0, 436.0, 878.0, 1101523.8355670543, 3.424040070341774, 660410.1459896923, 3.239500803261139, 430228.30179000134, 3.046458023679061, 186944422.44, 114049631.16000001, 95406466.14000002, 91171919.0, 59840722.0, 69088741.0]
