[552.5483870967741, 446.8709677419355, 534.9784946236559, 493.68817204301075, 232.76344086021504, 581.1397849462365, 622.003294345551, 385.66986405379237, 538.9164446508388, 901.5944086968163, 333.6950051693737, 1135.2668963287676, 6.0, 1.0, 24.0, 0.0, 1.0, 0.0, 4126.0, 2101.0, 4094.0, 8220.0, 2275.0, 9452.0, 352874.3362166307, 3.327890203245329, 189394.8495556211, 3.309582245171347, 175061.97365993244, 3.36693866396751, 59508383.370000005, 29997805.649999995, 49602880.83, 34710731.0, 25533245.0, 37342132.0]
[582.9139784946236, 519.6129032258065, 339.48387096774195, 278.59139784946234, 129.18279569892474, 266.9569892473118, 517.009642831484, 386.59148847605513, 348.4096044233252, 199.79093619598527, 114.28910197927686, 168.12572378887324, 27.0, 25.0, 8.0, 1.0, 1.0, 2.0, 2942.0, 2071.0, 1861.0, 793.0, 490.0, 758.0, 364225.5301448339, 3.4498775841629805, 210627.2630770806, 3.368369166134495, 157256.38493443772, 3.4514652556756147, 52258425.15, 36139286.64, 20353976.28, 30225463.0, 18402843.0, 22761131.0]
[580.9354838709677, 538.2150537634409, 357.5376344086022, 225.6236559139785, 121.54838709677419, 220.6451612903226, 484.0538464129885, 395.69270162431235, 278.6339955202174, 140.83847624437308, 106.51204423924293, 115.45191405961208, 6.0, 4.0, 2.0, 14.0, 0.0, 5.0, 2542.0, 2124.0, 1261.0, 585.0, 431.0, 564.0, 328249.9008915087, 3.3126753197656926, 216043.7760616549, 3.3273530009960965, 80187.57230958565, 3.2943089475179117, 49236570.57, 38450390.58, 17698903.469999995, 30819971.0, 19050428.0, 19664442.0]
[664.1914893617021, 638.2446808510638, 376.8936170212766, 180.4255319148936, 130.56382978723406, 256.63829787234044, 486.56954274470394, 602.6088209613553, 337.54300301376514, 109.40341538590611, 104.86074313985041, 127.85163201079718, 25.0, 7.0, 0.0, 0.0, 1.0, 3.0, 2186.0, 3124.0, 1538.0, 425.0, 408.0, 653.0, 249455.9243728459, 3.217670492451618, 352797.04951681517, 3.498439893226413, 123339.21340915494, 3.449782649308293, 59676721.55999999, 67739470.98, 22511653.92, 42377705.0, 26483119.0, 24071827.0]
[542.7204301075269, 629.2688172043011, 395.258064516129, 109.54838709677419, 118.12903225806451, 276.4193548387097, 415.66822486813976, 511.2206861966023, 350.3007063263431, 80.6173889065467, 92.52381900218424, 139.67978305836323, 6.0, 13.0, 5.0, 0.0, 0.0, 32.0, 1674.0, 3017.0, 1601.0, 322.0, 393.0, 752.0, 195101.6785028942, 3.425087582687642, 235121.26380416902, 3.448071687302573, 102001.97168442543, 3.460283273645379, 40258300.35, 56609059.08000001, 24011358.45, 35121149.0, 21429550.0, 19555462.0]
[545.6236559139785, 588.8494623655914, 364.13978494623655, 90.90322580645162, 99.73118279569893, 309.1505376344086, 394.48094443365903, 454.3225234929132, 314.5965874838362, 60.27240058343256, 76.7100894368653, 158.42498884992582, 26.0, 12.0, 9.0, 1.0, 4.0, 36.0, 1802.0, 1982.0, 1347.0, 211.0, 293.0, 709.0, 178963.74657400642, 3.445730238661427, 217036.96743347088, 3.392022431017633, 68313.06559133448, 3.164137954567792, 39062958.33000001, 47650211.91000001, 19936342.11, 29411305.0, 19558214.0, 17402022.0]
[566.2021276595744, 641.1063829787234, 423.9574468085106, 106.64893617021276, 90.74468085106383, 311.20212765957444, 443.5729463178541, 582.3715044592509, 379.8857189472615, 67.82800947856157, 77.47936751650252, 158.8560977122711, 2.0, 16.0, 16.0, 4.0, 1.0, 21.0, 1912.0, 3548.0, 1835.0, 413.0, 326.0, 876.0, 146548.74259445048, 3.4765766999650194, 243173.36645254842, 3.231305162783351, 88614.07886267123, 3.3675855184021852, 45527370.62, 65966564.239999995, 28497675.439999998, 33687757.0, 25687529.0, 23345002.0]
[596.7204301075269, 598.5698924731183, 428.5376344086022, 158.19354838709677, 151.23655913978496, 323.8279569892473, 419.4988564422253, 512.2485257442546, 353.3817543806213, 112.48384019827182, 575.4695511502543, 168.8803682348205, 39.0, 35.0, 2.0, 0.0, 4.0, 41.0, 1724.0, 2403.0, 1728.0, 502.0, 5606.0, 933.0, 132487.03694495832, 3.541733218731991, 228520.96540006818, 3.4216218743522164, 100703.38748325923, 3.3665563988152947, 45853738.35, 53438969.01, 26568031.680000003, 35926621.0, 21982535.0, 23529479.0]
[655.6236559139785, 546.2150537634409, 488.61290322580646, 338.8709677419355, 347.8709677419355, 381.81720430107526, 423.42167064693973, 561.5137895527389, 384.15214468551346, 597.894698192104, 1076.8696100655588, 236.86282703545854, 20.0, 9.0, 3.0, 10.0, 0.0, 1.0, 2224.0, 2785.0, 2103.0, 4926.0, 5134.0, 1200.0, 237059.55509405184, 3.546219549933225, 388944.4981910491, 3.316383150324165, 192357.2363426095, 3.2558273427496944, 52516769.85000001, 52781242.32, 33275179.59, 33330791.0, 23984215.0, 29781607.0]
[558.9569892473119, 477.0752688172043, 362.3763440860215, 459.5483870967742, 198.83870967741936, 333.5806451612903, 361.92654533333666, 412.51791098292983, 294.12936794289857, 492.4268543371394, 763.4460245481123, 178.43153129547704, 5.0, 6.0, 1.0, 1.0, 5.0, 27.0, 1667.0, 2104.0, 1325.0, 2191.0, 5488.0, 830.0, 111064.31906762536, 3.3914567445041315, 145632.40943577993, 3.448771411517599, 100470.09827962947, 3.299905618842495, 38229897.809999995, 34245027.300000004, 18759548.01, 27651992.0, 13540847.0, 19214371.0]
[672.7956989247311, 547.5806451612904, 460.83870967741933, 377.97849462365593, 150.0752688172043, 322.258064516129, 630.891563051152, 452.5832693640751, 418.1658785261351, 230.5215720592451, 638.9694868634887, 156.74230465999352, 7.0, 2.0, 12.0, 16.0, 0.0, 18.0, 4074.0, 2005.0, 1984.0, 1162.0, 6206.0, 812.0, 363654.5336032923, 3.3899155824920117, 210674.14669639547, 3.497388041707736, 169158.45914056874, 3.3956788496993036, 73204996.5, 43458949.29000001, 33329334.42, 38968811.0, 23248528.0, 31073815.0]
[666.468085106383, 629.2553191489362, 454.59574468085106, 278.3936170212766, 277.25531914893617, 350.56382978723406, 614.5472973587284, 467.15639287235484, 379.1514668577813, 182.15922481341963, 1044.6695514590228, 173.9929277088638, 9.0, 49.0, 21.0, 7.0, 2.0, 25.0, 3815.0, 2126.0, 2016.0, 775.0, 6120.0, 919.0, 329894.7434312827, 3.4771027608314897, 180437.60704578797, 3.4372826622430037, 163471.73593669693, 3.4400146856058313, 72263488.88000001, 54065337.04000001, 30827373.32, 46179774.0, 27290296.0, 27523993.0]
[553.5913978494624, 665.4086021505376, 367.0537634408602, 181.5268817204301, 200.25806451612902, 335.01075268817203, 472.6423465489372, 460.71603620034233, 385.9698784595423, 108.16127163898337, 740.2215870239218, 192.25540613327567, 13.0, 22.0, 1.0, 0.0, 1.0, 3.0, 2035.0, 2074.0, 2592.0, 486.0, 5180.0, 1312.0, 255583.8105574241, 3.5459196424869113, 179918.2103240366, 3.519136266147517, 216751.7344249193, 3.469969114431165, 45619338.36000001, 56455959.69, 24398773.2, 38329799.0, 26645459.0, 20362527.0]
[558.4301075268817, 609.1182795698925, 448.1505376344086, 140.21505376344086, 266.0752688172043, 330.0860215053763, 551.2258749103133, 438.082155523724, 442.9525920809468, 91.52177805242593, 1054.4081921046386, 183.75046027235928, 0.0, 3.0, 5.0, 0.0, 1.0, 2.0, 2694.0, 1941.0, 2293.0, 337.0, 6306.0, 938.0, 312632.29627463047, 3.2183765536223827, 197968.45392584393, 3.528130930275946, 209380.6744067153, 3.310812271101559, 52968806.57999998, 48510289.85999998, 34158027.65999999, 34888712.0, 26814812.0, 22991927.0]
[644.6021505376344, 651.741935483871, 475.1290322580645, 242.2688172043011, -15.129032258064516, 217.1505376344086, 529.274300951311, 769.6645359481058, 417.4274273244979, 1251.7765648294405, 896.7462103507329, 1023.8890155786091, -1323.0, -3111.0, 5.0, 1.0, -8548.0, -9442.0, 1890.0, 3720.0, 2100.0, 12157.0, 270.0, 711.0, 264521.95868966996, 3.378381843880617, 574850.9059001191, 3.49375401176268, 153343.14423311732, 3.3942101091573105, 59905659.839999996, 87422477.52, 34433368.11, 45855780.0, 33490003.0, 27137761.0]
[464.7204301075269, 647.1505376344086, 371.48387096774195, 102.0752688172043, 147.1720430107527, 329.31182795698925, 361.7092684797568, 533.5929067515585, 309.9163496151272, 60.97705137807098, 513.5828247766502, 158.38114309795074, 2.0, 6.0, 2.0, 3.0, 0.0, 7.0, 1546.0, 2788.0, 1771.0, 251.0, 4992.0, 741.0, 94640.05384287794, 3.5367312601646295, 238419.7530206273, 3.3436192671987097, 74035.52163107041, 3.332757838059554, 29872941.990000002, 60583104.39, 20153522.219999995, 31940541.0, 23666566.0, 16863837.0]
[472.5806451612903, 582.0752688172043, 360.23655913978496, 121.47311827956989, 94.44086021505376, 317.1505376344086, 342.2975543416501, 469.6655664119148, 294.8930682338593, 83.71647173097827, 71.57140890862098, 145.24199792644112, 18.0, 5.0, 3.0, 2.0, 0.0, 17.0, 1448.0, 1933.0, 1377.0, 443.0, 251.0, 674.0, 111472.78501480001, 3.28687042008431, 242728.20649225594, 3.3592668855163743, 79991.71924761306, 3.243054944873885, 29340886.199999996, 48177133.16999999, 18664302.06, 26943805.0, 21227959.0, 16933085.0]
[649.8387096774194, 631.1182795698925, 382.36559139784947, 203.5268817204301, 107.02150537634408, 305.4731182795699, 580.79015312205, 475.8695895859076, 291.6206136085718, 187.2512605981744, 82.26018880920832, 151.30013300648264, 17.0, 6.0, 5.0, 5.0, 0.0, 0.0, 3674.0, 2097.0, 1338.0, 843.0, 347.0, 688.0, 376408.0189067723, 3.3555711025642903, 239902.50385581673, 3.431740325283533, 86504.82515134398, 3.4585674377275337, 65384752.04999999, 53825078.04, 19921379.339999996, 40089124.0, 21541080.0, 24786360.0]
[702.0860215053764, 524.516129032258, 411.5698924731183, 399.35483870967744, 209.51612903225808, 326.1505376344086, 558.0366720050555, 387.0479582941051, 336.3279454784734, 316.00635124194173, 753.6748897309367, 188.0275156920298, 3.0, 1.0, 15.0, 11.0, 2.0, 1.0, 2880.0, 1532.0, 1433.0, 1225.0, 5344.0, 911.0, 473289.55822824425, 3.4995131423163217, 157063.19009253828, 3.4361686484381737, 108876.8755084998, 3.424922234744947, 69276869.94, 36612295.80000001, 24328768.380000003, 38905945.0, 17548455.0, 29736785.0]
[664.6236559139785, 567.3440860215054, 483.247311827957, 330.55913978494624, 93.08602150537635, 332.3333333333333, 504.2963223529029, 436.4450384896744, 378.43156454187096, 238.49311640624984, 79.04671925018094, 199.44871484938798, 9.0, 2.0, 16.0, 4.0, 0.0, 5.0, 2347.0, 1970.0, 2055.0, 983.0, 347.0, 1050.0, 227276.0807029729, 3.4673023877620754, 139937.41652657706, 3.45206140922684, 73690.53598010658, 3.3632752502730763, 59963933.64000001, 44137175.970000006, 32450919.660000004, 34096781.0, 26081802.0, 34267444.0]
[481.3333333333333, 475.26881720430106, 334.0860215053763, 196.36559139784947, 407.2903225806452, 421.1720430107527, 436.8815214312869, 398.0089342394908, 265.4903443717901, 370.46641533361105, 1490.0968642328705, 419.6447675701934, 2.0, 14.0, 1.0, -3145.0, 0.0, 14.0, 2049.0, 1960.0, 1397.0, 536.0, 11251.0, 4052.0, 210635.6709549488, 3.457868397553958, 192996.8623604408, 3.39649726127782, 62929.45570407671, 3.403022485943209, 36368606.04, 33090054.720000003, 15684156.119999997, 22302875.0, 12919539.0, 16347176.0]
[625.1612903225806, 642.1290322580645, 490.6559139784946, 163.7311827956989, 300.60215053763443, 391.73118279569894, 519.494367260809, 541.8449205744336, 438.5044121195821, 112.66573683331806, 993.5056414336772, 256.60107508437164, 5.0, 18.0, 4.0, 0.0, 0.0, 21.0, 2276.0, 2404.0, 2500.0, 435.0, 5193.0, 1503.0, 296211.833567042, 3.383359280815881, 359602.11811103, 3.274144367168047, 208867.58387004305, 3.492132438615424, 56893049.45999997, 60782461.98, 37273881.99, 41507215.0, 36840422.0, 30357957.0]
