[452.95238095238096, 390.3253968253968, 270.0952380952381, 125.86507936507937, 68.26190476190476, 100.19047619047619, 534.2543941927719, 354.3289506515679, 210.07143274882202, 91.43779115220167, 62.306876483602174, 75.8535129613087, 5.0, 11.0, 0.0, 1.0, 0.0, 1.0, 3017.0, 1873.0, 900.0, 351.0, 289.0, 295.0, 204030.1446733747, 3.5256467700772274, 102935.039732614, 3.5163948103119926, 45235.94856175603, 3.611804671607744, 77527003.68000002, 43961675.940000005, 18532246.320000004, 26774728.0, 13694379.0, 19613619.0]
[380.1397058823529, 409.7352941176471, 284.30882352941177, 95.84558823529412, 62.213235294117645, 104.24264705882354, 386.3161279419499, 397.1114823469157, 291.0096222083815, 81.47472943157106, 53.56123640984806, 91.86814192683623, 4.0, 1.0, 1.0, 0.0, 0.0, 0.0, 1784.0, 1828.0, 1582.0, 301.0, 243.0, 398.0, 196359.14415113593, 3.6273900592165402, 172484.17391323872, 3.356126027736612, 80878.43589500738, 3.68915875502449, 54128357.67999999, 60004908.160000004, 30499055.360000003, 25179726.0, 21106523.0, 19964792.0]
[362.59, 432.53, 262.15, 115.49, 60.88, 102.18, 362.1343602152174, 363.91925108893497, 219.47919875666733, 87.58908826924952, 62.234369665617784, 80.27419928412286, 8.0, 2.0, 3.0, 0.0, 0.0, 0.0, 1776.0, 1654.0, 1244.0, 323.0, 339.0, 353.0, 120706.2162834452, 3.271699971477365, 151074.5409123641, 3.3827058708104234, 42946.32229102369, 3.2147278676204354, 26130139.0, 31819505.000000004, 11641203.0, 19995018.0, 14295996.0, 10939871.0]
[326.3636363636364, 388.54545454545456, 216.63636363636363, 160.34545454545454, 53.972727272727276, 110.41818181818182, 295.1016222810273, 389.7621866409216, 224.28138974248554, 144.78876967218827, 41.11417512444424, 87.02212961388295, 1.0, 5.0, 1.0, 1.0, 0.0, 2.0, 1316.0, 2193.0, 1253.0, 800.0, 167.0, 384.0, 61396.207221929406, 3.3861541496631613, 107548.69117027322, 3.3593284624344286, 36429.4693840997, 3.280730279426839, 23329587.600000005, 36481632.0, 11709915.800000003, 18906038.0, 13396804.0, 9736124.0]
[333.3131313131313, 372.3939393939394, 217.64646464646464, 205.08080808080808, 50.55555555555556, 122.4949494949495, 244.39365395016958, 301.3828949204804, 183.49410896017346, 176.65362608082407, 45.39828779973307, 103.24780708620241, 2.0, 1.0, 2.0, 1.0, 0.0, 0.0, 1076.0, 1635.0, 911.0, 660.0, 186.0, 390.0, 52359.54753690207, 3.500083262902334, 56921.63921617748, 3.3035491432493997, 22523.08056444681, 3.437651795635274, 16683515.64, 22404243.51, 7909404.029999999, 13742159.0, 10739836.0, 7784591.0]
[385.4, 393.94, 265.09, 223.07, 51.2, 116.1, 335.0602840376548, 423.63391428606536, 246.45642534930917, 184.51285876736355, 39.696067535434516, 94.34853716219699, 3.0, 2.0, 3.0, 0.0, 1.0, 1.0, 1686.0, 2232.0, 1568.0, 822.0, 161.0, 405.0, 102481.56680276382, 3.278566247496526, 295729.55452157813, 3.4121555549937317, 87935.8602570019, 3.446529047773079, 25967590.0, 33285975.99999999, 13040606.999999998, 15186495.0, 16824788.0, 11412455.0]
[370.4387755102041, 295.234693877551, 215.51020408163265, 180.9795918367347, 51.5, 105.45918367346938, 335.13591845963646, 225.01659966351843, 214.55723985257129, 132.7698558813691, 40.365150325803846, 87.36771070340315, 6.0, 2.0, 0.0, 2.0, 0.0, 3.0, 1635.0, 1187.0, 1097.0, 433.0, 157.0, 382.0, 100177.80541849186, 3.0480502930856663, 39774.03520533122, 3.4365876001376505, 41908.57335651579, 3.2619666920630266, 23855845.020000003, 13184307.5, 8836612.959999999, 13315940.0, 6922973.0, 10538064.0]
[467.1592920353982, 405.0619469026549, 247.46017699115043, 159.13274336283186, 54.93805309734513, 124.31858407079646, 433.00209431965635, 478.33017368433906, 288.488209569616, 122.85491620670604, 44.9607533589496, 100.38739831689227, 15.0, 2.0, 1.0, 0.0, 0.0, 1.0, 2309.0, 3617.0, 1639.0, 514.0, 194.0, 418.0, 207341.01757562737, 3.260579741473046, 138259.12480027592, 3.57747442081363, 107059.23050949951, 3.033665635304841, 51595622.59000001, 49907656.83999999, 18352306.269999996, 28736415.0, 16232785.0, 20079450.0]
[474.2178217821782, 342.03960396039605, 270.61386138613864, 136.74257425742573, 61.10891089108911, 128.84158415841586, 412.4798565738792, 311.5460454183965, 258.755945643652, 110.27362816787577, 47.485134724479614, 114.14838874668949, 3.0, 11.0, 2.0, 1.0, 1.0, 0.0, 1737.0, 1369.0, 1078.0, 422.0, 169.0, 450.0, 170426.1186380721, 3.247249680159442, 93646.08939176233, 3.4864287141467494, 77004.18974526068, 3.215866755087807, 40124371.00000001, 21737415.94, 14232800.820000002, 18145810.0, 9906855.0, 16571001.0]
[299.2736842105263, 324.06315789473683, 182.47368421052633, 84.81052631578947, 47.98947368421052, 117.45263157894736, 329.53653599476814, 306.099129073751, 185.40816629776376, 72.29877353022916, 36.591911307340865, 98.3633914366316, 2.0, 3.0, 2.0, 0.0, 1.0, 1.0, 1792.0, 1236.0, 920.0, 247.0, 169.0, 443.0, 57440.90307446982, 3.5764913344471605, 86041.43800047945, 3.0760084466032938, 34263.41961885838, 3.1047285103025986, 17780691.15, 17844891.199999996, 6074815.85, 9471985.0, 7850271.0, 6505663.0]
[343.6475409836066, 404.1967213114754, 234.5983606557377, 124.67213114754098, 59.48360655737705, 126.1311475409836, 326.92466142844233, 371.8486682176999, 221.7359631468523, 109.81226975529239, 52.19864055836555, 105.73059096017562, 1.0, 1.0, 3.0, 0.0, 0.0, 0.0, 1904.0, 2008.0, 1220.0, 502.0, 228.0, 449.0, 84089.03896381884, 3.6836875422250484, 146842.60042016555, 3.0889554685432556, 37287.36876156777, 3.225072496720486, 33354642.619999994, 44728362.24000001, 15449624.94, 20714187.0, 15700168.0, 12142141.0]
[291.0882352941176, 393.3921568627451, 251.72549019607843, 176.84313725490196, 61.029411764705884, 128.87254901960785, 262.7971059013442, 341.0776502531829, 253.0823509720101, 143.40634954928, 49.73304096882664, 111.32235518410127, 5.0, 16.0, 2.0, 0.0, 0.0, 0.0, 1429.0, 1955.0, 1360.0, 828.0, 215.0, 443.0, 93110.87730987059, 3.4590368649683705, 105709.7597203486, 2.9267222572265723, 62327.01435707278, 3.1801548749962034, 15930354.900000002, 28085683.679999996, 13191070.44, 11603397.0, 14528325.0, 8063819.0]
[401.675, 508.73333333333335, 358.6333333333333, 251.58333333333334, 52.81666666666667, 126.05, 372.2731481704523, 525.5999330630231, 404.88174294515693, 244.3322432632239, 44.89894972351257, 102.3280151721689, 3.0, 7.0, 18.0, 0.0, 0.0, 3.0, 1464.0, 2445.0, 2111.0, 1094.0, 172.0, 490.0, 169323.62630949257, 3.572289828163448, 403249.53518433997, 3.2078339228730948, 235873.05384682765, 3.668656926804561, 43023629.99999999, 76717838.39999998, 41930066.4, 29309633.0, 30878744.0, 20669421.0]
[433.43362831858406, 557.0619469026549, 375.08849557522126, 206.0353982300885, 61.4070796460177, 123.05309734513274, 433.85139564359633, 646.1384924963544, 335.21290029946755, 193.6623962873988, 54.76241496033792, 105.28378662893893, 3.0, 4.0, 1.0, 0.0, 0.0, 7.0, 2014.0, 4063.0, 1483.0, 720.0, 266.0, 454.0, 103714.12362988712, 3.4374938373336734, 281855.31277020695, 3.2940784185957326, 81825.20237170547, 3.3158121265536744, 47810458.199999996, 92462668.09999995, 32186136.90999999, 39545000.0, 36957622.0, 25541937.0]
[529.5247524752475, 457.1287128712871, 348.0495049504951, 197.11881188118812, 60.46534653465346, 142.96039603960395, 489.73765618051885, 495.2353110061183, 306.19331724378384, 164.91611729171368, 63.04562861236862, 118.95376587498852, 9.0, 2.0, 13.0, 2.0, 1.0, 0.0, 2268.0, 2652.0, 1518.0, 572.0, 325.0, 492.0, 239331.66948222867, 3.3783401341920776, 275490.11888116295, 3.345492371167214, 88437.03349297759, 3.155303958337839, 52827383.4, 46087748.339999996, 21826523.19, 29308391.0, 20557002.0, 23247147.0]
[447.3137254901961, 367.3921568627451, 324.5098039215686, 139.2843137254902, 45.049019607843135, 105.36274509803921, 468.23936039340697, 444.80446603781195, 332.6800188656307, 149.48302843837664, 37.63434744937403, 110.46103109427156, 2.0, 2.0, 6.0, 0.0, 0.0, 1.0, 2328.0, 3122.0, 1410.0, 565.0, 184.0, 481.0, 164696.9024958808, 3.251288815024934, 197790.42545752754, 3.6172640880439912, 90425.07689758294, 3.021366923716241, 43404257.879999995, 34425618.12, 22357941.0, 23546307.0, 16125198.0, 21097665.0]
