[425.13761467889907, 368.08256880733944, 251.44036697247705, 92.91743119266054, 43.55045871559633, 116.13761467889908, 513.1407912333524, 340.6499269762077, 247.65423294617918, 73.03767780074413, 41.91602854352623, 88.58689685420504, 0.0, 6.0, 0.0, 0.0, 0.0, 0.0, 2938.0, 1845.0, 1133.0, 266.0, 169.0, 323.0, 213455.66139648363, 3.1503590835168827, 69470.0255167165, 3.459592429712646, 60753.385795627, 3.1559100868445435, 52471217.88, 29757454.530000005, 14731512.41, 24367464.0, 12326459.0, 16330981.0]
[396.1458333333333, 430.28125, 309.1145833333333, 120.03125, 60.354166666666664, 97.94791666666667, 408.3262106432131, 406.8834749299271, 288.096652999125, 106.52002066574893, 45.131149044037066, 91.85450391979087, 8.0, 0.0, 7.0, 1.0, 0.0, 0.0, 1834.0, 1708.0, 1270.0, 492.0, 169.0, 361.0, 172089.82080384262, 3.487872640024127, 148010.40958953794, 3.2457577132079476, 54980.4598825588, 2.8882849724520248, 29668611.839999996, 32161222.08, 16375627.2, 21802988.0, 18676200.0, 14774375.0]
[479.84158415841586, 506.9504950495049, 277.3762376237624, 126.56435643564356, 57.91089108910891, 86.32673267326733, 712.259471438229, 668.1437626175616, 369.7683288624149, 144.23296543034704, 61.46870732493095, 92.15249415082494, 4.0, 1.0, 3.0, 2.0, 0.0, 0.0, 3694.0, 3307.0, 1769.0, 790.0, 269.0, 395.0, 172161.27883636774, 3.187140047480456, 305837.33220155525, 3.0793637935234734, 131835.30000190475, 3.1540006500053956, 74726261.97999999, 71304472.88, 21657992.569999997, 50378720.0, 31274558.0, 20593665.0]
[404.61739130434785, 488.6, 374.0521739130435, 205.03478260869565, 63.81739130434783, 106.35652173913043, 385.03737760252545, 556.8908646114778, 388.10262351188965, 240.07757994780079, 54.75312738143176, 93.6457669732386, 6.0, 5.0, 2.0, 1.0, 1.0, 0.0, 2074.0, 2905.0, 1913.0, 1418.0, 199.0, 359.0, 136884.45652651764, 3.6605259064560682, 358422.67943488044, 3.381667539361737, 134179.72852934976, 3.158741609214144, 41087410.44999999, 72229743.95, 38250522.59999999, 28280530.0, 32164022.0, 19787407.0]
[357.8421052631579, 408.1684210526316, 265.62105263157895, 194.4, 47.589473684210525, 98.16842105263157, 328.3033857606462, 413.23049187795084, 239.04037667250117, 239.6461220837659, 43.06909212565962, 78.47626726645547, 8.0, 0.0, 4.0, 0.0, 0.0, 0.0, 2001.0, 2008.0, 1008.0, 1498.0, 175.0, 270.0, 90477.36993184178, 3.4564947019948464, 170785.17704994683, 3.313536263679046, 51101.384422160125, 3.278573735577086, 21181632.249999993, 30284599.7, 11470176.499999998, 16322997.0, 12705213.0, 9089181.0]
[465.69026548672565, 569.5840707964602, 340.6814159292035, 180.07079646017698, 77.21238938053098, 93.070796460177, 448.33645050433023, 642.2782931217771, 301.94374078291014, 177.5647123895036, 71.93566710801812, 79.40905813909744, 2.0, 3.0, 1.0, 0.0, 1.0, 0.0, 1872.0, 3153.0, 1391.0, 884.0, 371.0, 272.0, 276852.22680966713, 3.1326748536599776, 496913.20105055085, 3.4507886953077045, 120153.89017600543, 3.510816217194957, 53131066.589999996, 93634666.80999997, 26358668.149999995, 43347539.0, 32967159.0, 23108383.0]
[359.36607142857144, 353.3482142857143, 198.75, 138.05357142857142, 57.625, 88.77678571428571, 350.4610090131017, 423.26412237996243, 173.51851680923184, 134.88559311643786, 52.58268906388479, 78.62703725674449, 9.0, 3.0, 0.0, 0.0, 0.0, 1.0, 1601.0, 3069.0, 922.0, 578.0, 218.0, 296.0, 82411.06819046958, 3.158274095218469, 167579.0484994246, 3.4553208942901517, 33186.40373909656, 3.450107495631881, 31469165.28, 37934047.2, 8698186.56, 20271925.0, 11466237.0, 9539657.0]
[379.8510638297872, 296.4574468085106, 209.20212765957447, 132.29787234042553, 40.702127659574465, 92.74468085106383, 314.2151155972988, 355.56215266295476, 219.57909784512313, 127.16696583517853, 37.723336317871855, 89.8879752229518, 0.0, 2.0, 5.0, 0.0, 0.0, 0.0, 1254.0, 2379.0, 1090.0, 363.0, 181.0, 310.0, 86207.13730966352, 2.663513086569742, 93804.77893369169, 3.2976464506711274, 60482.355587320824, 2.665770956673944, 21380260.52, 18817721.82, 8082075.820000001, 12657000.0, 6876482.0, 10466016.0]
[428.18518518518516, 331.712962962963, 274.19444444444446, 154.37962962962962, 56.75925925925926, 101.93518518518519, 379.67349839822464, 357.0057998671763, 274.73754539078203, 122.43058056631713, 45.70422389330297, 83.384849600848, 19.0, 2.0, 3.0, 1.0, 0.0, 0.0, 1711.0, 2172.0, 1394.0, 414.0, 184.0, 325.0, 129495.11121948557, 3.1613687264570114, 83515.88247064337, 3.4565929901850683, 94670.84650157881, 3.3942035483312702, 38043276.480000004, 27562791.24, 17491849.559999995, 16206046.0, 10912849.0, 19269421.0]
[423.38532110091745, 365.07339449541286, 250.09174311926606, 123.27522935779817, 59.596330275229356, 91.5229357798165, 409.01439593103703, 343.98906384484405, 213.35952709350246, 114.04984871469604, 51.28029714517375, 85.272395378127, 2.0, 14.0, 1.0, 0.0, 1.0, 0.0, 2586.0, 2186.0, 1127.0, 319.0, 224.0, 294.0, 195101.81574272495, 3.2775662388218194, 119510.38583222473, 3.3309727096202373, 27217.461781623468, 3.388885143811095, 40991007.61, 29764456.69, 12789959.720000003, 23325710.0, 11939026.0, 15736256.0]
[412.7956989247312, 418.8494623655914, 250.0752688172043, -5.774193548387097, -74.95698924731182, -8.903225806451612, 464.7181838663968, 345.412322803158, 201.31989666886855, 1246.1978010439545, 1266.5195454471013, 992.2244230769321, 8.0, 12.0, 4.0, -11859.0, -12149.0, -9446.0, 2797.0, 1725.0, 899.0, 319.0, 233.0, 274.0, 225002.3363911066, 3.2930431321476785, 112815.24978738347, 3.2134673559139637, 40875.88849139134, 3.1084201947766172, 33215714.459999993, 25381497.69, 8876601.690000001, 21115915.0, 11454244.0, 13147054.0]
[332.0816326530612, 347.35714285714283, 128.1530612244898, 6.795918367346939, 54.57142857142857, 105.43877551020408, 682.4784981843053, 989.0380857436919, 1343.362678359455, 927.4654405897412, 55.71410822825852, 88.69838459302966, -4995.0, -8535.0, -12885.0, -9044.0, 0.0, 1.0, 2954.0, 1598.0, 852.0, 265.0, 321.0, 297.0, 227445.52261322748, 3.592454870238325, 452808.35444296314, 3.6590191599252306, 734435.8609471453, 3.8453169760364907, 54867871.52, 104575240.42, 173124774.34, 64431292.0, 124353253.0, 77695091.0]
[311.5, 423.8867924528302, 282.24528301886795, 117.06603773584905, 38.64150943396226, 82.31132075471699, 481.6602289897685, 415.3765089708995, 285.4769713444753, 112.70832722587849, 40.878027321531924, 76.98662384838242, 4.0, 5.0, 2.0, 0.0, 0.0, 2.0, 3425.0, 2441.0, 1633.0, 518.0, 182.0, 269.0, 326003.4794536458, 3.5550814386975675, 203529.01183205532, 3.188704935315753, 90782.63774589279, 3.355326514872597, 36723762.54, 39392286.04, 18021494.599999998, 20300605.0, 17009894.0, 11483429.0]
[519.4897959183673, 503.7857142857143, 467.265306122449, 163.05102040816325, 79.34693877551021, 87.77551020408163, 604.0065242512718, 562.0915699329521, 448.87184015821117, 174.92940387240282, 82.6032751953972, 73.98293626225193, 1.0, 3.0, 12.0, 0.0, 0.0, 2.0, 4475.0, 4075.0, 2168.0, 1083.0, 458.0, 260.0, 555013.3138590624, 3.4528904807921244, 409254.38925428013, 3.549026112563098, 186367.12246534543, 3.044037903599307, 60598439.160000004, 54408871.86, 40122325.04000001, 33320148.0, 33966535.0, 34852476.0]
[414.77, 482.14, 324.24, 189.03, 55.79, 89.12, 497.37380725307014, 570.1665363662789, 259.4483705281206, 247.1381838550893, 60.646399378493676, 73.34507894917427, 1.0, 5.0, 6.0, 3.0, 0.0, 0.0, 3651.0, 3375.0, 1083.0, 1375.0, 261.0, 266.0, 166758.48831602337, 3.4616541158713234, 221722.81199723517, 3.3755026309846716, 48667.23309702525, 3.5380780597601107, 41694105.0, 55429796.00000001, 17177190.0, 37823448.0, 23390634.0, 16866077.0]
[352.4347826086956, 407.7826086956522, 277.4782608695652, 175.49565217391304, 47.70434782608696, 88.84347826086956, 356.2500139842357, 477.75163816052464, 264.53721085468004, 185.26568754340505, 45.762156646410226, 82.18502780198544, 9.0, 0.0, 2.0, 2.0, 1.0, 0.0, 1739.0, 2914.0, 1275.0, 1048.0, 194.0, 321.0, 113759.96273399916, 3.4923284167782604, 165231.51552430104, 3.458719143012099, 52250.70927542671, 3.249866215253749, 33065243.900000002, 51914543.150000006, 19356850.6, 20679915.0, 17751385.0, 14345817.0]
[421.7883211678832, 419.8759124087591, 380.13868613138686, 170.27007299270073, 51.13868613138686, 98.11678832116789, 377.44429722763175, 489.92429555126574, 394.74776351640327, 167.94193252648347, 52.982125521081585, 84.63590408448125, 12.0, 1.0, 1.0, 0.0, 0.0, 1.0, 1678.0, 3380.0, 1662.0, 793.0, 281.0, 326.0, 173186.84863610772, 3.491938053201006, 335518.6771575992, 3.7037061020823967, 149471.5977804493, 3.2596620964012226, 59934991.53, 77810565.20999996, 56155684.870000005, 33486257.0, 28546761.0, 29794160.0]
[417.1121495327103, 367.13084112149534, 295.5327102803738, 135.99065420560748, 53.88785046728972, 95.11214953271028, 430.86099249177374, 542.4141890939228, 337.6026836877206, 119.61900960550518, 47.59782916859061, 80.50774334055545, 7.0, 2.0, 0.0, 0.0, 0.0, 0.0, 2277.0, 4191.0, 1938.0, 468.0, 218.0, 314.0, 125001.84033253354, 3.327754632214633, 222512.75071670683, 3.437541644336029, 64403.8962931935, 2.8327512067665435, 40974685.92999999, 48801196.65, 22926618.219999995, 22578762.0, 19667542.0, 20296764.0]
[461.4403669724771, 377.6788990825688, 314.6605504587156, 122.6697247706422, 58.944954128440365, 105.35779816513761, 462.1156146662679, 457.8759916367042, 252.8473122988086, 105.95396056829935, 50.236078753846726, 88.14912899884592, 4.0, 1.0, 12.0, 0.0, 0.0, 3.0, 2443.0, 3062.0, 1113.0, 515.0, 272.0, 468.0, 250774.1895484207, 3.2242000160492506, 173898.34296431547, 3.6159435905574426, 49011.99009301698, 3.2232167873695725, 50437087.12999999, 41627266.769999996, 19289575.22, 26217759.0, 14598721.0, 21399787.0]
[446.531914893617, 392.3829787234043, 326.59574468085106, 98.2872340425532, 48.776595744680854, 96.75531914893617, 524.8530916244008, 371.0719463723716, 325.7868001032002, 85.1717584497849, 53.81912244708757, 84.1025597874421, 1.0, 0.0, 10.0, 1.0, 0.0, 0.0, 3151.0, 1917.0, 1243.0, 261.0, 239.0, 269.0, 371481.9148109572, 3.130076785003279, 174154.9529617207, 3.363403670832599, 116740.64580256508, 3.2121683818373796, 41699821.28000001, 25641538.080000002, 18703399.959999993, 26078213.0, 12571980.0, 17948216.0]
[450.1551724137931, 396.2241379310345, 307.73275862068965, 112.1896551724138, 55.75, 102.62068965517241, 529.799529000862, 380.4736884282629, 349.7707163957212, 110.51042947382277, 54.523210055742396, 88.81623971876489, 2.0, 3.0, 1.0, 0.0, 0.0, 0.0, 3211.0, 1639.0, 1753.0, 479.0, 292.0, 334.0, 299984.9977307568, 3.5348601762123155, 131855.88532762317, 3.1959749178848167, 136991.51462285066, 3.3492708474781403, 64710913.199999996, 40436068.8, 29062854.599999994, 26915958.0, 18841653.0, 20194685.0]
