[338.6347826086957, 286.3652173913043, 333.2782608695652, 109.92173913043479, 67.42608695652174, 103.19130434782609, 336.54272506934603, 225.43689864524322, 234.39180528105885, 95.86715477873507, 54.715381728648026, 96.82339644507904, 2.0, 6.0, 8.0, 0.0, 0.0, 0.0, 2322.0, 1034.0, 1023.0, 426.0, 203.0, 405.0, 105764.85318688801, 3.5445147754450463, 59959.80426263399, 3.38220969782998, 57442.01363200831, 3.536614795441451, 30014090.349999998, 17507903.599999994, 21892160.15, 13595588.0, 10981831.0, 14593122.0]
[456.4757281553398, 324.22330097087377, 319.1747572815534, 199.97087378640776, 113.3883495145631, 103.54368932038835, 366.9502248839163, 253.9010511310801, 212.42140078961182, 158.52917442334288, 71.80778168133513, 71.20624238704724, 11.0, 6.0, 19.0, 1.0, 3.0, 1.0, 1727.0, 1166.0, 1019.0, 617.0, 260.0, 259.0, 164157.65234184384, 3.3445748157493984, 64108.84869361001, 3.4267012372445627, 46155.27605382024, 3.514947683708739, 36252571.129999995, 17925031.289999995, 15548263.03, 15372864.0, 11193153.0, 16351824.0]
[364.6666666666667, 482.27272727272725, 264.5858585858586, 81.76767676767676, 101.97979797979798, 108.06060606060606, 257.03549345948153, 504.0330977588313, 241.71994294718002, 59.849612257763695, 65.4544521174808, 83.88376532645175, 3.0, 13.0, 3.0, 0.0, 3.0, 1.0, 1154.0, 2999.0, 1234.0, 234.0, 262.0, 294.0, 57008.5573572115, 3.1736922063983557, 172444.46403993233, 3.196138435830572, 50303.77040502557, 3.3130939579978596, 19443388.139999997, 47443719.50999999, 12529992.42, 21185997.0, 15733116.0, 11809764.0]
[259.4709677419355, 416.59354838709675, 286.14193548387095, 100.29032258064517, 93.76774193548387, 94.69677419354839, 257.5137698922571, 369.17249860240156, 213.52728584755715, 68.41934940696154, 60.235341413970964, 63.18899441754575, 5.0, 2.0, 5.0, 0.0, 5.0, 0.0, 1745.0, 2133.0, 1139.0, 255.0, 283.0, 228.0, 64316.40173639883, 3.8391675485029406, 148901.552083252, 3.4847997052788853, 47618.71102142312, 3.7317766161919805, 32003869.9, 74227457.1, 30554263.4, 22149856.0, 21687303.0, 14246337.0]
[237.84883720930233, 465.75581395348837, 342.3081395348837, 79.34302325581395, 93.27325581395348, 96.42441860465117, 213.58014875020683, 424.58670474832485, 305.5151786373387, 54.73619677681397, 63.84118439084134, 61.832920386470924, 0.0, 1.0, 5.0, 0.0, 2.0, 0.0, 1391.0, 3003.0, 1931.0, 228.0, 273.0, 256.0, 44362.822678161465, 4.005201492051932, 157750.9506002758, 3.6875003289878774, 96855.82178856677, 3.897592543728553, 30153000.080000002, 117198271.6, 62118032.19999999, 23969769.0, 36028260.0, 17237848.0]
[351.11206896551727, 338.0603448275862, 320.94827586206895, -2.336206896551724, 177.76724137931035, 83.52586206896552, 822.769763046448, 268.9197807911304, 237.44252741050505, 1111.83962672106, 870.7098489189714, 150.25395668417647, 3.0, 1.0, 3.0, -11855.0, 6.0, -1343.0, 8781.0, 1577.0, 1529.0, 395.0, 9453.0, 527.0, 279391.6497267004, 3.877906285585889, 58691.858239749505, 3.4726616926065494, 57038.86022478973, 3.4357245233157965, 106893655.47999999, 25025363.24, 21381681.44, 14087665.0, 14739478.0, 12710581.0]
[331.66990291262135, 178.59223300970874, 300.70873786407765, 75.31067961165049, 83.00970873786407, 77.40776699029126, 282.2881085737537, 151.56480765492557, 285.37775553513933, 49.525004404828735, 58.56745652356627, 52.675372243992854, 4.0, 0.0, 2.0, 0.0, 0.0, 0.0, 1405.0, 822.0, 1612.0, 222.0, 223.0, 210.0, 95718.23384898299, 3.388057205370184, 27533.521069278217, 3.433517816627239, 94311.25975312607, 3.4242504149416284, 20042294.139999997, 5797187.1099999985, 18149402.37, 7238430.0, 6771858.0, 13137494.0]
[219.98692810457516, 273.32026143790847, 293.58169934640523, 56.92156862745098, 78.24183006535948, 72.88235294117646, 175.01330727329912, 248.30752509938927, 240.8471237762738, 51.61554863295667, 62.43786660434926, 57.620804582572724, 0.0, 6.0, 2.0, 0.0, 1.0, 0.0, 1224.0, 1650.0, 1347.0, 241.0, 287.0, 206.0, 28320.2603907851, 3.80572250179074, 67402.83433597299, 3.7147441432703703, 58418.1708007804, 3.748586034818739, 18451842.84, 31826316.419999998, 33666453.53999999, 11078266.0, 16443799.0, 11323880.0]
[342.2830188679245, 387.20754716981133, 333.5566037735849, 100.89622641509433, 95.41509433962264, 94.31132075471699, 391.3397684564674, 360.5045595638248, 262.92338482780144, 66.9491533066818, 62.244505272816504, 71.55635317806347, 4.0, 2.0, 6.0, 1.0, 5.0, 0.0, 2907.0, 2092.0, 1499.0, 264.0, 272.0, 265.0, 280103.98086070444, 3.5312548994873096, 191787.98067226788, 3.265623845545503, 107055.3485123493, 3.2727456342396093, 30209075.679999996, 31311041.08, 20195199.5, 21501411.0, 16681154.0, 16399606.0]
[383.4036697247706, 217.86238532110093, 321.0550458715596, 112.10091743119266, 83.64220183486239, 81.59633027522936, 374.7499195578708, 171.6392895046614, 234.80878094433072, 75.03751468606646, 43.40432708753643, 65.17712608105856, 5.0, 1.0, 9.0, 0.0, 0.0, 0.0, 1753.0, 811.0, 1377.0, 257.0, 198.0, 223.0, 104403.96177942763, 3.089680625481958, 25005.98766946092, 3.4652815246208553, 45775.50775791175, 3.4968676161876737, 33997179.57, 9107236.669999996, 18737011.709999997, 9193366.0, 7801707.0, 16906780.0]
[262.031914893617, 235.98936170212767, 291.1063829787234, 68.11702127659575, 87.15957446808511, 67.1063829787234, 215.84549691939324, 191.8821600005324, 207.59998073658448, 46.2333623391414, 64.44724494082068, 50.59930470114038, 1.0, 4.0, 3.0, 1.0, 1.0, 1.0, 1045.0, 968.0, 975.0, 189.0, 324.0, 177.0, 43133.891715883656, 3.065666866595546, 30162.700392589024, 3.389708723482385, 48553.692899450565, 3.372164392697307, 10139696.34, 8139551.179999998, 11255490.440000005, 6932142.0, 7615691.0, 7407556.0]
[346.56435643564356, 402.05940594059405, 406.48514851485146, 70.39603960396039, 94.79207920792079, 86.65346534653466, 267.3626905849649, 409.3065555737454, 326.4442560028093, 60.903871668050925, 71.5547785730182, 71.58958522628336, 15.0, 13.0, 2.0, 2.0, 0.0, 0.0, 1313.0, 2424.0, 1495.0, 244.0, 316.0, 259.0, 69562.62277643778, 3.0030138249294547, 144757.02507374767, 3.057003060481292, 114652.47243614041, 3.2714634659465784, 19471863.729999997, 33410814.139999997, 27618281.33000001, 18522679.0, 19725969.0, 16169188.0]
[289.8421052631579, 352.5157894736842, 275.93684210526317, 72.66315789473684, 85.82105263157895, 56.189473684210526, 410.671357858974, 347.6446236065048, 261.73601328341516, 54.24013010056178, 64.15705114518697, 52.70356577561641, 1.0, 3.0, 2.0, 1.0, 0.0, 0.0, 2767.0, 2249.0, 1637.0, 201.0, 270.0, 217.0, 45213.60787116892, 3.3766080303754378, 81029.79059045325, 3.2574706183956836, 93343.1192892652, 3.257591042773428, 22642293.349999998, 22007642.050000004, 12989300.6, 18111641.0, 11167460.0, 10347512.0]
[311.1188118811881, 308.65346534653463, 281.1287128712871, 100.37623762376238, 81.14851485148515, 76.52475247524752, 260.59632718550404, 254.78930258719905, 187.17017194875558, 70.54500003333312, 57.46362086374541, 51.514773426543556, 5.0, 2.0, 2.0, 1.0, 0.0, 2.0, 1253.0, 968.0, 873.0, 304.0, 270.0, 222.0, 55783.7814686819, 3.2704204127102665, 48282.39008053667, 3.122930102176068, 28175.18682138772, 3.4137773180757085, 16733004.309999997, 16274859.219999999, 11600492.36, 11125271.0, 9459896.0, 9839786.0]
[359.06617647058823, 252.8308823529412, 331.09558823529414, 117.34558823529412, 99.17647058823529, 86.38235294117646, 330.3366678205037, 226.94050632178042, 237.15070622259094, 84.50591727486443, 67.66933572764957, 70.18357503570923, 1.0, 3.0, 8.0, 0.0, 1.0, 2.0, 1729.0, 1252.0, 1026.0, 331.0, 308.0, 252.0, 113760.16361681036, 3.594874911959569, 58268.5431946697, 3.8875417450864966, 47944.76339974274, 3.7442028232617464, 43881475.760000005, 21279048.24, 30601856.4, 15767317.0, 12132956.0, 17312457.0]
[308.80981595092027, 281.92638036809814, 322.52147239263803, 60.15337423312884, 97.11656441717791, 80.96319018404908, 244.96350325659472, 233.62356442648482, 210.66494776089976, 51.75483311624093, 63.180946557304736, 61.993915429288144, 2.0, 2.0, 5.0, 0.0, 3.0, 1.0, 1350.0, 1211.0, 927.0, 244.0, 282.0, 239.0, 44704.60657851709, 3.7740792691500737, 55883.16597341302, 3.648570900332123, 43840.096285080734, 3.745615786698551, 41182608.51999999, 35530088.0, 39356009.33, 17009871.0, 15252782.0, 18031075.0]
[233.65, 310.11, 306.43, 81.67, 88.13, 72.01, 170.09429203185564, 235.18713352940415, 216.10141909143803, 60.88075030398162, 64.78552884305837, 58.882607917376724, 2.0, 4.0, 5.0, 1.0, 4.0, 0.0, 1002.0, 1579.0, 906.0, 242.0, 262.0, 224.0, 31022.20774851179, 3.4001944883576805, 64904.03019012738, 3.2226133803632977, 37365.40629619042, 3.1696545140177736, 8323506.999999998, 15092807.000000006, 14013216.999999998, 8413806.0, 9496402.0, 7409462.0]
[401.9357798165138, 273.23853211009174, 145.28440366972478, 48.981651376146786, 57.43119266055046, 39.89908256880734, 339.5164119534266, 221.88092815586205, 160.03032650922873, 56.84758401514367, 51.932535825512055, 41.49920680949448, 2.0, 2.0, 4.0, 0.0, 1.0, 0.0, 1532.0, 1108.0, 1023.0, 251.0, 206.0, 276.0, 91361.9563243556, 3.4231678650824175, 36700.930864630245, 3.41581491461294, 13465.088478787218, 2.818863083214646, 32763785.71, 14665761.43, 5522563.480000001, 14467893.0, 5531188.0, 8295154.0]
[557.9489795918367, 361.33673469387753, 478.2040816326531, 152.92857142857142, 79.66326530612245, 110.06122448979592, 469.8677237079104, 279.03618890589223, 363.3057262207933, 114.9521863847712, 60.37578948749379, 83.1545346044898, 17.0, 4.0, 10.0, 0.0, 0.0, 0.0, 2058.0, 946.0, 2300.0, 411.0, 280.0, 283.0, 241922.25456159454, 3.098992197765831, 82896.43183220389, 3.366493253057647, 84678.51209205406, 3.497766448825656, 50884866.34, 19940874.380000003, 34509414.24, 21000031.0, 18752356.0, 31754034.0]
[272.5412371134021, 241.89175257731958, 232.2577319587629, 99.80927835051547, 90.75773195876289, 78.25773195876289, 1013.3758187879564, 870.5000014190049, 718.9115085073123, 100.65119432300597, 78.62752795517795, 72.90255805522285, -13185.0, -11205.0, -9289.0, 0.0, 0.0, 0.0, 1911.0, 1300.0, 1013.0, 870.0, 646.0, 472.0, 104954.2726747353, 3.8874431005064034, 94722.9839484074, 4.20519158416102, 51817.69353518173, 4.063508227278161, 412458877.86, 305745771.22, 213815128.96, 170750339.0, 121928045.0, 141516160.0]
[279.6909090909091, 394.3, 366.23636363636365, 107.94545454545455, 113.38181818181818, 107.86363636363636, 209.25677766601962, 317.75484029690267, 263.1945918155756, 77.75730726022024, 71.02564232883445, 76.16031826613295, 2.0, 7.0, 1.0, 1.0, 0.0, 0.0, 936.0, 2189.0, 1352.0, 308.0, 299.0, 312.0, 48045.20141078848, 3.380175584130514, 142319.5561619388, 3.5683750198958384, 82171.87658334599, 3.3374178994139028, 14715696.600000003, 30918251.099999998, 24535258.000000004, 14689166.0, 18184447.0, 11878402.0]
[424.6770833333333, 289.5729166666667, 354.875, 137.29166666666666, 108.69791666666667, 88.53125, 369.85133556155597, 217.9722698341848, 251.15980444414478, 117.40195610911094, 70.64784718166229, 79.818208333556, 2.0, 5.0, 4.0, 1.0, 2.0, 0.0, 2211.0, 1179.0, 1403.0, 431.0, 297.0, 272.0, 99290.17428434863, 3.1493233066031467, 44475.38665028347, 3.3523614123511334, 41655.41147741753, 3.2199152587910267, 29096362.559999987, 12060930.239999998, 17359296.0, 13251427.0, 11097886.0, 16647342.0]
[389.70535714285717, 384.7142857142857, 362.49107142857144, 67.5625, 94.875, 89.21428571428571, 291.19380371565916, 306.8760182954846, 216.0246480571397, 63.42418063474836, 72.73425962036406, 69.10423365753441, 1.0, 6.0, 11.0, 0.0, 0.0, 1.0, 1488.0, 1228.0, 993.0, 304.0, 299.0, 261.0, 89670.43789644589, 3.4534141077452074, 107614.5869864364, 3.410741880113542, 41559.9009192516, 3.53100602912118, 29592175.200000003, 30273331.200000007, 22284385.76, 19210983.0, 16857285.0, 16080154.0]
[285.27522935779814, 395.0642201834862, 358.4678899082569, 90.66055045871559, 110.78899082568807, 110.42201834862385, 237.48122232043528, 294.05237865580386, 227.44114292808194, 75.71660371062589, 78.0968147254959, 81.69311290365027, 1.0, 9.0, 4.0, 0.0, 0.0, 0.0, 1326.0, 1400.0, 1002.0, 263.0, 295.0, 362.0, 48776.97705978435, 3.5588169981331848, 85528.18945405967, 3.189000372090612, 55062.10725450594, 3.4648414734684017, 16308084.049999999, 28722230.300000004, 21356586.910000004, 11470292.0, 14937810.0, 11914651.0]
[416.7708333333333, 259.1979166666667, 355.8541666666667, 90.28125, 106.30208333333333, 103.265625, 302.8843187728018, 231.36721429156754, 242.47979261266275, 66.62604919952234, 67.5632912182668, 70.41200565188771, 1.0, 3.0, 0.0, 0.0, 3.0, 0.0, 1349.0, 1174.0, 1195.0, 280.0, 290.0, 294.0, 106984.18334778112, 3.6076723228491017, 45494.329831773284, 4.048914098663113, 72990.86280119693, 3.927861479952666, 97674497.28, 44397358.07999999, 68243523.84, 22980427.0, 19269326.0, 30553246.0]
[200.08461538461538, 304.4384615384615, 173.77692307692308, 61.253846153846155, 65.96153846153847, 85.16153846153846, 188.36234398014875, 290.07122899227295, 213.23264091890303, 65.04492324044969, 69.68104564116268, 246.6015775377895, 1.0, 1.0, 1.0, 0.0, 0.0, 0.0, 1156.0, 1617.0, 1140.0, 428.0, 307.0, 2184.0, 25877.821558584033, 3.646288322883662, 97779.58588763267, 3.8574471803040753, 32450.384084467143, 3.0451357634604523, 12715779.7, 29773888.299999997, 12728543.100000001, 9984034.0, 9997465.0, 6660230.0]
[331.3063063063063, 220.27927927927928, 382.4954954954955, 66.61261261261261, 144.02702702702703, 37.108108108108105, 301.90319919991185, 190.68108411553527, 294.8905767437343, 63.92057161696441, 1008.4623710423476, 35.95865083710136, 1.0, 1.0, 6.0, 0.0, 0.0, 0.0, 1613.0, 969.0, 1431.0, 265.0, 10661.0, 155.0, 72073.93044172629, 3.5552201741692047, 44203.46169955675, 3.6559153834060054, 74412.90923671753, 3.5146960418591613, 24652876.889999997, 10417981.589999996, 28643839.709999997, 9511037.0, 10222422.0, 14514470.0]
[778.4160583941606, 635.8467153284671, 576.8905109489051, 171.62773722627736, 137.67883211678833, 139.7810218978102, 683.1935782254303, 605.0049937872528, 504.3850897938545, 183.49034304206626, 163.942822453196, 155.93813419432357, 12.0, 3.0, 3.0, 1.0, 0.0, 0.0, 3535.0, 2783.0, 2421.0, 812.0, 748.0, 838.0, 440683.56512797746, 3.5054461368161705, 300119.0926976588, 3.3642246324577703, 223558.31402432808, 3.731596777979664, 200692800.14999995, 144082167.04999995, 109864344.23999996, 80627625.0, 62873415.0, 74406029.0]
[552.2923076923076, 665.8307692307692, 526.0769230769231, 107.8923076923077, 158.54615384615386, 104.96153846153847, 482.17804370568615, 697.0429472878589, 525.9628397193599, 96.76137404078747, 176.09234326677992, 92.01789544912504, 2.0, 2.0, 0.0, 1.0, 2.0, 1.0, 1910.0, 3783.0, 3486.0, 442.0, 1001.0, 430.0, 242738.82724932043, 3.5785272000850905, 584530.3685903292, 3.599964150417154, 410535.1607298455, 3.6691018540715796, 90539051.2, 156403083.2, 93163930.6, 65765976.0, 68145527.0, 44622441.0]
[620.5238095238095, 495.0571428571429, 410.4190476190476, 95.92380952380952, 99.95238095238095, 106.54285714285714, 544.6243076166234, 420.7781442794964, 338.7443380438654, 77.96704126622687, 111.21387753682791, 86.45597240697235, 3.0, 14.0, 5.0, 2.0, 0.0, 2.0, 2711.0, 2005.0, 1811.0, 246.0, 516.0, 279.0, 317588.39436383545, 3.3089722498349503, 229474.66837714185, 3.279147745870482, 117575.68643167324, 3.5361483319606712, 74842167.75, 46354567.35, 31101380.099999998, 37280728.0, 23475307.0, 31064805.0]
[479.4594594594595, 605.4324324324324, 502.2837837837838, 145.00675675675674, 109.50675675675676, 87.49324324324324, 463.13657612112917, 539.7637573706795, 417.69015044176206, 128.8170931648849, 123.05545990543885, 77.54265857973854, 2.0, 2.0, 8.0, 1.0, 0.0, 1.0, 2978.0, 2251.0, 1992.0, 504.0, 619.0, 284.0, 220414.55965290515, 3.821551664881758, 315069.2581620251, 3.5778088368592376, 163684.5403820574, 4.0168363447703985, 97018854.39999999, 143673767.6, 93218001.27999999, 51050682.0, 47877536.0, 40610776.0]
[503.3621621621622, 567.2054054054054, 553.2162162162163, 136.83243243243243, 92.31891891891892, 99.76216216216216, 387.018598131469, 560.311317748187, 447.25927063660487, 125.85122784906126, 95.30860013500605, 86.83897939937879, 3.0, 1.0, 3.0, 0.0, 0.0, 0.0, 2347.0, 2917.0, 2535.0, 625.0, 579.0, 355.0, 179043.31096965948, 4.072534756394452, 375471.05298927496, 3.967206939622511, 149903.18332591307, 4.067343271652842, 137703336.60000002, 216977507.14999998, 172838897.35000002, 68102488.0, 62179018.0, 52156484.0]
[571.3617021276596, 504.031914893617, 475.25531914893617, 116.70212765957447, 93.12765957446808, 101.90425531914893, 439.3452325406654, 390.28714138942394, 368.1462114920083, 95.62548247538516, 91.94694988042275, 94.62092668455423, 4.0, 15.0, 1.0, 0.0, 0.0, 0.0, 2088.0, 1726.0, 1756.0, 336.0, 434.0, 311.0, 205115.12881636972, 3.304586944094062, 183881.74738907992, 3.3133182824229954, 99908.18425488898, 3.4385276418976414, 45719671.120000005, 35763865.1, 31805838.120000012, 28934404.0, 22851355.0, 27871789.0]
[569.5826771653543, 546.4566929133858, 490.8267716535433, 105.0, 100.56692913385827, 118.10236220472441, 612.357822059309, 439.3915120793631, 440.3050546863529, 89.14941978285135, 90.72184862684796, 89.91211181769985, 4.0, 12.0, 15.0, 0.0, 3.0, 0.0, 3193.0, 2682.0, 2281.0, 354.0, 420.0, 363.0, 477529.6912227179, 3.5767325941282584, 257801.0710248387, 3.5554673194583795, 260156.64254594065, 3.6223420481190565, 112331051.69000001, 79057845.43999998, 69879366.21000001, 54970688.0, 37755099.0, 41743134.0]
[428.81456953642385, 399.6754966887417, 395.2450331125828, 96.05298013245033, 73.62913907284768, 94.56953642384106, 424.5285762501509, 327.77639837077703, 350.62093428444757, 75.93284647893121, 70.19502507481468, 71.40163489573376, 8.0, 0.0, 3.0, 1.0, 0.0, 0.0, 2575.0, 1574.0, 1901.0, 294.0, 313.0, 309.0, 180438.96186710865, 3.6507110639322673, 146338.3323258385, 3.3838622975809107, 172956.13934267455, 3.7552371283254584, 82747771.99, 60756995.71000004, 63464197.699999996, 29676372.0, 26630545.0, 31498687.0]
[573.3225806451613, 445.4193548387097, 367.4032258064516, 116.26612903225806, 81.31451612903226, 94.34677419354838, 634.633067896783, 360.1816862390693, 360.45305546320674, 97.10794503938303, 79.28566925078235, 85.05082596682793, 21.0, 2.0, 8.0, 0.0, 0.0, 1.0, 3030.0, 1757.0, 1756.0, 313.0, 359.0, 376.0, 310862.9119800025, 3.4439091843199843, 113330.23741599292, 3.535117760203994, 84448.16902324551, 3.5776913002292154, 111969547.27999996, 50292287.04, 40571688.95999999, 39274881.0, 22816413.0, 31046027.0]
[427.0118343195266, 385.36686390532543, 266.93491124260356, 114.90532544378698, 60.37278106508876, 68.19526627218934, 462.9443166681126, 368.03861772042177, 305.2146618133788, 111.76922667261613, 68.03332143992539, 74.58698007364326, 2.0, 3.0, 0.0, 0.0, 0.0, 0.0, 2952.0, 2116.0, 2163.0, 719.0, 532.0, 503.0, 255235.09535489744, 3.9966153125223447, 151585.741474226, 3.670496438386587, 181714.72012916213, 4.028484344146434, 112926879.90999997, 80872913.54999998, 46799774.06, 38259606.0, 22768647.0, 25826442.0]
[523.059405940594, 427.65346534653463, 290.0693069306931, 106.82178217821782, 60.18811881188119, 55.34653465346535, 752.8043812542829, 463.45397690911153, 333.65042357011157, 107.59195100374413, 64.75565038995241, 58.701862942084624, 12.0, 1.0, 6.0, 4.0, 0.0, 0.0, 5654.0, 2255.0, 1831.0, 626.0, 362.0, 286.0, 134981.55299783006, 3.2130689327491684, 167924.77283440222, 3.236388785561085, 64122.522760793065, 3.091788332966366, 85147190.48999998, 40350100.95, 19826725.209999997, 38596835.0, 17248574.0, 27737153.0]
[440.81045751633985, 454.62745098039215, 405.7712418300654, 133.6143790849673, 69.33986928104575, 66.50326797385621, 450.13561920758343, 448.7645743470116, 384.16297420036983, 123.69120741540874, 72.28144584290422, 69.94068202704331, 2.0, 6.0, 2.0, 0.0, 0.0, 0.0, 2858.0, 2375.0, 1872.0, 525.0, 436.0, 306.0, 254382.99874859842, 3.805350709596018, 174358.4814478056, 3.826071068221427, 149597.50859835136, 3.819840324206745, 92608721.28, 95218329.06, 72864470.60999998, 41803603.0, 35642299.0, 37497186.0]
[460.42105263157896, 527.0, 421.1353383458647, 163.89473684210526, 67.18045112781955, 89.1203007518797, 413.41149451346087, 560.2114860397894, 369.11326548485386, 135.6538187177028, 60.64537187698639, 76.97855246302572, 2.0, 11.0, 1.0, 0.0, 0.0, 1.0, 1717.0, 2782.0, 2052.0, 479.0, 243.0, 335.0, 120723.2251762912, 3.36373341863691, 230927.31296359375, 3.5656620165435573, 102352.59042813946, 3.3771008809290954, 67503272.19999999, 104224690.56999998, 55291423.67, 41445439.0, 39785886.0, 31576450.0]
[429.74242424242425, 519.4242424242424, 418.3560606060606, 154.38636363636363, 65.96212121212122, 87.24242424242425, 362.97058155164694, 554.1356397075342, 361.06845542773937, 142.15847772725112, 60.629321163766036, 75.3082339113164, 0.0, 1.0, 1.0, 0.0, 0.0, 0.0, 1359.0, 3031.0, 1533.0, 602.0, 281.0, 287.0, 142634.98512124692, 3.2588344442709523, 293819.41534751793, 3.5348575429516416, 133026.95059294053, 3.356611937653799, 54960193.2, 100108126.79999998, 53039451.95999999, 32516516.0, 36143142.0, 26793630.0]
[547.4716981132076, 489.00943396226415, 458.9339622641509, 158.25471698113208, 73.83018867924528, 87.09433962264151, 531.7632521472613, 595.6854154634533, 444.4174200192111, 130.26895703894454, 68.02009110733222, 80.46218020812923, 4.0, 4.0, 4.0, 0.0, 0.0, 0.0, 2201.0, 2976.0, 2103.0, 496.0, 268.0, 336.0, 271693.9664979419, 3.1849761685881486, 371236.82884488953, 3.4524866450253384, 219593.06657600641, 2.830133046335879, 65149671.239999995, 66362488.260000005, 45647817.739999995, 36159553.0, 34892531.0, 36381168.0]
[451.8775510204082, 381.9591836734694, 338.4795918367347, 118.92857142857143, 62.734693877551024, 84.34693877551021, 431.3332546932243, 377.3927353134503, 318.5153779191292, 109.35464390838597, 63.12931435013131, 69.34600264842813, 22.0, 12.0, 8.0, 0.0, 0.0, 0.0, 2217.0, 1798.0, 1471.0, 402.0, 297.0, 292.0, 192901.04669416902, 3.2335940675572266, 109793.8957016504, 3.259872815846794, 96704.40493905783, 2.967526565415557, 37296485.24, 27550493.040000003, 20647183.900000002, 20911370.0, 15310000.0, 18541702.0]
[589.6224489795918, 441.9387755102041, 402.8265306122449, 133.0612244897959, 59.59183673469388, 108.22448979591837, 583.6501479147855, 424.06860503924173, 368.8032477860383, 117.77479963647997, 50.05251607725421, 91.41651936397277, 14.0, 3.0, 16.0, 0.0, 0.0, 3.0, 2764.0, 2557.0, 1928.0, 386.0, 203.0, 339.0, 356035.99645951285, 3.0753240415207697, 222751.5868551533, 3.308573679827301, 161133.83991137167, 3.222495897055129, 65770701.78, 35852598.32000001, 28514000.619999994, 38160896.0, 21437764.0, 33238738.0]
[522.7227722772277, 389.83168316831683, 367.4059405940594, 124.81188118811882, 55.039603960396036, 101.85148514851485, 541.3194827236847, 396.2110566177307, 375.56584451245885, 132.28399093399676, 49.52411953625813, 108.36442092666888, 9.0, 1.0, 3.0, 0.0, 0.0, 0.0, 2593.0, 2353.0, 1648.0, 495.0, 219.0, 460.0, 206533.27370765584, 3.2872586369842125, 191167.43251314483, 3.553998777033211, 74688.4584137134, 3.399268376742634, 57468825.27, 31357634.63, 28016056.699999996, 29925508.0, 18046830.0, 30595213.0]
[539.9368421052632, 473.81052631578945, 379.9789473684211, 104.09473684210526, 73.37894736842105, 100.69473684210526, 491.57815357787007, 517.0017139511662, 393.10501490512814, 96.92968208901141, 85.45848549770251, 91.37438461348913, 7.0, 2.0, 0.0, 0.0, 0.0, 0.0, 2079.0, 2197.0, 1961.0, 360.0, 418.0, 352.0, 290873.2581313982, 2.9349954787044616, 257283.23885362418, 3.2158118348710896, 188034.5301242061, 3.2085004769277425, 47890007.3, 44129867.4, 26830323.7, 32700187.0, 21599626.0, 26278560.0]
[479.10833333333335, 392.9583333333333, 288.8, 88.76666666666667, 63.891666666666666, 91.24166666666666, 573.5680569002762, 392.217428034938, 266.4820488380806, 82.48602971436567, 63.339262032691366, 84.48658546331067, 3.0, 4.0, 4.0, 0.0, 0.0, 0.0, 2814.0, 1975.0, 1357.0, 339.0, 286.0, 337.0, 312919.74023117323, 3.3787399945939076, 144582.1493823225, 3.5363443965970207, 61120.091645338085, 3.4858559923369787, 80032839.6, 44203508.39999999, 22150994.4, 32462564.0, 17987348.0, 24131906.0]
[448.0103092783505, 443.16494845360825, 325.9587628865979, -272.41237113402065, 114.48453608247422, 208.70103092783506, 542.643308545566, 401.5934065385757, 311.3973519183921, 2081.7537015727935, 734.2269193030243, 906.4185494404664, 6.0, 2.0, 9.0, -11858.0, -2242.0, -1344.0, 3443.0, 2082.0, 1446.0, 286.0, 6751.0, 6750.0, 438284.51849701407, 3.3416597973807134, 196509.73829695134, 2.923096871440876, 126070.95209098991, 3.282175171720514, 46305387.61000001, 33496960.529999994, 19026668.34, 27675088.0, 18098289.0, 18314420.0]
[364.8263888888889, 487.5208333333333, 433.7083333333333, 111.53472222222223, 65.70833333333333, 87.90972222222223, 400.0701219980568, 465.9270324449281, 371.4140221829621, 115.20913869603895, 82.24182957272127, 82.21385325512463, 2.0, 5.0, 5.0, 0.0, 0.0, 0.0, 2441.0, 2426.0, 2131.0, 430.0, 341.0, 339.0, 141040.6835068468, 3.6141222903136883, 228945.63850881846, 3.3692103575423196, 184449.80871965928, 3.89810698345417, 60558014.879999995, 93987372.96000001, 67411350.72, 30842098.0, 35637415.0, 25166108.0]
[361.4751773049645, 417.34751773049646, 289.8085106382979, 140.5177304964539, 64.29787234042553, 82.67375886524823, 353.0326488657202, 411.392582505109, 260.60267828065713, 128.89306768662814, 57.33619458707077, 72.45249640320012, 8.0, 14.0, 8.0, 0.0, 0.0, 0.0, 1852.0, 2081.0, 1409.0, 539.0, 242.0, 305.0, 90192.94179109164, 3.8418272051835856, 137268.8993773159, 3.4055472924443664, 59293.5073181865, 3.6203658881385765, 50579737.13999999, 68037254.52, 30104023.11, 24741243.0, 22400582.0, 17338325.0]
[473.36, 469.77, 418.87, 184.53, 63.7, 106.62, 466.12324463806686, 541.799915638475, 419.1905536901211, 157.4014654097328, 61.70318329132485, 88.52469609200485, 23.0, 6.0, 13.0, 0.0, 2.0, 1.0, 2474.0, 2803.0, 2589.0, 770.0, 266.0, 349.0, 224295.8213563118, 3.3190608499148544, 234916.29536481883, 3.446283760056388, 151634.5705444998, 3.153955738636112, 43916786.00000001, 51129552.999999985, 34941559.0, 25046186.0, 26040489.0, 21398041.0]
[427.58870967741933, 457.0403225806452, 382.5241935483871, 136.7741935483871, 69.8225806451613, 86.0725806451613, 423.74102407160007, 472.2078466029456, 321.70762527158246, 142.94161857374695, 68.79131259992853, 79.5056037690709, 1.0, 0.0, 1.0, 0.0, 0.0, 0.0, 1897.0, 2678.0, 1610.0, 584.0, 295.0, 362.0, 144528.72633211844, 3.104543075617647, 236330.62676849464, 3.501535512828304, 82439.633901327, 3.427840720714958, 55498215.000000015, 66127237.080000006, 38284073.72, 30653320.0, 27218876.0, 26554188.0]
[473.25471698113205, 448.8490566037736, 348.4056603773585, 127.09433962264151, 64.59433962264151, 101.50943396226415, 433.5274816646467, 471.2397992823537, 319.3334360761905, 119.96321089256901, 61.50490159357983, 90.07977895631964, 5.0, 0.0, 7.0, 0.0, 0.0, 1.0, 2012.0, 2043.0, 1470.0, 438.0, 268.0, 316.0, 193405.31364955645, 3.200309058411505, 239903.3191541937, 3.3901031676561444, 84281.97039085646, 3.213961330612697, 46083670.66000001, 47352712.199999996, 24988676.380000006, 27907469.0, 18569082.0, 21850197.0]
[500.89240506329116, 428.96835443037975, 333.3164556962025, 119.71518987341773, 62.620253164556964, 107.94303797468355, 494.50974996271975, 478.47229579745004, 312.4578155192756, 109.9902191234746, 59.03109486063301, 94.81784371231676, 9.0, 5.0, 3.0, 0.0, 0.0, 0.0, 2511.0, 2999.0, 1773.0, 390.0, 285.0, 375.0, 185484.86874436494, 3.6970584963324127, 165307.5817664719, 4.035465658944301, 78616.84270292774, 3.756921266407736, 123293544.61999999, 102727016.42, 51953038.6, 46346448.0, 24587582.0, 36891880.0]
[408.4845360824742, 369.9896907216495, 264.5257731958763, 89.1340206185567, 48.04123711340206, 97.58762886597938, 440.134996180198, 361.3349523769855, 235.93294831298226, 93.03053137567923, 43.015481109947785, 95.2051242249815, 10.0, 2.0, 2.0, 0.0, 0.0, 0.0, 2411.0, 1758.0, 1246.0, 347.0, 213.0, 363.0, 244524.23645649213, 3.259116626178155, 187997.2871882439, 3.3151658373879602, 58409.25817521574, 3.0895050113632756, 33738917.33, 25038224.910000004, 11767307.650000002, 19209350.0, 10917568.0, 14870289.0]
[357.9316239316239, 378.7264957264957, 310.56410256410254, 84.21367521367522, 48.87179487179487, 99.64957264957265, 374.96819926071447, 367.62069620015023, 284.7484789888651, 76.67877792316564, 46.37897458784129, 87.362237979666, 4.0, 0.0, 2.0, 0.0, 0.0, 0.0, 1756.0, 2251.0, 1703.0, 270.0, 233.0, 319.0, 135253.6796471012, 3.5924867713760142, 129508.38630480653, 3.2554410349779896, 64471.02207349586, 3.3779662770152656, 36620056.97999999, 37976523.38999999, 24207456.78, 19878935.0, 14724959.0, 16928637.0]
[385.9032258064516, 473.5268817204301, 232.69892473118279, 114.19354838709677, 66.89247311827957, 102.93548387096774, 467.11368750519233, 442.81924350878467, 230.60052909863487, 106.53334424575777, 75.05207791428553, 94.72911109093413, 1.0, 4.0, 1.0, 0.0, 1.0, 0.0, 3049.0, 2754.0, 1309.0, 510.0, 388.0, 365.0, 109654.89858162907, 3.272206366323323, 263090.83465683984, 3.327533309020823, 33025.17360294789, 3.479988302280665, 31548984.27, 36170819.22, 9233119.05, 24240825.0, 13880308.0, 10446723.0]
[384.66355140186914, 491.4766355140187, 332.78504672897196, 153.13084112149534, 57.44859813084112, 96.66355140186916, 471.6402519334756, 471.1438578887656, 291.06496156315677, 160.10221287712972, 58.0306089766849, 83.40240527788443, 1.0, 37.0, 0.0, 0.0, 0.0, 4.0, 2852.0, 2505.0, 1754.0, 756.0, 287.0, 341.0, 256254.54982948958, 3.435874229874178, 251697.14788378193, 3.259660075528633, 86414.85686239862, 3.4464159990922987, 42170291.089999996, 52831556.02, 22288104.279999997, 28138951.0, 23252959.0, 14434395.0]
[315.3814432989691, 418.91752577319585, 291.5979381443299, 140.27835051546393, 48.8041237113402, 93.12371134020619, 270.1307339087166, 364.63022565399194, 285.4540119044942, 137.43746625496337, 41.13940709528035, 80.08059192306924, 2.0, 16.0, 0.0, 1.0, 0.0, 0.0, 1068.0, 1559.0, 1955.0, 553.0, 166.0, 279.0, 59267.85384308399, 3.2408745234853575, 101663.8747271351, 3.2197119020315275, 70162.79568777468, 3.089843112713028, 16153728.159999998, 28892820.610000003, 15588201.670000002, 16037685.0, 13850027.0, 9427396.0]
[309.05825242718447, 257.0873786407767, 225.72815533980582, 150.72815533980582, 47.61165048543689, 98.15533980582525, 806.3950623443739, 1424.283728527762, 980.774805698853, 200.08210051027322, 72.12614671120352, 146.473765119443, -6465.0, -13215.0, -9072.0, 2.0, 0.0, 1.0, 2338.0, 3254.0, 1828.0, 1151.0, 611.0, 1294.0, 244863.70685034996, 3.479540245778122, 463686.33506262477, 3.6872359982468876, 262709.95251754904, 3.6811319659363333, 78451079.91, 220134953.67999995, 106464858.19999999, 111816447.0, 137459077.0, 72203111.0]
[374.1914893617021, 386.97872340425533, 318.29787234042556, 183.36170212765958, 48.91489361702128, 97.43617021276596, 342.72771337927725, 389.7049056926707, 246.5823960868669, 181.05561737217062, 45.03896988223728, 77.32998118114403, 0.0, 2.0, 5.0, 0.0, 0.0, 0.0, 1561.0, 1682.0, 1182.0, 828.0, 198.0, 269.0, 97572.71173633913, 3.4090596527556194, 117355.56642782451, 3.2737433449926927, 67248.53274039054, 2.984977401847313, 22640655.759999998, 26508601.6, 14267451.599999998, 16317951.0, 15383784.0, 11928516.0]
[345.6595744680851, 446.8404255319149, 277.43617021276594, 129.2127659574468, 43.1063829787234, 74.40425531914893, 378.017083109213, 542.7516175454516, 282.25396779064437, 146.62305356006596, 44.94165108037582, 77.71457553454664, 8.0, 22.0, 9.0, 1.0, 0.0, 0.0, 2191.0, 2934.0, 1610.0, 721.0, 202.0, 297.0, 203989.5046293854, 3.5257382729253806, 549558.2495786987, 3.3408212385514817, 85847.7568233378, 3.380056464163592, 23049348.960000005, 43394644.1, 13765657.980000002, 18457923.0, 17768321.0, 12498396.0]
[476.22115384615387, 434.1442307692308, 326.08653846153845, 105.09615384615384, 69.14423076923077, 100.47115384615384, 565.3984239459794, 323.2398315558541, 276.21853985345587, 91.08744536713104, 63.32554481871439, 88.07388301056464, 1.0, 6.0, 3.0, 0.0, 0.0, 0.0, 2824.0, 1439.0, 1536.0, 325.0, 287.0, 362.0, 219326.51810363663, 3.360838111304468, 95189.3668313364, 3.5596153241970425, 74567.38950882957, 3.3820943538569725, 58772863.75999999, 31578452.88000001, 19673816.24, 24144373.0, 15787711.0, 21225322.0]
[292.4949494949495, 385.83838383838383, 288.64646464646466, 94.28282828282828, 44.07070707070707, 96.08080808080808, 342.78821848093634, 297.90930365721147, 235.74351823631326, 72.22329891527322, 40.584065568476234, 67.85032699117765, 1.0, 11.0, 3.0, 0.0, 0.0, 1.0, 1592.0, 1576.0, 1246.0, 231.0, 170.0, 284.0, 89182.31498869932, 3.547116710992486, 65065.45537290149, 3.4919842295483865, 41800.72861798051, 3.3552402999757773, 19785293.549999993, 23201392.499999996, 13557764.880000003, 12112870.0, 10682609.0, 10253740.0]
[291.4347826086956, 401.6521739130435, 276.2608695652174, 94.65217391304348, 47.4, 90.69565217391305, 271.37557746178175, 326.15834179225163, 237.0146596604819, 75.78108400254688, 40.14814670953724, 74.75365084237639, 4.0, 5.0, 1.0, 0.0, 1.0, 0.0, 1338.0, 1345.0, 1126.0, 297.0, 176.0, 305.0, 101900.63722275404, 3.451877358303077, 96952.00942394303, 3.335555237962492, 53675.98164457765, 3.593873379323022, 20887372.949999996, 35281482.5, 17457995.900000002, 15532332.0, 14511000.0, 9474400.0]
[296.77464788732397, 419.92957746478874, 233.72535211267606, 153.21830985915494, 46.99295774647887, 98.01408450704226, 229.48676608164735, 340.97140430187585, 167.9189750730734, 127.27683103813114, 45.287653739850704, 65.04281033370471, 3.0, 6.0, 0.0, 1.0, 0.0, 3.0, 1516.0, 1858.0, 810.0, 715.0, 204.0, 285.0, 61124.0008053355, 3.8637574239831878, 127419.23025454363, 3.8303882475500814, 29265.642156629117, 3.9013545986581026, 28303902.919999994, 58835246.23999999, 16660656.940000003, 19342113.0, 14973067.0, 9923131.0]
[290.7641509433962, 396.4339622641509, 241.5, 166.46226415094338, 41.613207547169814, 101.00943396226415, 211.5639068995597, 283.44056297633443, 169.21630282823563, 133.40780119463292, 37.70728633761637, 68.34777946482086, 15.0, 15.0, 0.0, 0.0, 1.0, 4.0, 971.0, 1199.0, 916.0, 588.0, 175.0, 228.0, 37581.00948289614, 3.581902904318271, 77953.75454862861, 3.502546952669822, 28590.89920036962, 3.550547706623857, 14481049.020000003, 26600165.76, 9740069.700000001, 13670660.0, 10056923.0, 7225299.0]
[400.4251968503937, 448.503937007874, 277.0472440944882, 177.58267716535434, 51.84251968503937, 106.49606299212599, 439.8115851943774, 485.08372496144636, 284.2409233593678, 157.01993812054275, 46.38887133868413, 91.84051687535576, 2.0, 3.0, 0.0, 2.0, 0.0, 0.0, 2630.0, 2060.0, 1472.0, 535.0, 224.0, 394.0, 328505.31068478676, 3.503336786432661, 347464.95162200835, 3.5038998103345333, 117323.44355700788, 3.5383661451859156, 56814638.72, 70098117.36000001, 25308322.509999998, 27038519.0, 19689687.0, 18450859.0]
[437.0842105263158, 341.4315789473684, 314.77894736842103, 160.52631578947367, 45.37894736842105, 113.09473684210526, 494.4914573011197, 286.552830249635, 228.2307612990315, 144.33514796614807, 45.724005275726306, 102.21203177752406, 0.0, 4.0, 3.0, 1.0, 0.0, 1.0, 2236.0, 1200.0, 1123.0, 513.0, 232.0, 439.0, 192599.4827726975, 3.283936496808767, 61532.0481711865, 3.3699427550551815, 50751.17458130268, 3.210187076887184, 39077392.150000006, 17853589.40000001, 13594064.899999997, 17149729.0, 11216041.0, 16549717.0]
[411.73, 361.65, 240.19, 139.78, 63.88, 109.02, 408.12059653138226, 351.40179239293826, 208.67594591624686, 114.13049238888483, 58.14076961056752, 84.47472636202733, 0.0, 1.0, 1.0, 0.0, 2.0, 2.0, 2356.0, 1583.0, 1001.0, 357.0, 256.0, 293.0, 227964.39312944334, 3.317669785604468, 153173.06940018534, 3.4585270688698557, 51989.55654259176, 3.491064534022008, 33441839.000000004, 25303911.000000004, 10080142.999999998, 19696500.0, 11349847.0, 13324125.0]
[457.7395833333333, 369.9375, 257.0, 103.625, 54.489583333333336, 114.40625, 420.9435077685082, 365.9599291409404, 196.36459108398068, 86.58044631561174, 55.98928370992861, 99.04486788957395, 9.0, 2.0, 10.0, 0.0, 1.0, 0.0, 2119.0, 1988.0, 1040.0, 305.0, 332.0, 343.0, 208049.2403808048, 3.401603685089932, 151776.62941999486, 3.3725747053010826, 40742.43210640426, 3.353220002702142, 35469913.92, 24826554.240000002, 9603661.44, 21108132.0, 10149376.0, 12401509.0]
[383.6186440677966, 336.9491525423729, 215.95762711864407, 95.94067796610169, 52.49152542372882, 94.0677966101695, 440.64466990934227, 222.14089805575935, 178.29306490329876, 75.01877740698656, 50.31367348478479, 67.85173993493163, 2.0, 2.0, 6.0, 0.0, 0.0, 4.0, 2233.0, 1047.0, 936.0, 234.0, 252.0, 223.0, 172683.17033215432, 3.624507776865418, 39529.10985573777, 3.5772108626617056, 39182.75181702092, 3.4337060373040926, 47297809.01999999, 22621364.64, 10882541.740000002, 15100483.0, 8938561.0, 11359821.0]
[340.5257731958763, 423.2680412371134, 210.8041237113402, 116.44329896907216, 46.68041237113402, 101.23711340206185, 355.9133524230156, 383.5019153435416, 156.9981182991839, 87.80161932259622, 37.445667971451364, 81.12166444039939, 2.0, 9.0, 1.0, 0.0, 2.0, 0.0, 2746.0, 2608.0, 961.0, 290.0, 160.0, 285.0, 175900.36042095293, 3.4227716767903034, 69642.91258239509, 3.207137010321519, 26034.792035514376, 3.4332528225838956, 22706381.77, 30552277.21, 6476466.900000001, 15243536.0, 9900404.0, 7394272.0]
[428.4519230769231, 485.27884615384613, 254.1346153846154, 26.673076923076923, -36.61538461538461, 74.77884615384616, 450.6387027149526, 403.3071887286527, 188.72382131540647, 1182.9528746886451, 844.1156722336876, 416.924732019497, 8.0, 7.0, 0.0, -11855.0, -8548.0, -4045.0, 3516.0, 1977.0, 858.0, 636.0, 249.0, 350.0, 262023.6889991665, 3.2930929111432343, 203889.45834453165, 3.4635861652425244, 40747.698771339485, 3.5668356272113817, 41608464.56, 42894984.08, 10800707.84, 29083277.0, 14818313.0, 12649911.0]
[299.14, 379.02, 263.23, 134.05, 42.98, 100.84, 281.8253639358526, 310.64540114497953, 224.45731883767564, 112.21537507864242, 44.168863295861314, 80.56551634689885, 3.0, 1.0, 3.0, 0.0, 2.0, 1.0, 1348.0, 1307.0, 1081.0, 426.0, 249.0, 289.0, 92094.51294350927, 3.3955496271092813, 98990.34863504239, 2.8254757800623342, 50575.14699926376, 3.393748259286157, 16811601.999999996, 23919171.999999996, 11916731.0, 12425462.0, 12395611.0, 9760300.0]
[333.01162790697674, 399.70348837209303, 244.42441860465115, 150.90116279069767, 33.848837209302324, 98.74418604651163, 319.54216129715536, 363.49827157505507, 215.52823748787713, 140.27865584325266, 33.109782813214835, 85.42178612595056, 0.0, 5.0, 3.0, 0.0, 0.0, 0.0, 2340.0, 1746.0, 1100.0, 776.0, 170.0, 325.0, 76220.0764596116, 4.008601354105955, 101478.44923626045, 3.7230066635916566, 53034.19751210777, 3.718589539667883, 62839460.4, 86126617.8, 31337042.92, 31205769.0, 19819179.0, 16941132.0]
[340.8512396694215, 423.57851239669424, 285.90909090909093, 158.72727272727272, 42.70247933884298, 107.22314049586777, 269.58034241999866, 385.6819015731772, 245.53428138110027, 143.61876618325337, 36.32782327365147, 91.50951568036571, 16.0, 3.0, 0.0, 0.0, 2.0, 1.0, 1110.0, 1789.0, 1293.0, 650.0, 177.0, 359.0, 95990.26293599265, 3.6415361159843713, 172940.27776980586, 3.465906665535968, 81144.85401098827, 3.5691778540148626, 27562051.549999993, 47867276.93000001, 20721824.750000004, 22481523.0, 18307157.0, 12188953.0]
[381.2277227722772, 456.6831683168317, 344.0495049504951, 195.67326732673268, 51.93069306930693, 118.06930693069307, 344.7561132507477, 444.95563668062624, 268.14579527703296, 171.27516509470317, 59.04866762692323, 99.09250803423461, 6.0, 2.0, 1.0, 1.0, 0.0, 1.0, 1750.0, 2337.0, 1164.0, 961.0, 300.0, 354.0, 142092.94160428928, 3.4154240874628115, 139465.70759950357, 3.4066234486627693, 61480.78319094625, 3.5608997294107834, 26830114.699999996, 41271693.63, 19337048.930000003, 21388523.0, 20277609.0, 15771142.0]
[448.50961538461536, 480.0, 391.49038461538464, 212.52884615384616, 56.23076923076923, 127.9423076923077, 464.3005595682441, 503.08357891968683, 343.40632320804474, 189.887036256985, 59.54784822752837, 115.24687110493379, 1.0, 1.0, 17.0, 0.0, 0.0, 0.0, 2318.0, 2760.0, 1614.0, 685.0, 322.0, 399.0, 147590.32300095365, 3.2609277150229206, 179174.23774070104, 2.8461305953181197, 107507.17150478845, 3.4300787149954575, 44849955.27999999, 52031395.519999996, 29209549.200000003, 30168850.0, 26576429.0, 22823270.0]
[429.57575757575756, 460.6060606060606, 318.14141414141415, 181.6161616161616, 53.83838383838384, 112.86868686868686, 393.39246879973285, 449.41517140548876, 282.3158966694322, 184.53945472007274, 48.68426118528746, 105.03125350848772, 2.0, 10.0, 2.0, 0.0, 0.0, 1.0, 1687.0, 2225.0, 1347.0, 755.0, 226.0, 340.0, 157813.36130960117, 2.8842027384456004, 150841.81050527183, 3.144563541114811, 78245.23952186735, 3.451021290736294, 33100893.54000001, 40389117.11999999, 17652693.959999997, 26566761.0, 18391972.0, 16311095.0]
[488.1546391752577, 436.4329896907216, 332.9896907216495, 158.56701030927834, 47.896907216494846, 104.0721649484536, 468.06056722141085, 505.74037944418046, 312.9327169045742, 155.47781910509605, 43.46034699779081, 94.14419873066622, 7.0, 1.0, 1.0, 0.0, 0.0, 1.0, 1918.0, 2359.0, 1594.0, 464.0, 171.0, 372.0, 266379.20045974746, 3.1671865458601327, 322081.69573563675, 3.4559637170502677, 109873.87175693267, 3.4327860177432217, 42821966.29, 41739288.18, 19551851.56, 26653249.0, 17668042.0, 22162668.0]
[515.6145833333334, 367.9791666666667, 271.71875, 126.375, 63.979166666666664, 110.0, 480.4626141278439, 341.734152727454, 249.82864456410286, 104.97781720565139, 43.47606217743438, 94.59353488534649, 6.0, 6.0, 1.0, 0.0, 0.0, 0.0, 2662.0, 1385.0, 1231.0, 417.0, 178.0, 402.0, 151882.25510078916, 3.199489635858175, 111130.20588782741, 3.422791840866, 51203.97549924082, 3.463667521099366, 45554512.32, 23129802.240000002, 12496461.12, 24780042.0, 10724154.0, 17793314.0]
[456.2638888888889, 426.3125, 276.9513888888889, 107.90277777777777, 58.88194444444444, 103.77777777777777, 432.2166153712194, 429.32968518833644, 252.06340998923298, 94.79579225889844, 50.53469299592802, 98.61739619048372, 3.0, 1.0, 9.0, 0.0, 0.0, 0.0, 2040.0, 1863.0, 1700.0, 367.0, 229.0, 390.0, 200158.94591284217, 3.6428715415443125, 205365.8729250731, 3.5394938544613654, 92082.32297742843, 3.7618132532838, 81635690.88, 75642086.88, 28988267.04, 36168512.0, 22251910.0, 23234685.0]
[426.16161616161617, 454.27272727272725, 254.12121212121212, 122.0, 59.5959595959596, 97.79797979797979, 438.6942756536024, 457.8054978268012, 254.69598815487697, 114.02344907419487, 70.07196289179115, 88.50988412439524, 3.0, 2.0, 1.0, 0.0, 0.0, 0.0, 2367.0, 2313.0, 1388.0, 393.0, 303.0, 330.0, 207225.97900979116, 3.2676354627188693, 233924.354920459, 3.325000054498489, 67550.749454905, 3.3679434531889347, 36471718.8, 40559728.77, 12622941.540000001, 23127912.0, 13603180.0, 14076401.0]
[299.51851851851853, 447.65432098765433, 315.11728395061726, 126.0, -2.888888888888889, 174.09259259259258, 285.7036692299491, 450.6313627627761, 577.4330472420467, 709.3808865736551, 676.8972967227444, 950.8639275756891, 4.0, 0.0, 1.0, -8548.0, -8546.0, 0.0, 1808.0, 2069.0, 6770.0, 857.0, 267.0, 12160.0, 97634.99353185698, 3.953216167153025, 229348.60538651037, 3.6885156063135573, 111304.84135612869, 3.9766774935895293, 44833691.15999999, 105555862.8, 113024935.97999999, 28416259.0, 30389183.0, 17174961.0]
[346.76296296296294, 453.9037037037037, 261.3037037037037, 157.92592592592592, 57.91111111111111, 93.97777777777777, 372.0578956593968, 453.04572722444857, 229.87706883729177, 146.39736507852444, 49.958410563884556, 77.62726350838986, 1.0, 13.0, 2.0, 1.0, 0.0, 0.0, 1773.0, 2597.0, 1238.0, 628.0, 306.0, 320.0, 145131.34251714032, 3.654645692741938, 190143.79931831884, 3.505329421610724, 74213.23968009828, 3.5932961622661983, 46956028.05, 74678510.25, 22003344.9, 24068084.0, 18951770.0, 15886794.0]
[407.944, 379.408, 239.248, 150.464, 53.448, 109.968, 349.1855801996337, 440.64432471464534, 223.02935059271113, 116.45569169874119, 53.09645149433549, 86.47449148401714, 1.0, 1.0, 4.0, 0.0, 0.0, 0.0, 1776.0, 2588.0, 1260.0, 441.0, 255.0, 377.0, 164532.9546186095, 3.524355398577, 344083.61584092665, 3.800380887998686, 58261.68009711661, 3.60284355673888, 44902098.74999999, 52588205.0, 16653712.499999998, 24207519.0, 13244839.0, 14651930.0]
[442.468085106383, 294.77127659574467, 229.70212765957447, 101.42021276595744, 52.090425531914896, 111.82446808510639, 420.37489512568243, 286.96782100707526, 207.17892908920652, 99.06341627903952, 51.977651654107156, 97.66523657650367, 4.0, 0.0, 2.0, 0.0, 0.0, 1.0, 2870.0, 1991.0, 1514.0, 397.0, 272.0, 428.0, 164470.34988418754, 3.6566704527672407, 82189.65824073862, 3.971660439088999, 36872.848546976566, 3.8151535256902616, 131321722.4, 59661591.32, 33738626.64, 32424268.0, 13006015.0, 26129538.0]
[485.9795918367347, 372.0612244897959, 261.3979591836735, 95.35714285714286, 60.86734693877551, 105.83673469387755, 499.13665627868767, 372.47159488533254, 198.13495035579453, 91.00382341577007, 50.33263329423566, 98.74007259274023, 5.0, 2.0, 6.0, 0.0, 2.0, 1.0, 1930.0, 1871.0, 899.0, 349.0, 219.0, 386.0, 300829.609762806, 3.354242982714824, 161056.3978351651, 3.4092741547017686, 56502.347810410756, 3.288879427939924, 46365360.15999999, 26482931.999999996, 10294120.899999999, 22642719.0, 10727683.0, 14204875.0]
[483.0689655172414, 386.9655172413793, 272.6965517241379, 87.24137931034483, 54.11724137931034, 122.77931034482759, 520.4707892215953, 332.85222392129015, 242.9455621504175, 85.43437018668423, 51.73483452615148, 106.40883349958919, 5.0, 1.0, 0.0, 0.0, 0.0, 0.0, 3026.0, 1271.0, 1150.0, 304.0, 205.0, 408.0, 367191.1438049766, 3.3110691489699198, 114091.06359467987, 3.175324047777282, 67981.66449350807, 3.7284065986550967, 105624819.35, 54616398.9, 27958814.449999996, 32169046.0, 17907902.0, 23625471.0]
[451.0851063829787, 434.6170212765957, 307.1063829787234, 94.15957446808511, 57.276595744680854, 109.18085106382979, 458.4376849241243, 345.1953508446996, 291.66664091250664, 83.58889456405456, 45.64010786962438, 91.79464725017483, 3.0, 7.0, 2.0, 0.0, 0.0, 0.0, 1856.0, 1654.0, 1388.0, 293.0, 210.0, 343.0, 223819.68745156494, 3.4617183247595613, 145409.85456944173, 2.99945459694576, 115638.13374877506, 3.352413540869751, 36351930.04, 27107445.52, 15770383.760000004, 22959368.0, 15218431.0, 15068635.0]
[346.453781512605, 381.5546218487395, 334.9495798319328, 128.0924369747899, 41.865546218487395, 95.78151260504201, 370.1997570689155, 338.6543835279484, 312.09928474438635, 105.73359484056678, 41.143182059676995, 80.48604044284458, 4.0, 1.0, 2.0, 2.0, 0.0, 0.0, 1877.0, 1543.0, 1671.0, 420.0, 217.0, 319.0, 130009.77429071876, 3.438111560749287, 112133.74994002994, 3.2039797381442767, 73426.56095234447, 3.105091346206557, 36241740.36, 36720459.50999999, 29565144.209999997, 21213998.0, 19399075.0, 16656425.0]
[265.7304964539007, 485.4751773049645, 275.8581560283688, 176.24113475177305, 43.45390070921986, 116.92198581560284, 272.91345774890993, 413.69636176376446, 228.9482031739395, 179.49484277148545, 42.32771384891682, 102.5697024969561, 1.0, 0.0, 0.0, 0.0, 0.0, 0.0, 1724.0, 1570.0, 1134.0, 897.0, 201.0, 417.0, 86027.386790304, 3.9300166352482258, 191241.93095646042, 3.2638186973220256, 40744.01924554357, 3.5938767570208787, 28741208.759999998, 80640722.82000001, 25476159.18, 21895726.0, 21614968.0, 10996659.0]
[371.81904761904764, 456.03809523809525, 231.96190476190475, 185.35238095238094, 76.07619047619048, 121.81904761904762, 342.28240648263795, 442.88755136059444, 203.2988953302276, 200.41811971631384, 72.37930208259382, 94.95290137670085, 2.0, 4.0, 1.0, 2.0, 0.0, 0.0, 1779.0, 2306.0, 808.0, 1128.0, 312.0, 352.0, 129808.6523527302, 3.4921064123864225, 241008.4421512898, 3.4234408517439943, 33267.72005402742, 3.5062244609361923, 28035568.05, 44348287.199999996, 10445431.500000002, 23870007.0, 12728021.0, 10241451.0]
[459.1530612244898, 573.8571428571429, 323.9591836734694, 192.6530612244898, 73.4795918367347, 122.76530612244898, 392.25061292628686, 582.0391101749055, 326.61727400380596, 173.96107527887318, 63.60189156102956, 102.79654623549645, 13.0, 2.0, 5.0, 0.0, 0.0, 0.0, 2225.0, 2515.0, 2018.0, 820.0, 262.0, 498.0, 86080.8492792458, 3.2775492835796682, 239958.20016635788, 3.4144133260581744, 59837.04026079364, 3.3990674806443275, 34873283.34, 63830557.559999995, 20220245.92, 34494989.0, 24850480.0, 20223387.0]
[471.0625, 436.5104166666667, 282.21875, 146.08333333333334, 61.375, 94.55208333333333, 435.3006175410034, 551.0695437017129, 268.2762991718956, 124.31942446072381, 45.47139065853444, 84.62808663939894, 6.0, 7.0, 16.0, 0.0, 1.0, 0.0, 1716.0, 3463.0, 1366.0, 511.0, 216.0, 346.0, 143046.88057610366, 3.222961094104342, 207594.88002542025, 3.279095794897331, 88386.48170863111, 3.137455956175821, 37731473.28, 45255691.19999999, 13904168.639999999, 25510473.0, 16269107.0, 17369602.0]
[362.59375, 321.6875, 217.9453125, 118.2421875, 36.0859375, 95.734375, 343.58545883038335, 353.07958439052493, 176.31500570767327, 102.86798711518526, 34.24415056521436, 77.11566977982199, 6.0, 2.0, 0.0, 0.0, 0.0, 1.0, 1946.0, 2055.0, 876.0, 412.0, 196.0, 343.0, 108899.27224475383, 3.2293790181004725, 147986.29017929145, 3.7793231156268683, 26586.94028369384, 3.5799720393975685, 40731102.720000006, 37220203.52, 12835925.76, 20147938.0, 10599315.0, 12561782.0]
[499.5109489051095, 272.9124087591241, 250.82481751824818, 33.5985401459854, 55.81021897810219, 97.11678832116789, 835.2543036210441, 923.9845019903852, 1194.5679805946227, 885.4659164053128, 150.26293292908832, 87.03870552919265, 0.0, -9675.0, -13035.0, -10186.0, 0.0, 0.0, 7965.0, 2028.0, 1784.0, 365.0, 1741.0, 450.0, 806474.4053038287, 3.9314326523348937, 1183490.7012262084, 4.165255867565573, 2138061.246920295, 4.1616248422858355, 176816856.63, 173049581.30999994, 277685430.15, -43077442.0, 143895709.0, -75292973.0]
[431.59027777777777, 330.99305555555554, 312.6041666666667, 93.45833333333333, 42.94444444444444, 94.53472222222223, 452.7669156473532, 291.93881667005195, 268.05706570062273, 92.45478010160623, 44.94624260341151, 85.21416156596761, 2.0, 10.0, 1.0, 0.0, 0.0, 0.0, 2463.0, 1266.0, 1458.0, 361.0, 190.0, 401.0, 274223.8266506355, 3.5568447712805895, 83809.82328507876, 3.822952056136476, 80296.45761789539, 3.2131955867492126, 80838145.44, 40267821.6, 35059799.519999996, 26720642.0, 16539560.0, 26390195.0]
[416.6489361702128, 351.56382978723406, 298.531914893617, 82.5, 40.46808510638298, 101.67021276595744, 484.01523364115883, 325.85789364336586, 302.72854876820674, 80.59092907680346, 39.74291094632227, 98.59424706742759, 3.0, 4.0, 4.0, 0.0, 0.0, 0.0, 3169.0, 1591.0, 1473.0, 340.0, 191.0, 441.0, 336876.3574079013, 3.355693692253827, 171574.87952561182, 3.4313888996408313, 151446.11067359845, 3.2972046550422984, 35818920.900000006, 20203592.02, 15886327.120000001, 20307955.0, 12004421.0, 16573680.0]
[535.6494845360825, 401.70103092783506, 300.92783505154637, 84.58762886597938, 69.51546391752578, 81.6082474226804, 629.8847454302836, 449.8817012316602, 330.750102274571, 94.52113438464875, 75.05749371343914, 95.04719843988816, 10.0, 1.0, 4.0, 0.0, 0.0, 1.0, 3257.0, 2419.0, 1986.0, 336.0, 367.0, 433.0, 594727.7393742915, 3.0149795131793296, 183257.57216036055, 3.2588590896925007, 89820.46880567163, 3.3171224016477168, 63942143.92000001, 34029599.169999994, 18707482.08, 26837179.0, 17647717.0, 21442996.0]
[382.08490566037733, 406.14150943396226, 294.24528301886795, 120.22641509433963, 65.82075471698113, 87.61320754716981, 486.29072468313456, 403.5211551350306, 305.10643923596973, 116.27932568307993, 77.1604138784984, 78.74063158239593, 5.0, 11.0, 2.0, 2.0, 0.0, 0.0, 3253.0, 2203.0, 1880.0, 512.0, 348.0, 305.0, 280179.485596833, 3.7017053876311454, 140651.22531267413, 3.104728409115403, 65364.88556721895, 3.6955005327135493, 42723385.86, 36656789.620000005, 20089071.24, 22409718.0, 17477613.0, 17741210.0]
[407.3592233009709, 454.8252427184466, 292.84466019417476, 143.97087378640776, 50.83495145631068, 89.2621359223301, 518.705777314075, 493.36723043027547, 262.2882248364832, 133.0441071128831, 50.2607118789224, 88.12846696448743, 4.0, 1.0, 6.0, 0.0, 0.0, 0.0, 3560.0, 3139.0, 1461.0, 559.0, 251.0, 368.0, 195557.07696108567, 3.4995712084703956, 142830.31617019422, 3.539875299975977, 45834.432954705335, 3.3774655978865282, 45871727.74, 47519197.289999984, 16325680.249999994, 35995087.0, 18425591.0, 13643373.0]
[345.32978723404256, 481.4468085106383, 294.78723404255317, 176.0, 53.41489361702128, 83.20212765957447, 271.0698195302629, 447.5525227066682, 272.37619747980466, 153.3342683468453, 47.90636242443429, 71.41723230910874, 1.0, 1.0, 9.0, 0.0, 1.0, 1.0, 1349.0, 1896.0, 1148.0, 599.0, 198.0, 305.0, 67985.80222040284, 3.3807589265160387, 177313.31655989538, 3.025053406955248, 71239.64036827636, 3.034333726076408, 16960686.020000003, 37991566.400000006, 14164025.280000001, 18510245.0, 19470348.0, 10364695.0]
[305.72093023255815, 488.74418604651163, 186.48062015503876, 122.7751937984496, 52.736434108527135, 87.43410852713178, 289.82168485402866, 500.9035941281167, 1088.2181974790772, 697.0932980992178, 45.81425122502907, 74.98862882143786, -495.0, -45.0, -11775.0, -7489.0, 0.0, 0.0, 1418.0, 2128.0, 1053.0, 941.0, 197.0, 483.0, 96096.5245708226, 3.6322425743413436, 250926.87038778717, 3.2419168892539294, 1541516.0269637948, 4.12806540238296, 29423078.519999996, 81179839.32, 201325127.1, 24567070.0, 24359598.0, 18135010.0]
[357.2903225806452, 464.6774193548387, 321.1505376344086, 187.49462365591398, 44.483870967741936, 94.51612903225806, 349.00898769556943, 566.3767213285104, 245.2080281966704, 174.0446983852083, 40.655127732423765, 83.401935764109, 16.0, 11.0, 8.0, 4.0, 0.0, 0.0, 1532.0, 3183.0, 1096.0, 736.0, 163.0, 353.0, 129576.36255486099, 3.2290281216063894, 185105.6484616056, 3.3194464336750222, 58404.02437989483, 3.2685459037456543, 21462830.159999996, 46121520.69, 14064841.049999997, 16741447.0, 19041853.0, 11094998.0]
[419.0882352941176, 458.54901960784315, 344.29411764705884, 195.8235294117647, 42.53921568627451, 126.43137254901961, 357.58084602559427, 406.28053585042744, 323.0627743994642, 154.2610242391159, 37.406694897319355, 100.53436531842554, 3.0, 36.0, 2.0, 0.0, 0.0, 2.0, 1630.0, 1927.0, 1642.0, 550.0, 187.0, 419.0, 103716.20771833313, 3.2191962493589235, 111864.74727382914, 3.364158487528344, 70872.4846812675, 3.541975777796448, 31445615.699999996, 38881080.120000005, 23084890.920000006, 22880191.0, 22250917.0, 17696954.0]
[419.8378378378378, 361.06306306306305, 289.81081081081084, 176.12612612612614, 43.729729729729726, 111.6036036036036, 414.9065730661114, 306.2007148996844, 279.22674114950553, 164.0700026384036, 43.77939447771497, 99.01030977348493, 4.0, 0.0, 9.0, 1.0, 0.0, 0.0, 1769.0, 1445.0, 1699.0, 637.0, 172.0, 382.0, 134554.12094088353, 3.095046298383409, 120393.78096837483, 3.6441439810609184, 51327.60138192086, 3.546111812942638, 42736669.44, 27510419.819999997, 19868286.27, 16681352.0, 14752461.0, 15619991.0]
[293.0357142857143, 376.39285714285717, 347.7857142857143, 96.58035714285714, -32.330357142857146, 42.3125, 1061.0228867845246, 551.6431696442789, 821.1151659968996, 636.8356971749209, 768.9938716047333, 657.3077772828925, -10347.0, 5.0, 0.0, -6435.0, -8085.0, -6795.0, 1227.0, 4952.0, 8551.0, 404.0, 253.0, 296.0, 2669296.8654333223, 3.976523497811104, 601490.7613432888, 3.9018809017870955, 1584477.157303367, 3.983038421415774, 150727196.48, 55603125.760000005, 98992871.03999999, -34737540.0, 54664178.0, -74198937.0]
[414.8958333333333, 409.84375, 292.4270833333333, 133.36458333333334, 50.5625, 108.5, 384.0019045776964, 412.2414297248385, 290.0584603431982, 118.97386885067765, 47.57527276797652, 89.8940897301989, 2.0, 4.0, 0.0, 0.0, 0.0, 4.0, 1706.0, 2408.0, 1877.0, 423.0, 239.0, 380.0, 120121.9101335098, 3.380993675141511, 123079.05082507967, 3.4704762588637097, 131111.73095257554, 3.631599092066357, 29312409.6, 30979091.52, 15553945.92, 22417102.0, 14323439.0, 12731569.0]
[471.6371681415929, 400.716814159292, 315.7079646017699, 115.43362831858407, 52.769911504424776, 109.41592920353982, 436.1647800910901, 387.99591467442735, 342.9682847013682, 106.24532562038694, 48.33126185310629, 93.0140854985835, 1.0, 4.0, 4.0, 0.0, 0.0, 0.0, 2143.0, 1932.0, 2246.0, 438.0, 241.0, 442.0, 211672.85071924469, 3.4785589124603167, 184041.47599746584, 3.3949043063001683, 72422.28116333306, 3.500829516962458, 52480308.63, 39556137.02999998, 27613960.289999995, 30716092.0, 14633861.0, 20163339.0]
[557.99, 446.02, 358.7, 114.23, 54.62, 121.75, 512.7030860492694, 382.02874131656534, 285.7883832488647, 95.61083314217805, 52.97222065966426, 94.2781587225865, 6.0, 0.0, 3.0, 1.0, 0.0, 5.0, 2190.0, 1655.0, 1160.0, 382.0, 253.0, 428.0, 268722.16141992377, 3.40196622199283, 170232.53153832824, 3.456944759329024, 77181.42799975244, 3.3525230015499643, 57158865.0, 34342034.0, 20952393.999999996, 31199150.0, 17659447.0, 23304752.0]
[351.234693877551, 347.1938775510204, 316.7857142857143, 93.60204081632654, 39.56122448979592, 106.59183673469387, 359.45605529903435, 325.17987593746705, 310.04639659450504, 79.26670883676671, 36.1055344092843, 88.70649353079949, 3.0, 0.0, 0.0, 0.0, 0.0, 0.0, 1763.0, 1350.0, 1333.0, 279.0, 153.0, 365.0, 148310.40583708722, 3.272844155480222, 138515.44213413983, 2.991651220417046, 125255.63607814773, 3.283152699457393, 24130627.22, 21628836.18, 18775920.94, 14959676.0, 12707500.0, 16838197.0]
