[164.12962962962962, 323.9259259259259, 344.01851851851853, 45.333333333333336, 38.77777777777778, 25.01851851851852, 121.17008882672049, 233.96878132759284, 212.1875719459786, 25.575636992011948, 31.76664125864341, 18.46004429842059, 4.0, 1.0, 7.0, 1.0, 0.0, 1.0, 477.0, 1090.0, 841.0, 91.0, 119.0, 79.0, 13025.448227469034, 2.992018966709641, 61388.87722377708, 2.790959587811987, 51323.890650408335, 2.4548254991248095, 2411463.9600000004, 9252798.479999997, 9479247.479999999, 2658591.0, 4807570.0, 3236479.0]
[596.94, 246.02, -249.54, 265.26, -154.82, -102.96, 2055.187646331267, 2277.2191552910513, 2751.989478578012, 2574.7758833319363, 2786.8530616713433, 2407.9467327486923, -4046.0, -12134.0, -10342.0, -11248.0, -13049.0, -11250.0, 9457.0, 9461.0, 8558.0, 10351.0, 13050.0, 8551.0, 197238.41195542304, 0.9890973956941276, 31141.767341349154, 2.7718457838032395, 333119.61349989765, 1.5317057993197472, 224782885.0, 257126918.99999997, 374212368.99999994, -103389334.0, 48042919.0, -41550096.0]
[188.86, 318.1, 301.56, 52.24, 47.82, 36.52, 136.67748571743928, 212.7547452647133, 185.9032181825055, 24.46618657891511, 28.665338523259432, 28.06642267252193, 14.0, 5.0, 10.0, 1.0, 9.0, 1.0, 546.0, 813.0, 695.0, 99.0, 124.0, 94.0, 12236.88989001953, 2.8318840296030894, 51422.40182903661, 2.4957219227407443, 36808.642593058474, 2.610762249664356, 2698761.0000000005, 7277345.0, 6240362.000000001, 3204174.0, 3987930.0, 2681356.0]
[215.7, 328.4, 338.4, 43.2, 55.18, 22.06, 191.50416950754754, 236.2674893645172, 275.25394582798907, 28.69615632371524, 38.20817841718163, 25.338854571989003, 4.0, 14.0, 42.0, 3.0, 3.0, 0.0, 808.0, 907.0, 1448.0, 99.0, 151.0, 117.0, 29138.293237314236, 2.6278340768465283, 64654.12772104214, 2.798279949927051, 99182.24545334902, 2.8429794868073848, 4123343.0, 8127622.0, 9438199.999999998, 3570288.0, 5283900.0, 4325580.0]
[48.6, 254.6, 563.38, -72.34, 159.8, -18.22, 609.2906883066103, 671.1399379611756, 1407.1788811922488, 707.306838418426, 1920.3591394553769, 1737.0738154747955, -4045.0, -4047.0, 15.0, -4948.0, -5850.0, -9450.0, 582.0, 1362.0, 8558.0, 85.0, 12151.0, 7651.0, 88455.16458849538, 2.8318681897593647, 162845.49789966567, 3.034435016018275, 440956.4063345901, 2.9423104804084366, 18308619.999999996, 25312069.999999996, 112897319.0, -1394162.0, -22392154.0, -25473442.0]
[229.94, 345.82, 281.4, 51.18, 61.4, 23.88, 186.75383885353097, 223.12728041480298, 212.32935525273186, 27.3478648944614, 56.462376853972415, 21.272421544510326, 0.0, 8.0, 4.0, 0.0, 1.0, 0.0, 733.0, 1007.0, 740.0, 108.0, 248.0, 85.0, 34153.64435250611, 2.847272067364265, 42006.27855177513, 2.8051722741836436, 37001.32255918351, 2.806867730395852, 4352593.0, 8419076.999999998, 6168401.999999999, 4164133.0, 4910783.0, 3567751.0]
[247.18, 170.7, 368.42, -53.4, -20.24, 68.14, 216.82803211347948, 1143.85899391454, 936.3960458555331, 707.1862612941978, 453.0526644162838, 315.28166933776566, -448.0, -7640.0, 7.0, -4950.0, -3150.0, 0.0, 841.0, 769.0, 6759.0, 114.0, 132.0, 2250.0, 63927.82392070349, 2.7792530786566703, 2241826.710785042, 3.2062049444758176, 1503951.2460988201, 3.2057350879778093, 5358603.0, 65569181.00000001, 49751705.0, 7821565.0, -47900547.0, 92040.0]
[181.06, 344.58, 280.32, 43.5, 42.62, 37.26, 146.14452030892753, 249.178494338529, 234.18747417661876, 30.235301708230978, 24.979902125590517, 29.683232400031603, 1.0, 6.0, 0.0, 1.0, 1.0, 1.0, 654.0, 1222.0, 888.0, 95.0, 94.0, 117.0, 25081.25695208814, 2.8252496541068415, 40674.13867563466, 2.4686159390663107, 36581.66876919602, 2.387843277233361, 2685689.0, 8979175.0, 6616310.000000001, 3263513.0, 4127664.0, 2497634.0]
[174.64705882352942, 251.37254901960785, 199.01960784313727, 39.490196078431374, 36.96078431372549, 34.6078431372549, 169.09675615214053, 199.5362584378402, 162.60485727014168, 24.302569863304257, 28.75271172207152, 32.080572583027596, 0.0, 1.0, 0.0, 0.0, 1.0, 0.0, 583.0, 993.0, 804.0, 82.0, 119.0, 128.0, 24602.985335154044, 2.6664457022963104, 59493.29898880691, 2.653065819077341, 46215.461016548565, 2.5825559271312484, 3044972.34, 5317598.640000001, 3408907.3200000003, 2641861.0, 2491364.0, 1262044.0]
[204.68, 309.26, 284.72, 45.42, 39.16, 38.78, 146.57441378190876, 222.22270590650308, 264.3880141776785, 25.048597663301617, 27.293835739737187, 32.276414589844244, 4.0, 1.0, 4.0, 0.0, 1.0, 0.0, 612.0, 1081.0, 1022.0, 92.0, 104.0, 127.0, 20851.671201841727, 2.546866518532097, 32456.55411321795, 2.3711109681519122, 35277.881893424164, 2.5290975752315146, 3147414.0, 7201851.000000001, 7478423.999999999, 3482567.0, 3455355.0, 2560821.0]
[25.7, 230.44, -178.74, -38.74, -87.36, 32.0, 623.3931916764662, 2011.652982205511, 1983.3308286613121, 2541.8294938721533, 708.5983508710298, 1640.4020661945992, -4048.0, -10341.0, -11250.0, -8550.0, -4950.0, -7650.0, 1353.0, 9450.0, 591.0, 13051.0, 101.0, 8550.0, 14059.288711495914, 2.5182400198818877, 32459.575114772673, 2.6187996400669533, 223242.86932095294, 1.248847827514562, 19075358.999999996, 200945768.00000003, 194343856.99999997, 55525814.0, 45909652.0, 37380065.0]
[190.02, 105.74, 36.08, -111.26, 46.58, -168.74, 961.9302552255892, 2537.0329111473698, 2452.642605144791, 1969.4675838087483, 2282.9329782683735, 2180.0556050762766, -4043.0, -11244.0, -12143.0, -8549.0, -7649.0, -13049.0, 4059.0, 9467.0, 9460.0, 9452.0, 12151.0, 6750.0, 20593.38170618251, 2.851561634092469, 82430.97913436983, 2.6098509828195597, 53824.29845147566, 2.6017708713813423, 47145561.0, 315949311.0, 294822420.00000006, -50012988.0, -148896249.0, -49160748.0]
[147.1, 247.56, 216.4, 38.86, 28.66, 26.2, 114.10847864185722, 163.72614766301513, 168.08501250430223, 22.647259599053896, 27.463972690023695, 23.849014868628885, 4.0, 1.0, 14.0, 3.0, 0.0, 0.0, 415.0, 646.0, 722.0, 89.0, 116.0, 84.0, 8754.134701993857, 2.8442612015323676, 31614.99528178362, 2.6607438148884968, 18546.30791998983, 2.8373192709885435, 1719936.9999999998, 4377804.000000001, 3725824.0, 1734279.0, 2823866.0, 1476353.0]
[155.82, 276.66, 150.64, 44.98, 36.1, 22.12, 127.23539008387533, 151.83417512106382, 113.80663156316992, 24.642331257328685, 30.65159715517717, 21.862875065335047, 1.0, 29.0, 1.0, 0.0, 0.0, 0.0, 493.0, 734.0, 465.0, 98.0, 131.0, 96.0, 11815.729936910091, 2.8068814539605174, 16108.350223181886, 2.599517203152456, 17207.27191592061, 2.4075904954305547, 2007247.0000000005, 4956665.0, 1769265.9999999998, 2157980.0, 1964861.0, 1149228.0]
[173.36, 267.54, 202.32, 39.74, 37.1, 32.5, 138.01519585072612, 116.7280477985353, 148.14711937662454, 20.94483522133749, 27.188120154784894, 26.16061067751302, 6.0, 8.0, 2.0, 0.0, 0.0, 3.0, 639.0, 567.0, 606.0, 74.0, 109.0, 101.0, 19637.850099035964, 2.728519495411774, 12488.202264451977, 2.7609457623159157, 31148.668072533404, 2.6804781008088883, 2436046.0, 4246529.000000001, 3122100.0, 2532299.0, 2626336.0, 1734096.0]
[152.84, 269.26, 266.66, 37.96, 36.64, 36.08, 113.12343989227531, 185.45826418658737, 219.39635273139052, 24.733650547134264, 27.213262072986787, 32.80669418995869, 13.0, 6.0, 8.0, 0.0, 0.0, 0.0, 385.0, 762.0, 887.0, 101.0, 104.0, 117.0, 12237.802569958722, 2.749696277423431, 42329.48899613885, 2.8162541146754574, 85747.29589212647, 2.5605573588275674, 1795052.0, 5310390.999999999, 5913981.0, 2093195.0, 3177431.0, 1632931.0]
[151.46, 310.8, 198.98, 45.9, 26.98, 27.62, 107.91837618481547, 220.11258714668767, 118.76412740884209, 23.744601964425087, 27.59657624431269, 24.591262758988865, 1.0, 8.0, 4.0, 4.0, 0.0, 1.0, 451.0, 1067.0, 476.0, 103.0, 122.0, 102.0, 13456.290641904981, 2.7998644889918523, 30865.47238240486, 2.395269374426377, 16290.413723443358, 2.562812814727028, 1717679.0, 7203860.0, 2670793.0, 2402112.0, 2873149.0, 1413225.0]
[188.62, 296.04, 210.36, 35.14, 41.18, 22.34, 122.86841974823544, 248.83885122213334, 108.4158208200336, 25.44542779986942, 27.814025239076777, 15.512483452276197, 7.0, 3.0, 5.0, 1.0, 0.0, 2.0, 596.0, 880.0, 495.0, 90.0, 102.0, 53.0, 7529.456869708818, 2.938961417434658, 79483.18213839461, 2.4463765675473805, 14458.344665257724, 2.832406691096882, 2518611.0, 7416101.999999999, 2788512.0000000005, 2559545.0, 2734197.0, 2185122.0]
[183.54, 258.82, 203.14, 39.44, 36.3, 25.44, 159.5495201740046, 181.38443670158426, 151.65428057370002, 24.49336436586823, 31.629390878531616, 22.18857952245907, 8.0, 15.0, 17.0, 1.0, 0.0, 0.0, 702.0, 1087.0, 640.0, 86.0, 130.0, 88.0, 42087.17176086873, 2.9117683369266034, 57216.463827964355, 2.8905913955026783, 25455.773287754597, 2.7041238108228347, 2931692.9999999995, 4961505.0, 3190244.9999999995, 2839525.0, 2848936.0, 1975458.0]
[120.56, 321.64, 337.66, 83.48, -101.96, 62.2, 367.0717641007001, 563.0730463360896, 816.9826418858954, 313.9414504102863, 959.7089899058582, 188.17165415803578, -2242.0, 19.0, 6.0, 1.0, -6749.0, 0.0, 599.0, 4059.0, 5855.0, 2252.0, 129.0, 1350.0, 80544.27233993981, 2.9891052159900173, 149974.52770722652, 3.017280320755574, 312785.11453521106, 3.1022485851906305, 7329077.999999999, 20708126.0, 38406285.0, -6983634.0, 26123336.0, -11355122.0]
[182.84, 281.36, 193.04, 42.32, 33.06, 28.46, 146.94735417134663, 157.9515244675804, 157.49635045982262, 25.19753794257183, 31.114279155187553, 21.369642782532917, 0.0, 6.0, 2.0, 1.0, 0.0, 1.0, 557.0, 747.0, 667.0, 104.0, 138.0, 81.0, 27967.028472224887, 2.958712150836883, 36136.84586225231, 2.749841836520047, 42693.5314579301, 2.4355639042951265, 2729606.0, 5180658.0, 3078672.0, 2269859.0, 2461926.0, 2041760.0]
[174.66, 247.88, 177.06, 32.24, 32.8, 26.08, 137.06152499025052, 157.11839290087937, 124.91358809111168, 18.958127867616515, 26.04548611446474, 22.870389018937804, 6.0, 3.0, 2.0, 0.0, 1.0, 1.0, 535.0, 598.0, 456.0, 84.0, 110.0, 81.0, 16183.893629932192, 2.947773025786933, 32215.397715793144, 2.749837275117147, 16350.312636836998, 2.5525914894316695, 2445813.0, 4281847.999999999, 2332078.9999999995, 1948997.0, 1949116.0, 1780380.0]
[177.32, 254.0, 219.16, 41.04, 41.02, 32.14, 139.83684954187117, 166.17792284421034, 141.24307604485344, 23.840421856286735, 35.952059916573596, 23.55368163084801, 5.0, 0.0, 20.0, 2.0, 1.0, 0.0, 612.0, 728.0, 541.0, 96.0, 162.0, 88.0, 18096.155783534552, 2.754046764243551, 29854.922448724807, 2.821438304838607, 15449.979275433514, 2.7110920028946235, 2530282.0000000005, 4578940.0, 3379085.999999999, 2157216.0, 2865735.0, 1795356.0]
[222.74, 263.64, 200.26, 34.8, 36.28, 32.8, 164.03717970792664, 131.35087144199474, 159.86573575781568, 18.006801436101405, 31.26844924788159, 25.995289997244043, 2.0, 20.0, 3.0, 0.0, 0.0, 0.0, 669.0, 623.0, 760.0, 70.0, 151.0, 97.0, 39636.71901727743, 2.83382669909129, 11151.84577275602, 2.834125150460822, 30936.99835216094, 2.636218280914083, 3799157.0000000005, 4320702.000000001, 3257499.0, 2845259.0, 2549364.0, 2406898.0]
[230.18, 376.44, 171.34, 45.94, 34.66, 37.2, 163.11016560119415, 241.3864003744086, 168.83437240716847, 26.82247762833346, 25.477168650558085, 26.905731124556695, 2.0, 9.0, 2.0, 0.0, 0.0, 1.0, 686.0, 1023.0, 643.0, 114.0, 89.0, 108.0, 20735.205106440426, 2.724263776286887, 45277.78981309899, 2.862572011436515, 37304.514866261554, 2.4899108286252245, 3952783.0000000005, 9940456.000000002, 2864617.0, 4402627.0, 2926850.0, 2089722.0]
[205.9, 244.66, 201.78, 38.92, 38.26, 30.9, 157.96089027712796, 132.98252301927283, 113.48762226852435, 21.283163797342016, 31.197076001132036, 24.37651094218132, 2.0, 18.0, 38.0, 5.0, 1.0, 0.0, 790.0, 613.0, 530.0, 83.0, 123.0, 91.0, 37958.66517132299, 2.6122914456101176, 10707.208924932313, 2.597164241958504, 11126.691686032167, 2.5858769923625786, 3342371.0, 3859459.0, 2666850.9999999995, 2489058.0, 2389148.0, 2257456.0]
[119.6, 292.56, 226.78, 40.14, 34.78, 25.32, 88.42591733843001, 147.40062858116463, 160.83484874687008, 22.594933511921724, 26.57933062224349, 21.13942057012955, 1.0, 25.0, 4.0, 0.0, 1.0, 1.0, 340.0, 607.0, 643.0, 83.0, 88.0, 78.0, 7542.7924775357205, 2.8059893503894293, 21575.50503870906, 2.748157274229112, 22068.826523231877, 2.8539042177526266, 1098345.9999999998, 5344188.0, 3838983.0000000005, 1886317.0, 3436278.0, 1440340.0]
[152.66, 257.62, 213.18, 34.04, 38.72, 32.1, 92.59691227716671, 146.0222082634092, 207.36664660077082, 20.296737447688685, 29.272847347614388, 29.12411862553588, 3.0, 1.0, 7.0, 1.0, 0.0, 1.0, 414.0, 680.0, 840.0, 79.0, 94.0, 123.0, 7360.425101764553, 2.989117976665362, 23297.51161556665, 2.78296059662577, 18256.951953294032, 2.6504224286070994, 1585389.0000000002, 4363204.999999999, 4379330.999999999, 1905139.0, 2726333.0, 1593565.0]
[194.82, 228.08, 227.22, 37.16, 39.16, 25.54, 139.7916364903604, 176.47614627501824, 176.6017415034201, 18.038914850389194, 33.17692830007883, 16.491444906436815, 5.0, 25.0, 22.0, 4.0, 0.0, 0.0, 527.0, 849.0, 709.0, 75.0, 142.0, 55.0, 23608.728417029877, 2.9614483770104996, 47489.28895813262, 2.499303171456704, 38426.395331643354, 2.747050632547982, 2855285.0000000005, 4127071.9999999995, 4109667.0000000005, 2376953.0, 2471412.0, 2608132.0]
[243.88235294117646, 297.72549019607845, 243.0392156862745, 37.98039215686274, 36.07843137254902, 31.235294117647058, 135.06067481821992, 158.24589453522927, 179.77285232028933, 20.00348989159485, 31.881557764485034, 23.30629806322241, 24.0, 22.0, 6.0, 0.0, 1.0, 0.0, 565.0, 726.0, 814.0, 75.0, 112.0, 89.0, 26668.3605106271, 2.6528574742021735, 35170.39053814205, 2.8066801472227056, 17038.278929132448, 2.5787098485939053, 4024387.5600000005, 5888207.039999999, 4720952.7, 3814404.0, 3724126.0, 3223649.0]
[238.5, 269.6, 217.64, 40.68, 50.76, 38.98, 180.80017721681762, 170.47903695415553, 172.51817532169335, 22.95553821398831, 40.54504172106949, 26.09831490376968, 2.0, 8.0, 10.0, 1.0, 0.0, 3.0, 633.0, 814.0, 638.0, 82.0, 139.0, 93.0, 43828.39141402708, 2.681806568388754, 29595.670446687054, 2.722303911018314, 18355.371412355376, 2.696562672652477, 4445859.0, 5058300.000000001, 3826722.0, 3269828.0, 2771857.0, 2753887.0]
[185.18, 203.9, 205.34, 30.28, 34.9, 24.08, 173.5768594094529, 139.44134162830636, 145.8441452163149, 17.910252450960673, 28.66360132321699, 23.86684148455718, 2.0, 3.0, 1.0, 1.0, 0.0, 0.0, 813.0, 800.0, 619.0, 70.0, 113.0, 87.0, 24623.364114548465, 2.511072942333273, 15649.893903871734, 2.6138039139948392, 19338.77893319538, 2.382978740059423, 3190899.0000000005, 3031511.0, 3150481.0, 1793085.0, 2094977.0, 2190484.0]
