[323.0, 722.968085106383, 831.0531914893617, 46.659574468085104, 60.691489361702125, 31.425531914893618, 305.9496760924503, 583.5463964587132, 599.2940177583017, 29.967923063172083, 53.04755963005449, 26.842226948662187, 7.0, 6.0, 4.0, 2.0, 0.0, 0.0, 2057.0, 2008.0, 2285.0, 109.0, 219.0, 110.0, 143984.06388657042, 3.6184636005087256, 315107.64401667455, 3.026021732070318, 369162.30053162825, 3.077617691329186, 34802954.8, 151906148.84, 184845929.64, 28346769.0, 57401798.0, 28144958.0]
[392.4313725490196, 850.9803921568628, 1026.078431372549, 56.94117647058823, 76.94117647058823, 51.411764705882355, 310.9119010203347, 509.1605833210611, 554.1791711400657, 32.76852866071706, 48.00850414862179, 34.55324961307589, 2.0, 47.0, 70.0, 0.0, 4.0, 0.0, 1164.0, 1917.0, 2171.0, 120.0, 190.0, 118.0, 79678.51957176754, 2.9257031096230057, 327009.13460984203, 2.1467027265285674, 226180.62117684574, 2.6236443776885388, 12941180.640000002, 50892669.48000001, 70431420.24, 18075373.0, 40354467.0, 21600738.0]
[295.54, 767.56, 976.08, 66.66, 67.7, 46.12, 251.24857274444855, 532.1271967014915, 556.0381663599898, 39.56116937666251, 54.131830765648566, 29.758648202785405, 9.0, 32.0, 33.0, 7.0, 2.0, 0.0, 923.0, 2013.0, 2123.0, 169.0, 212.0, 108.0, 71533.66439430976, 2.919501878721888, 259291.4576601024, 2.4613296849051802, 318432.9133491998, 2.4056855948875326, 7460361.000000001, 43332226.0, 62786352.00000001, 12755328.0, 36609920.0, 14911827.0]
[361.52941176470586, 850.0392156862745, 980.2941176470588, 64.52941176470588, 75.17647058823529, 45.09803921568628, 244.32415786746725, 600.6085234421607, 521.0772416491684, 39.0831692374999, 57.06652464706536, 29.94946069762244, 0.0, 18.0, 61.0, 3.0, 2.0, 1.0, 960.0, 2525.0, 1983.0, 151.0, 185.0, 107.0, 63314.22261347053, 2.836582622467964, 336927.46814248664, 2.3095872801025976, 239151.01636453372, 2.684206894136659, 9843605.879999999, 55985178.60000001, 63837596.58, 18461280.0, 38754721.0, 16171348.0]
[428.28, 872.94, 1021.22, 68.48, 77.42, 42.16, 291.4304649798427, 537.1362237432353, 552.1363810376075, 41.98456470501258, 56.3665445715699, 31.01899352306057, 76.0, 7.0, 144.0, 2.0, 0.0, 0.0, 1431.0, 2125.0, 2153.0, 160.0, 209.0, 118.0, 70975.60011903665, 2.8812879400563927, 178447.8103211655, 2.3369977605447962, 303594.65021708823, 2.4702876633847253, 13332842.0, 52238463.0, 67082389.0, 21033934.0, 41475333.0, 22738598.0]
[320.78, 863.96, 960.32, 71.42, 84.08, 48.84, 263.586200902328, 543.73766784045, 553.7037239151919, 38.54818876604784, 54.37655557240057, 34.816346149239635, 5.0, 15.0, 57.0, 4.0, 2.0, 1.0, 1219.0, 1911.0, 2012.0, 155.0, 201.0, 123.0, 76407.4130712059, 2.9412296953156454, 248184.5053472926, 2.172501316958909, 348304.31165212044, 2.4093056568528146, 8549397.0, 51808225.99999999, 61133527.999999985, 15279987.0, 37779215.0, 12991807.0]
[372.45098039215685, 796.3529411764706, 957.2352941176471, 68.11764705882354, 89.13725490196079, 40.21568627450981, 288.7271593546745, 594.0199937217403, 526.0119613938563, 38.558343874613456, 62.491605710797074, 23.106980525797994, 21.0, 19.0, 5.0, 0.0, 2.0, 1.0, 1410.0, 2266.0, 2241.0, 155.0, 236.0, 94.0, 87490.72767711378, 2.9633295640544084, 314417.03966197843, 2.4949716098168957, 297297.5668722445, 2.557490472920187, 11467732.5, 50985787.32000001, 61777012.97999999, 17342750.0, 36444075.0, 17238852.0]
[317.44, 827.76, 1001.38, 61.66, 77.9, 51.26, 291.3130835597008, 600.6960438881357, 605.5341676266214, 39.20829254228795, 57.23465840248354, 35.125320827934175, 7.0, 1.0, 16.0, 1.0, 0.0, 0.0, 1341.0, 2393.0, 2177.0, 150.0, 232.0, 124.0, 60986.53831085619, 2.8410245076649883, 371239.0210564105, 2.22503615959562, 315003.1109304135, 2.3471106267752972, 9196710.0, 51940282.0, 68105005.0, 14752891.0, 37656234.0, 14990514.0]
[461.02, 792.0, 938.58, 71.34, 80.06, 54.12, 388.9252847821252, 527.5200740933265, 568.8549576624457, 42.8602903606114, 51.14461688911839, 29.14400557961259, 1.0, 17.0, 8.0, 0.0, 1.0, 0.0, 1944.0, 2019.0, 2443.0, 175.0, 204.0, 121.0, 114459.9018229404, 2.570235725164612, 317361.6034210088, 2.4080955040900878, 321905.56647413597, 2.5090929546236387, 18038853.0, 44998793.99999999, 59902823.0, 21528564.0, 35248263.0, 23946057.0]
[432.0, 797.66, 1007.18, 69.92, 84.18, 51.32, 385.6955551007683, 510.47159508414876, 559.2782407820323, 39.17716952824563, 69.83908326302979, 30.842880301718296, 2.0, 1.0, 24.0, 0.0, 0.0, 0.0, 1752.0, 2078.0, 2144.0, 167.0, 259.0, 106.0, 107638.20489130482, 2.892703828596379, 300246.78743918665, 2.3535131972503005, 260122.89044525125, 2.4808995262169455, 16620492.0, 44581555.00000001, 66047393.0, 20327864.0, 37816373.0, 22657660.0]
[426.12, 884.58, 926.6, 78.68, 86.5, 49.48, 313.5223612765255, 648.2891484515224, 522.9217368374955, 44.2033519829731, 58.44245381709486, 32.50635102780466, 2.0, 20.0, 51.0, 3.0, 12.0, 0.0, 1261.0, 2930.0, 2085.0, 190.0, 228.0, 118.0, 111396.43313988786, 2.975277335873616, 468926.91830428224, 2.527463583248879, 241005.27147451337, 2.561822455263319, 13895430.0, 59717751.0, 56328287.99999999, 20607928.0, 39286709.0, 18732938.0]
[371.94, 787.62, 968.32, 73.66, 79.42, 54.96, 325.0425661292969, 623.3920013498239, 587.3407535803441, 41.0398561878373, 57.23032234679766, 32.19009861711504, 1.0, 10.0, 73.0, 4.0, 9.0, 2.0, 1303.0, 2291.0, 2232.0, 166.0, 245.0, 124.0, 89093.30518677729, 2.8331324484207316, 440525.2568806557, 2.48295695220995, 307668.9942477147, 2.61629342195581, 12093949.0, 50059524.99999999, 63785669.99999999, 17144686.0, 35323969.0, 17040003.0]
[360.58, 824.4, 957.58, 70.64, 81.5, 55.88, 278.57736916742704, 626.8933769967977, 564.124066901194, 41.399871832592694, 55.9501417991674, 34.59305108939466, 11.0, 1.0, 88.0, 1.0, 2.0, 0.0, 1440.0, 2556.0, 2253.0, 170.0, 244.0, 134.0, 56940.88838450453, 2.7270221740595098, 407531.52713930537, 2.253138940170746, 258837.06265597465, 2.564258630577679, 10303558.999999998, 53238537.99999999, 61441534.99999999, 20055862.0, 35908711.0, 16475631.0]
[358.46, 860.1, 1060.66, 69.9, 93.84, 59.54, 334.09990012765064, 639.331163587928, 630.4945778141642, 39.76268890016656, 63.81585753924637, 36.059027571299744, 1.0, 25.0, 31.0, 5.0, 2.0, 1.0, 1383.0, 2312.0, 2403.0, 156.0, 258.0, 141.0, 91885.81586229726, 2.804802468181829, 504044.8384049882, 2.557192012657619, 295316.49880868586, 2.615232834668325, 11894193.0, 57017072.99999999, 75728629.00000001, 20194347.0, 39897735.0, 16772948.0]
[372.46, 823.26, 969.04, 71.5, 94.4, 56.46, 273.60669000652473, 583.8643192260562, 526.4647190535785, 40.67353850716554, 66.96267617113283, 34.744672180033, 31.0, 13.0, 75.0, 4.0, 9.0, 0.0, 1158.0, 2743.0, 2059.0, 166.0, 240.0, 116.0, 65178.25816042265, 2.929271139477736, 278663.96403622336, 2.534552437323794, 227781.84097074112, 2.580764968562319, 10604492.999999998, 50591831.00000001, 60533016.0, 17832827.0, 38681024.0, 17005781.0]
[347.82, 806.16, 973.2, 68.68, 93.4, 51.8, 326.29526443366706, 559.809492376739, 601.1439774568594, 41.631248075532525, 66.7282028922141, 33.77597262153397, 2.0, 21.0, 12.0, 3.0, 2.0, 1.0, 1604.0, 2272.0, 2251.0, 171.0, 239.0, 136.0, 153568.59844574792, 2.8838116665301143, 320143.01752081397, 2.3445335485922256, 370713.13764782733, 2.317818245138365, 11265898.999999998, 47850644.0, 65063242.00000001, 16801714.0, 35389664.0, 16298378.0]
[516.32, 896.86, 1046.76, 72.0, 92.16, 45.72, 565.0618691067089, 654.7057606751482, 627.2962897244338, 42.8985514240949, 74.53101258358626, 31.276280378039107, 21.0, 5.0, 18.0, 0.0, 1.0, 2.0, 3391.0, 2480.0, 2440.0, 180.0, 356.0, 115.0, 647221.1821389184, 2.851389703428336, 427191.0999708434, 2.785157791705722, 395579.8032289262, 2.7101886724761437, 28974767.999999996, 61221235.0, 74066856.0, 27246681.0, 45220304.0, 27566898.0]
[331.92, 848.22, 1023.76, 66.66, 97.86, 54.88, 282.93677378379726, 587.0023568426071, 584.8425764115276, 37.67725996363519, 62.15254768449535, 32.20130558894551, 2.0, 16.0, 12.0, 2.0, 4.0, 5.0, 1305.0, 2413.0, 2343.0, 156.0, 242.0, 121.0, 72381.52591671358, 2.9311381982623153, 261799.326181532, 2.2811954391405704, 347482.10106734186, 2.626821436873308, 9431152.000000002, 52857875.0, 69164228.00000001, 15653226.0, 39433216.0, 16112760.0]
[323.44, 900.38, 915.28, 65.58, 78.82, 55.72, 293.18742072856634, 604.1901271916964, 533.4164448847348, 36.57147879460837, 59.53002672292911, 34.00962648835695, 12.0, 27.0, 75.0, 0.0, 5.0, 1.0, 1395.0, 2577.0, 2286.0, 142.0, 244.0, 125.0, 80553.5904765529, 2.829983732506388, 279044.47662615945, 2.3981783548206055, 299108.4625213702, 2.463763876209211, 9442655.999999998, 58421447.0, 55828995.99999999, 16775721.0, 38306858.0, 14751136.0]
[374.28, 735.32, 993.04, 64.66, 90.34, 57.38, 388.08840987273896, 523.258762224674, 573.7584274424424, 39.186945973038995, 59.544053319490146, 36.16057724841759, 3.0, 0.0, 1.0, 1.0, 4.0, 2.0, 1527.0, 2211.0, 2140.0, 161.0, 240.0, 117.0, 142112.0316827331, 2.7969002649210095, 234923.99647198175, 2.3262484529652987, 375668.7318796569, 2.525901857888179, 14384293.999999996, 40450962.0, 65437160.00000001, 17068847.0, 34175314.0, 18003082.0]
[433.03921568627453, 825.7254901960785, 1008.4901960784314, 54.27450980392157, 93.17647058823529, 55.254901960784316, 330.26552716166515, 597.2634955672871, 550.4059001336748, 33.86093822171651, 77.50940739867721, 29.938499052059978, 18.0, 8.0, 0.0, 0.0, 0.0, 1.0, 1477.0, 3064.0, 2033.0, 144.0, 360.0, 110.0, 75101.75915774463, 2.6893381455214143, 261473.99566054688, 2.56120328603023, 360244.9235654014, 2.580364232857057, 15317785.740000002, 53661318.71999999, 68357349.17999998, 18920591.0, 42198228.0, 22565565.0]
[337.86, 830.66, 985.42, 57.86, 91.22, 58.04, 243.0932474150105, 559.1490477064415, 576.7487370721202, 33.04110612369917, 55.080012301215405, 37.74888023748087, 4.0, 34.0, 7.0, 1.0, 2.0, 0.0, 1011.0, 1951.0, 2553.0, 134.0, 214.0, 144.0, 79910.77250812147, 2.605992363071594, 237759.6482026455, 2.1975773597098747, 382415.56918689987, 2.4205061257274934, 8603091.0, 49819537.0, 64851945.0, 15475927.0, 38016927.0, 15501940.0]
[360.6, 892.46, 1012.14, 69.02, 100.04, 51.94, 236.62249276354237, 629.0126117291177, 574.9449666653996, 39.791543558594334, 67.44580893470804, 34.79761310134677, 3.0, 7.0, 5.0, 5.0, 7.0, 4.0, 1036.0, 2492.0, 2182.0, 163.0, 247.0, 132.0, 60703.70463345873, 2.997914922092961, 401057.84419018636, 2.2442108655225312, 413367.4509168642, 2.746184803306618, 9245137.999999998, 59211428.99999999, 67418892.99999999, 16746772.0, 40538530.0, 18564577.0]
[297.76, 808.28, 1047.48, 70.52, 93.24, 61.92, 215.18824791520638, 608.4263421956276, 592.138505584562, 40.45821225382444, 62.69380075462983, 36.38559930432223, 7.0, 20.0, 27.0, 2.0, 1.0, 0.0, 1089.0, 2299.0, 2367.0, 169.0, 269.0, 138.0, 51538.51572292441, 3.013995007789102, 399841.4740601609, 2.189429908975326, 317068.70572543965, 2.3433881334405595, 6702044.0, 50804776.00000001, 72041490.0, 14044342.0, 37426345.0, 14716860.0]
[406.74, 791.14, 987.92, 70.42, 95.88, 50.68, 337.5817246480125, 570.7033615975777, 587.1756278654485, 40.56795256739246, 63.70520114606989, 34.170903005991775, 59.0, 16.0, 55.0, 1.0, 4.0, 1.0, 1798.0, 2450.0, 2386.0, 167.0, 273.0, 134.0, 102829.22706236519, 2.854081953158785, 339497.84143825114, 2.265841958476348, 289587.04683390557, 2.5256778909795012, 13855980.999999996, 47254539.00000001, 65693281.99999999, 21471970.0, 35669300.0, 19585440.0]
[319.06, 806.8, 1031.62, 111.12, 203.68, 83.52, 274.7293592179884, 623.0635634360532, 609.6821818432476, 312.73113183104516, 693.6190344115125, 188.1798141379133, 6.0, 6.0, 8.0, 0.0, 0.0, 1.0, 1158.0, 2736.0, 2155.0, 2258.0, 4982.0, 1363.0, 94412.18714905895, 2.8742574520703976, 483898.62157599983, 2.45496050908942, 312309.07192975696, 2.5663925678857904, 8788299.0, 51568514.0, 71425897.0, 15653561.0, 38970580.0, 17020225.0]
[373.0, 840.02, 1003.08, 61.48, 82.3, 54.7, 290.5879332298151, 569.3922821925216, 608.3738726963805, 37.24997740034926, 57.26032568855318, 33.35477201730707, 4.0, 24.0, 9.0, 0.0, 1.0, 5.0, 1187.0, 2287.0, 2026.0, 149.0, 255.0, 138.0, 59826.47090385645, 2.7538222743594454, 360040.0935017561, 2.357669986598627, 363255.1913898855, 2.4846861715709205, 11094076.000000002, 51167850.99999999, 68444294.00000001, 17475851.0, 37692334.0, 17337695.0]
[306.53846153846155, 883.9423076923077, 1013.9615384615385, 68.17307692307692, 98.38461538461539, 50.96153846153846, 267.80761762939426, 610.5188219051502, 572.3779075750039, 40.54420059776261, 60.552085453684796, 33.303100920485775, 7.0, 8.0, 32.0, 2.0, 2.0, 3.0, 951.0, 2096.0, 2235.0, 162.0, 216.0, 126.0, 55308.13292331714, 2.8104666742646085, 285886.5515959425, 2.1712462357030087, 280626.02889894275, 2.5678253026216717, 8885749.600000001, 62025395.12, 72977399.03999999, 18129598.0, 43368040.0, 15675895.0]
[382.5098039215686, 747.3529411764706, 968.5490196078431, 63.450980392156865, 84.13725490196079, 52.88235294117647, 359.48348348979926, 528.890832725598, 606.2738098821518, 34.932113434769555, 58.41438850414961, 30.784182340171736, 1.0, 5.0, 10.0, 0.0, 1.0, 1.0, 1867.0, 2005.0, 2550.0, 140.0, 224.0, 131.0, 116551.84604416216, 2.827506950884022, 344911.92838176165, 2.5862008653902437, 358459.72471395705, 2.750935143854584, 14201888.4, 43321065.660000004, 67545260.88, 17690895.0, 31191188.0, 17903308.0]
[391.70588235294116, 712.1960784313726, 992.4117647058823, 72.52941176470588, 103.13725490196079, 46.11764705882353, 330.17463828208525, 534.6975975112604, 552.0986932232529, 38.032277313448624, 65.55944466141949, 29.250399695609996, 4.0, 2.0, 0.0, 0.0, 6.0, 1.0, 1260.0, 1831.0, 2037.0, 145.0, 265.0, 115.0, 123851.76706735104, 2.8683388504241654, 287412.71696440096, 2.445753984141224, 302242.4792215189, 2.6068492113617445, 13541390.459999999, 40966731.239999995, 66778976.70000001, 16390273.0, 33084934.0, 18239297.0]
[372.82, 767.98, 934.34, 63.92, 100.86, 54.76, 318.1562759374194, 563.2658954522205, 576.3551063115764, 35.55038964739533, 69.58976291122723, 31.47759812427672, 10.0, 23.0, 48.0, 1.0, 4.0, 1.0, 1320.0, 1920.0, 2236.0, 145.0, 280.0, 115.0, 126193.59185366843, 2.752202115841783, 334539.1103934686, 2.2719849059268578, 396804.5018031388, 2.8876202101662494, 11909685.0, 45035818.99999999, 59926636.99999999, 15465235.0, 32269811.0, 16397130.0]
[358.42, 849.02, 949.04, 65.06, 98.2, 52.78, 308.34191795366866, 653.3580288613211, 593.6095040220516, 38.24433264670514, 72.25860587119696, 32.97883675130746, 17.0, 8.0, 29.0, 2.0, 2.0, 1.0, 1439.0, 2529.0, 2158.0, 145.0, 266.0, 132.0, 106217.24937361179, 2.8466769838855845, 458489.3661836401, 2.3590117880935617, 366687.57410793117, 2.577501136954757, 11081907.0, 56958707.0, 62300086.0, 17511102.0, 35340497.0, 16922510.0]
[418.2692307692308, 838.7307692307693, 983.1346153846154, 67.90384615384616, 107.09615384615384, 43.42307692307692, 367.66049532007725, 597.6889188704884, 612.2455302952533, 39.26544138142125, 63.55860646289596, 28.32053654765227, 1.0, 17.0, 17.0, 5.0, 10.0, 0.0, 1763.0, 2450.0, 2196.0, 161.0, 253.0, 106.0, 147980.36438845325, 3.020403967126364, 272944.1772110037, 2.574486853433338, 425836.0055937812, 2.7834162834274023, 16630891.68, 56991207.52, 72152979.59999998, 21435780.0, 39857626.0, 21957352.0]
[359.6666666666667, 794.5294117647059, 955.2941176470588, 61.09803921568628, 90.68627450980392, 49.294117647058826, 321.88890423042955, 537.5732267492933, 537.6122131840997, 32.82514578914207, 57.5108651286271, 29.07183800013137, 3.0, 12.0, 65.0, 0.0, 3.0, 7.0, 1525.0, 2072.0, 2282.0, 128.0, 223.0, 110.0, 138625.27233020388, 2.7738317982397183, 212479.84448738964, 2.6127956254691513, 287120.81462559506, 2.559522779959009, 12013548.780000001, 47577262.49999999, 62213139.48, 16994748.0, 36682875.0, 17939391.0]
[339.0, 895.24, 994.24, 64.94, 106.1, 55.64, 303.244092426937, 639.3480276095041, 580.9819119738723, 38.21764204219442, 71.69357982242973, 36.955439245068085, 20.0, 10.0, 14.0, 1.0, 2.0, 1.0, 1635.0, 2341.0, 2422.0, 143.0, 255.0, 128.0, 112703.17312900834, 2.8846575274163073, 360060.3611928178, 2.3415088493165617, 414527.96107485675, 2.4703839869999147, 10251942.0, 60102262.00000002, 65965118.0, 16955293.0, 39021976.0, 15176648.0]
[460.24, 826.1, 982.18, 62.9, 89.52, 54.68, 402.64485592144354, 581.3387522761227, 603.4620083403794, 37.534881736043545, 62.75681603765183, 36.436940215184066, 0.0, 6.0, 2.0, 2.0, 3.0, 0.0, 1920.0, 1985.0, 2011.0, 147.0, 242.0, 128.0, 184132.76717427082, 2.82105523526967, 293126.1715883979, 2.193927981041493, 417754.92441888055, 2.4785213371225954, 18535064.0, 50681842.99999999, 66078031.0, 20597424.0, 36292409.0, 24187705.0]
[448.26, 850.4, 976.86, 62.22, 93.9, 49.94, 495.8883107461738, 650.8660792061793, 620.7161107979086, 38.909256020664714, 66.06312689158663, 34.8936635379841, 7.0, 33.0, 74.0, 3.0, 0.0, 0.0, 3115.0, 2637.0, 2529.0, 173.0, 291.0, 132.0, 142649.6251393153, 2.760026115555937, 433888.23383284477, 2.2553695456345837, 365209.0602008538, 2.4169170391114907, 22096207.0, 56916714.0, 66591909.0, 25053046.0, 38282084.0, 23341412.0]
[350.66, 750.14, 935.02, 62.3, 96.3, 55.28, 256.8099122316118, 569.709772514005, 594.0769375721482, 35.02957933763163, 63.51675016104341, 35.79878004990148, 7.0, 30.0, 2.0, 3.0, 15.0, 2.0, 1052.0, 1930.0, 2193.0, 137.0, 222.0, 129.0, 77120.87365146699, 2.8083928415678154, 397053.30823666684, 2.4328752754021186, 352359.19378144096, 2.4563563999583677, 9379736.999999998, 44039392.99999999, 61006563.00000001, 16253595.0, 33266669.0, 14792031.0]
[394.94, 814.66, 987.04, 66.54, 97.26, 58.94, 355.8984268075396, 576.1090674091325, 567.6349056589535, 39.827797696932166, 67.9293780934528, 32.8710591647462, 3.0, 18.0, 30.0, 1.0, 9.0, 3.0, 1520.0, 2245.0, 2243.0, 176.0, 240.0, 134.0, 114408.4154075696, 2.792724643444127, 389340.66622925625, 2.2582428421267253, 306946.77079874754, 2.5181359804194874, 14005401.0, 49446727.00000001, 64500657.99999999, 19331688.0, 37979579.0, 18202208.0]
[424.26, 773.7, 1037.22, 57.68, 101.2, 52.46, 302.3761551175513, 546.5923470718841, 578.4836367255202, 36.31070005901167, 58.62123318040859, 34.01392871955216, 2.0, 4.0, 18.0, 1.0, 0.0, 1.0, 1344.0, 2012.0, 2132.0, 155.0, 256.0, 123.0, 72180.5239748954, 2.9852365764712374, 311828.131346647, 2.4190345018537975, 288340.37345314794, 2.7833808400436255, 13479963.000000002, 44569981.0, 70188788.99999999, 18511412.0, 38319591.0, 22665905.0]
[351.76, 802.58, 935.34, 61.66, 84.74, 49.68, 291.9875283889603, 523.3846710379958, 534.6980689117543, 34.03156398020484, 65.90711150504758, 30.234754971113382, 5.0, 7.0, 33.0, 1.0, 0.0, 3.0, 1271.0, 1874.0, 2082.0, 120.0, 270.0, 121.0, 71316.40770332668, 2.9576273114206075, 287874.7438829669, 2.5857928435541955, 213245.34972659123, 2.787311318086867, 10364333.999999998, 45629376.99999999, 57752244.99999999, 15413650.0, 35563729.0, 15468143.0]
[367.86, 765.74, 895.58, 64.16, 80.8, 50.12, 269.61999032652136, 579.8855555633546, 487.39449261206414, 39.0908726754803, 59.49789912257406, 32.91525296197829, 16.0, 14.0, 9.0, 0.0, 1.0, 1.0, 931.0, 1939.0, 1864.0, 155.0, 250.0, 121.0, 48926.80350610024, 2.9081629265206765, 371727.5576041267, 2.5898187681578766, 267004.7259133781, 2.579737814938786, 10328101.0, 45794983.0, 51743293.0, 15460199.0, 33028939.0, 16559711.0]
[366.2, 780.92, 889.74, 57.1, 79.06, 55.46, 313.4214740699228, 573.9078657479325, 521.3977215922914, 33.34314481452595, 57.49016242375911, 38.41035680912222, 6.0, 12.0, 2.0, 1.0, 6.0, 0.0, 1455.0, 2119.0, 2271.0, 129.0, 209.0, 138.0, 67781.8572971495, 2.8353471755928576, 302412.3325260205, 2.4340792757913134, 220140.5988106548, 2.441685061950217, 11518539.999999998, 46630944.0, 52902787.0, 15063351.0, 31884457.0, 16937211.0]
[299.34, 769.06, 936.6, 60.04, 88.62, 53.0, 226.7140255647081, 502.70709652635617, 606.1568464093923, 34.156876978113196, 56.65754268283388, 31.744515836822675, 5.0, 12.0, 11.0, 2.0, 1.0, 1.0, 943.0, 1759.0, 2228.0, 146.0, 208.0, 116.0, 32928.77516163469, 2.843964640220233, 249158.58630708294, 2.2845117120650804, 293217.0724235363, 2.48875898989758, 6998785.0, 41955671.0, 61864858.0, 12882609.0, 32730014.0, 12478103.0]
[329.88, 780.7, 920.32, 67.82, 85.08, 60.88, 264.495410245275, 539.8451497552661, 534.8630738376899, 36.190927942042634, 59.69679853310427, 37.194272106750795, 27.0, 20.0, 60.0, 14.0, 5.0, 0.0, 1307.0, 2075.0, 1903.0, 139.0, 213.0, 118.0, 49865.0007911756, 2.8663803966470978, 254038.6817125057, 2.5001314155699754, 216654.01848658855, 2.5450236765639005, 8868973.999999998, 44754831.0, 56367292.0, 15574252.0, 34109412.0, 13857137.0]
[401.22, 703.02, 910.02, 52.02, 76.42, 57.46, 315.4438589721875, 526.1861814519842, 561.3715888930669, 29.09624423480509, 55.71175452125642, 32.831797678097224, 9.0, 1.0, 78.0, 0.0, 1.0, 0.0, 1360.0, 1894.0, 2585.0, 105.0, 224.0, 115.0, 70701.70755081622, 2.9163872161371382, 245666.31255642968, 2.5213204978100565, 236537.34183345726, 2.6178416237369913, 12924611.0, 38278579.0, 56848585.0, 15528169.0, 31654061.0, 18277405.0]
[409.75, 855.25, 995.3269230769231, 60.75, 90.15384615384616, 48.67307692307692, 345.05304366311054, 582.9568266730444, 580.3587369676281, 35.296433747534856, 54.46581392835167, 33.987726247057886, 2.0, 15.0, 19.0, 0.0, 2.0, 1.0, 1449.0, 2025.0, 2050.0, 135.0, 232.0, 116.0, 87767.45149048124, 2.563392031292321, 286766.19676784833, 2.4165439802389987, 281305.5332871116, 2.5101204897295997, 15394792.4, 57581997.2, 71440475.60000001, 23826801.0, 43271348.0, 19277631.0]
[435.52941176470586, 773.9607843137255, 979.9019607843137, 63.666666666666664, 86.66666666666667, 52.72549019607843, 340.1765043586154, 597.1840239250985, 600.0244413322497, 37.40356489248942, 58.726030571346016, 33.05091734362152, 2.0, 7.0, 3.0, 2.0, 0.0, 1.0, 1274.0, 2032.0, 2351.0, 132.0, 243.0, 129.0, 147909.24178072662, 2.9335219911867774, 307818.8734615261, 2.0007798627378777, 435676.92012245045, 2.733713224473967, 15769181.639999999, 49348842.35999999, 68311508.34, 19146615.0, 34257405.0, 22949518.0]
[423.52, 816.12, 985.2, 72.98, 92.44, 43.74, 269.4068496015736, 531.9705623280987, 550.2667998529515, 37.39992906246683, 71.29735375917696, 28.70384316158549, 5.0, 20.0, 62.0, 7.0, 6.0, 1.0, 1122.0, 2218.0, 2094.0, 135.0, 243.0, 115.0, 75740.7203739124, 2.7378581841019707, 184252.86070473897, 2.1089058881053666, 337384.6167002914, 2.3967750935765655, 12524882.0, 47169234.0, 63367836.0, 19829174.0, 37553872.0, 19798687.0]
[327.15686274509807, 803.0392156862745, 958.6078431372549, 64.7843137254902, 92.76470588235294, 49.333333333333336, 303.37161189201737, 530.5068128039192, 540.215885676509, 33.255564181345775, 59.401881530905776, 36.06697473682353, 7.0, 19.0, 141.0, 0.0, 6.0, 1.0, 1159.0, 1833.0, 2417.0, 123.0, 213.0, 120.0, 95894.87521046592, 2.4680067817082283, 199547.7825110443, 2.2404687701950947, 322065.44118105096, 2.6156988624465596, 10261535.58, 47899551.9, 62686179.78, 16416130.0, 37147934.0, 12769515.0]
[510.96, 924.3, 1055.66, 62.86, 93.02, 50.66, 445.36125946086895, 565.5457631386532, 617.369026348, 36.826127592639814, 56.99068667200754, 34.33009627432003, 14.0, 98.0, 43.0, 0.0, 2.0, 2.0, 2346.0, 2232.0, 2639.0, 134.0, 251.0, 140.0, 327581.5328526591, 2.9367976606882706, 263526.65673565265, 2.242939707920936, 492916.5771505025, 2.419514019272638, 22772992.0, 58388782.99999999, 74396983.0, 25902093.0, 43771827.0, 27361427.0]
[388.94117647058823, 722.5294117647059, 984.8039215686274, 62.450980392156865, 88.11764705882354, 53.8235294117647, 288.1470049655006, 528.3498974331754, 538.8133635910618, 34.187900623167955, 58.83796293510628, 31.935375922229532, 7.0, 7.0, 4.0, 2.0, 4.0, 2.0, 1111.0, 2140.0, 2355.0, 134.0, 205.0, 130.0, 101555.54420498636, 2.685225513862729, 226854.14062942256, 2.639863164279271, 342734.1008605268, 2.6912119223505457, 12103801.439999998, 41393810.34, 65257324.379999995, 15039174.0, 32059186.0, 20369950.0]
[325.7, 726.8, 885.68, 67.78, 91.04, 54.52, 291.0636545850549, 548.7738465833422, 548.6918558289901, 39.99453534100449, 62.19356223656489, 36.9037578972491, 10.0, 1.0, 33.0, 1.0, 2.0, 2.0, 1158.0, 2246.0, 2154.0, 161.0, 227.0, 129.0, 96788.43508780953, 2.7360078763041624, 375786.4500961837, 2.061516231591791, 279684.13113220583, 2.588801542543534, 9455209.000000002, 41168396.0, 53973527.99999999, 13397088.0, 28130086.0, 14018872.0]
[503.62, 913.38, 884.88, 89.74, 79.18, 85.4, 365.8122575244056, 559.656924428908, 649.5116105543441, 54.56574764746223, 51.6727102017287, 48.4317318817036, 0.0, 41.0, 30.0, 0.0, 1.0, 4.0, 1273.0, 2426.0, 2562.0, 192.0, 208.0, 214.0, 154972.79498865362, 2.9447660332365606, 381648.1775954139, 2.3914596789659703, 390935.91688854166, 2.5967695442488994, 19238767.000000004, 57060729.00000001, 59822032.00000001, 28489584.0, 36637512.0, 20632291.0]
[450.22, 737.4, 910.66, 98.6, 79.2, 64.96, 362.1922643107257, 550.397147892468, 497.66768725603987, 56.90701330473518, 56.21750762231732, 55.34786466024665, 6.0, 22.0, 68.0, 2.0, 3.0, 2.0, 1551.0, 2102.0, 1861.0, 206.0, 196.0, 217.0, 124234.29595919832, 2.863557199021355, 339542.85684372066, 2.544105011434036, 237400.61937751176, 2.773340619400104, 16562880.999999998, 42031852.0, 53601065.00000001, 19633482.0, 30640839.0, 20236933.0]
[393.8, 740.58, 976.04, 70.62, 85.96, 46.08, 363.2083227491982, 562.7046236431577, 603.7305778343888, 36.18652923339269, 52.63969170556704, 29.3562495519285, 1.0, 52.0, 69.0, 5.0, 0.0, 3.0, 1526.0, 1949.0, 2164.0, 138.0, 241.0, 142.0, 76371.19117554593, 2.8173040994958414, 335859.14823448757, 2.3907639236783176, 279824.1022274582, 2.5288063659156332, 14218015.999999998, 42938125.0, 65492744.0, 17676125.0, 33130700.0, 18749911.0]
[407.38, 733.46, 959.32, 68.64, 101.08, 44.9, 292.54191327125784, 581.954350197922, 550.5206604215871, 39.87263395833677, 63.430772162593584, 30.780493425385565, 24.0, 26.0, 9.0, 2.0, 3.0, 2.0, 1097.0, 2092.0, 1923.0, 164.0, 253.0, 119.0, 82468.63650738426, 2.950358235680762, 349220.09040833614, 2.4100941201995703, 305773.49206037686, 2.501763676186213, 12491381.0, 43493050.99999999, 60865319.99999999, 18380612.0, 31858063.0, 18315297.0]
[433.08, 817.2, 941.84, 67.74, 103.3, 44.62, 395.7384644495629, 641.5253824491518, 561.7099026133308, 43.05374429662516, 63.04169336273271, 27.023715963756644, 2.0, 18.0, 50.0, 0.0, 1.0, 0.0, 1585.0, 2799.0, 1963.0, 181.0, 228.0, 115.0, 185303.6267902645, 2.953049764811877, 416384.44524988334, 2.366328332061141, 283134.0808743884, 2.7778423671959924, 17051752.0, 53556978.00000001, 59813512.00000001, 21563689.0, 37098347.0, 20842062.0]
[398.08, 767.52, 997.16, 62.34, 91.58, 49.52, 303.6896132970138, 584.8767614826639, 533.3616286711816, 36.76600581615399, 64.02202745930497, 28.11001709754887, 5.0, 14.0, 41.0, 6.0, 2.0, 4.0, 1188.0, 2334.0, 2050.0, 131.0, 254.0, 102.0, 58518.066385909195, 2.699764748955251, 331895.003249937, 2.397977862788445, 291918.14754597977, 2.624119873170778, 12442526.0, 46216308.00000001, 63655660.0, 17565135.0, 36169714.0, 20559561.0]
[349.44, 788.42, 966.62, 69.74, 98.84, 54.32, 357.0379365883481, 605.0646479205882, 582.1078127926868, 40.60904192066449, 68.08978466341485, 35.26080092159923, 6.0, 11.0, 29.0, 0.0, 2.0, 0.0, 1810.0, 2225.0, 2325.0, 154.0, 257.0, 129.0, 130628.05420239037, 2.8052247222476376, 399898.2170852959, 2.347478343261135, 305723.82752241037, 2.533056121884228, 12351743.999999998, 49019363.0, 63321336.99999999, 17062788.0, 34376998.0, 16130413.0]
[334.98, 789.88, 938.2, 62.54, 84.44, 58.64, 330.91897337380874, 614.1165760501761, 592.8569707400784, 36.19460440114109, 59.02167018155626, 40.39234116128694, 5.0, 19.0, 93.0, 2.0, 0.0, 3.0, 1505.0, 2252.0, 2220.0, 136.0, 201.0, 146.0, 125525.73558405088, 2.919588989144155, 452966.5570154099, 2.3832878351055253, 323652.24455145746, 2.5437648992571424, 10976440.999999996, 49675340.0, 61233451.99999999, 16500041.0, 32512570.0, 15003094.0]
[320.6862745098039, 760.6666666666666, 947.7058823529412, 63.529411764705884, 93.41176470588235, 56.92156862745098, 305.59630169202495, 551.5582894551279, 563.8333900760986, 35.00134451199066, 64.37862268504608, 33.53973353338091, 1.0, 1.0, 79.0, 1.0, 3.0, 4.0, 1225.0, 2260.0, 2397.0, 137.0, 229.0, 124.0, 78930.02377950816, 2.749122625132483, 348130.49066501553, 2.4522701649579686, 324696.57305556716, 2.5748932962437, 10112564.579999998, 45614532.599999994, 62934890.46, 15304124.0, 35155883.0, 16658265.0]
[428.38, 743.98, 961.58, 68.48, 95.38, 56.08, 362.32603932854477, 551.4079748188972, 597.8858361436776, 39.57593579282177, 63.20807556259351, 34.502789002913836, 7.0, 2.0, 12.0, 0.0, 2.0, 1.0, 1834.0, 1993.0, 2242.0, 169.0, 268.0, 139.0, 158281.47123996992, 2.794733102887192, 347716.3031172413, 2.4169630834680738, 404694.62050944567, 2.3599758660297097, 15608199.0, 42573798.99999999, 63747711.00000001, 17883643.0, 31702104.0, 20596329.0]
[427.98, 771.08, 985.5, 71.28, 102.22, 57.78, 450.18116489307926, 598.6746532200635, 565.904702801683, 39.53404113119813, 70.7557713806688, 35.971808689697035, 9.0, 10.0, 9.0, 1.0, 3.0, 4.0, 2301.0, 2050.0, 2459.0, 164.0, 255.0, 123.0, 197746.90014993388, 2.9068105182050914, 402825.247799533, 2.42884526633791, 319066.3859917244, 2.5167544699324362, 19088835.0, 47290374.0, 64252671.0, 19412347.0, 35246542.0, 20962107.0]
[393.29411764705884, 832.3137254901961, 1001.3529411764706, 60.490196078431374, 101.90196078431373, 45.96078431372549, 355.99883674628194, 601.4832828997354, 541.8517813398573, 34.15164566987636, 63.57869294094077, 27.896208189869622, 1.0, 1.0, 108.0, 1.0, 4.0, 2.0, 1802.0, 2627.0, 2403.0, 139.0, 258.0, 107.0, 139389.61032299759, 2.836220201296409, 260861.5231566474, 2.419347078033886, 353806.7002668499, 2.6324575746157013, 14509961.040000001, 54487543.19999999, 67134626.22000001, 20685571.0, 39337841.0, 19359668.0]
[443.32, 750.06, 973.46, 62.08, 106.08, 54.56, 359.19492974013485, 570.9224690921576, 568.0847956969459, 36.34070074465055, 65.79338097097487, 34.553808969283175, 4.0, 31.0, 3.0, 0.0, 5.0, 0.0, 1737.0, 2041.0, 2394.0, 133.0, 253.0, 127.0, 147144.10000973483, 2.9166679035101524, 279985.0626209422, 2.6425494425385385, 334760.1575294466, 2.930736898360395, 16148659.999999996, 44101171.0, 63194514.999999985, 18838784.0, 34274502.0, 20619317.0]
[436.6470588235294, 752.9607843137255, 954.2352941176471, 71.92156862745098, 102.62745098039215, 48.568627450980394, 373.9101936844949, 513.9635380368655, 557.7426857695328, 39.80645331463475, 72.16175185908772, 28.202308346630627, 34.0, 13.0, 12.0, 0.0, 3.0, 0.0, 1710.0, 1899.0, 2086.0, 159.0, 266.0, 98.0, 148242.8251732624, 2.8233720037298906, 245442.41977356042, 2.200907107735886, 305858.92452799616, 2.5935934351308205, 17048417.7, 42964820.46, 63232513.19999998, 21658173.0, 33607350.0, 21393815.0]
[445.48, 792.56, 989.04, 71.92, 118.72, 52.9, 549.1214222069019, 590.4557617049835, 586.7862302406218, 39.73629400465637, 65.3130733545774, 38.30343406568777, 7.0, 8.0, 68.0, 2.0, 5.0, 3.0, 3261.0, 2142.0, 2491.0, 143.0, 253.0, 148.0, 353577.2345120331, 2.891929245976647, 311825.5120856596, 2.2999146633883853, 431150.7578122477, 2.373491299658905, 24697803.999999996, 48490830.0, 65781591.99999999, 20380417.0, 33198709.0, 18480269.0]
[415.2549019607843, 785.6666666666666, 944.0784313725491, 63.568627450980394, 99.6078431372549, 53.705882352941174, 418.6638194607819, 576.9821025531613, 579.27467899563, 39.86088554057011, 70.31730325641692, 38.62656811970075, 1.0, 57.0, 22.0, 0.0, 0.0, 0.0, 2022.0, 1969.0, 2412.0, 145.0, 274.0, 153.0, 189550.30389668504, 2.7874503889374562, 328455.6688050047, 2.2806968957956038, 381528.45133240893, 2.64140053936606, 17909402.759999998, 49088820.89999999, 63478114.919999994, 18490585.0, 32172237.0, 21196262.0]
[446.0, 819.86, 1010.62, 68.66, 98.02, 48.36, 413.2418869655606, 576.1262974489578, 549.7743466595163, 40.55815175115094, 66.83042506438004, 28.463194996130614, 1.0, 1.0, 152.0, 0.0, 6.0, 5.0, 1717.0, 2347.0, 2410.0, 169.0, 256.0, 106.0, 189909.2862956074, 2.7580148415115247, 343023.66508271475, 2.5089673429832193, 292539.2787781541, 2.6262118388669657, 18313474.000000004, 49872674.99999999, 65877978.99999999, 21680115.0, 40004660.0, 23138192.0]
[568.62, 841.06, 1041.52, 76.38, 105.76, 51.7, 477.0054502747707, 690.6286816505433, 618.3367829450689, 43.74830142475271, 64.90072796044679, 33.03693047954371, 29.0, 7.0, 40.0, 0.0, 0.0, 1.0, 2210.0, 2531.0, 2475.0, 151.0, 250.0, 131.0, 163516.82672045875, 2.8622406803338203, 428251.5407847608, 2.6758498031238616, 315845.9276081267, 2.4270786492641134, 27315611.000000004, 58740527.00000001, 72972874.0, 28941555.0, 39192945.0, 31362345.0]
[468.5686274509804, 714.3333333333334, 974.3725490196078, 59.509803921568626, 96.29411764705883, 61.627450980392155, 353.7900651460954, 531.1493449743365, 566.8349304968533, 35.51358756815178, 64.92743460745913, 36.002200368485106, 0.0, 43.0, 102.0, 1.0, 4.0, 0.0, 1450.0, 2018.0, 2253.0, 134.0, 213.0, 134.0, 84420.41016712638, 2.9639909476550907, 375432.6372199642, 2.647347175967806, 309962.79102249024, 2.501809292377053, 17804870.1, 40932456.18, 65774278.739999995, 19663920.0, 34467954.0, 23061144.0]
[482.42, 799.06, 957.16, 69.84, 91.12, 54.64, 488.60873249399435, 505.6141309217486, 639.0532972567264, 39.91897916980322, 63.36793755681244, 34.730307883954694, 13.0, 22.0, 21.0, 1.0, 4.0, 0.0, 2048.0, 1748.0, 2541.0, 136.0, 230.0, 124.0, 211957.38199978863, 2.939638472907885, 227554.949334195, 2.7502012824923465, 328316.8325398499, 2.610760656379037, 23334639.0, 44451480.99999999, 65818830.00000001, 21465830.0, 36861142.0, 19896331.0]
[510.46, 745.78, 995.08, 69.02, 90.46, 49.24, 398.93215678143287, 549.985724861128, 579.1132151128719, 40.72831337293605, 65.73205039384966, 32.71619457936852, 11.0, 22.0, 144.0, 0.0, 1.0, 3.0, 1521.0, 2024.0, 2436.0, 166.0, 272.0, 128.0, 145888.15071077246, 2.887271941404871, 308099.9282091199, 2.289745522286678, 288301.68992289575, 2.571576771335247, 20826667.0, 42631121.0, 65942444.0, 22725894.0, 36595313.0, 26188461.0]
[426.46, 776.72, 976.62, 69.7, 86.14, 52.86, 407.2359397354866, 565.4470162298721, 540.1363353972092, 39.62798949001082, 53.8103282704299, 30.684710012829328, 9.0, 14.0, 14.0, 6.0, 2.0, 4.0, 1837.0, 2576.0, 2284.0, 142.0, 198.0, 119.0, 144743.43197559897, 2.7200150847664726, 271960.84696140914, 2.2668827794988666, 300084.4558791149, 2.634242195637295, 17219621.000000004, 45831484.00000001, 61984946.99999999, 23031767.0, 37249541.0, 20089173.0]
[477.48, 748.02, 961.38, 66.62, 97.72, 53.66, 406.51285794359495, 529.1577632118298, 555.305611389635, 39.76250413007055, 65.98640552633333, 36.38603118376779, 10.0, 39.0, 37.0, 2.0, 3.0, 0.0, 1727.0, 1873.0, 2094.0, 153.0, 265.0, 134.0, 142145.2185804228, 2.714631437081283, 250740.9600276705, 2.3438241501866877, 281486.8070581569, 2.5629089527973505, 19496739.999999996, 41697085.0, 61322426.99999999, 22659398.0, 32305656.0, 21685691.0]
[472.37254901960785, 792.5490196078431, 943.7058823529412, 72.05882352941177, 85.23529411764706, 46.05882352941177, 393.8540826643448, 582.4296803469236, 568.0933829615567, 39.3666924009147, 63.39797732902655, 30.660340353431096, 20.0, 8.0, 6.0, 6.0, 2.0, 1.0, 1316.0, 2983.0, 2383.0, 148.0, 278.0, 126.0, 137160.32741065172, 2.7147466886929057, 193475.4987993479, 2.3247701196904496, 312999.20027227566, 2.7839853484131796, 19518698.58, 49975968.96, 62787247.500000015, 22882747.0, 35287306.0, 21875246.0]
[483.28, 782.1, 944.56, 79.06, 92.0, 41.66, 395.0049361613558, 524.22970701238, 564.8703719818001, 43.77885520734075, 60.697644778299704, 26.337379349897517, 4.0, 5.0, 39.0, 3.0, 6.0, 0.0, 1779.0, 2090.0, 2403.0, 166.0, 213.0, 95.0, 113475.40716921673, 2.8805449765206936, 208129.79283186095, 2.2557330133702442, 280234.3568044725, 2.700009204028083, 19323394.0, 44050043.0, 60244528.000000015, 21044462.0, 34558404.0, 22466109.0]
[420.4901960784314, 793.156862745098, 976.2549019607843, 86.82352941176471, 98.80392156862744, 49.78431372549019, 377.21051801608183, 511.2694543017026, 550.6145237146312, 47.388904136876995, 58.523164510420365, 30.402180004394555, 6.0, 1.0, 118.0, 2.0, 3.0, 4.0, 1830.0, 1864.0, 2288.0, 165.0, 217.0, 110.0, 168861.02679175124, 2.82102689332908, 214461.9550777893, 2.3922500099545423, 369677.3380108955, 2.592196798959134, 16454437.02, 46056887.220000006, 65040884.46, 19727610.0, 36211294.0, 17769770.0]
[444.4117647058824, 757.2745098039215, 946.9607843137255, 70.70588235294117, 84.84313725490196, 52.509803921568626, 358.5818833388317, 567.2012721576485, 546.4794217821678, 36.92440608467362, 57.7561676529943, 34.28024069286539, 12.0, 10.0, 84.0, 3.0, 0.0, 3.0, 1815.0, 2075.0, 2135.0, 132.0, 230.0, 123.0, 141750.17208448646, 2.9146616573271635, 271420.0536333997, 2.299665713450455, 392683.1953314991, 2.7070457679392868, 16831673.819999997, 46239214.26000001, 61878768.18, 20517541.0, 33151170.0, 20965614.0]
[418.98, 685.68, 999.02, 79.6, 93.16, 43.0, 362.36150007236404, 492.0758378584358, 522.3805591438377, 43.9758746475884, 63.54537507858106, 32.18695387886216, 5.0, 10.0, 12.0, 4.0, 4.0, 3.0, 1441.0, 1905.0, 2301.0, 174.0, 255.0, 113.0, 153095.8268973324, 2.59829454210146, 231016.91553018923, 2.325494331777044, 304204.26650057663, 2.603419771986119, 15211198.999999998, 35372646.00000001, 63273239.00000001, 19448905.0, 32921382.0, 20285194.0]
[495.92, 697.94, 949.0, 80.24, 90.16, 37.32, 367.9987710715949, 556.5522660972275, 606.9805497337637, 46.56247065469558, 62.0971457492539, 24.724143368499593, 32.0, 7.0, 6.0, 0.0, 6.0, 1.0, 1507.0, 2665.0, 2574.0, 170.0, 322.0, 89.0, 143432.00305771347, 2.6372633373738377, 334457.4789812011, 2.4861036652695163, 357531.93577751255, 2.5696418781425283, 18932564.0, 39533783.00000001, 63082894.0, 20257061.0, 34590288.0, 23683979.0]
[476.9, 722.0, 1016.16, 76.3, 82.8, 49.58, 390.86122857095967, 480.9857225595397, 529.6004023057848, 43.339311466235216, 55.079904850747035, 32.595911850840366, 6.0, 6.0, 133.0, 0.0, 6.0, 1.0, 1573.0, 1693.0, 2358.0, 164.0, 236.0, 123.0, 157743.70068090907, 2.674158142118661, 234773.86107912665, 2.230769541714699, 277618.1234356679, 2.7063999014150157, 18857533.0, 37400216.0, 65372410.0, 22375337.0, 35564651.0, 22764944.0]
[462.84313725490193, 761.3529411764706, 989.0392156862745, 81.68627450980392, 90.13725490196079, 52.92156862745098, 395.55684155625573, 525.0649797322009, 566.8168649849549, 43.27793442209479, 58.46298644709939, 34.36791709560235, 3.0, 36.0, 1.0, 2.0, 1.0, 1.0, 1672.0, 1949.0, 2153.0, 162.0, 220.0, 111.0, 208843.07129897078, 2.8920633312786137, 299169.07833192084, 2.37338477203782, 319632.9605039551, 2.8918723460591123, 19123646.459999997, 44214179.699999996, 67271238.89999999, 22386600.0, 35266165.0, 23082090.0]
[477.29411764705884, 800.1960784313726, 906.843137254902, 83.96078431372548, 92.62745098039215, 54.588235294117645, 435.50041534389595, 575.2736051517693, 597.9002382521359, 50.84012619351518, 59.45484363256326, 32.410601025336284, 17.0, 27.0, 39.0, 2.0, 4.0, 4.0, 1717.0, 2946.0, 2114.0, 226.0, 243.0, 119.0, 178346.79314791408, 2.7499190686925, 460241.36235820915, 2.479857977373808, 367492.3415240847, 2.795002784204298, 21523350.479999997, 50187047.75999999, 61011119.46000001, 25159482.0, 37906265.0, 20315445.0]
[467.0, 761.2156862745098, 986.0588235294117, 87.92156862745098, 98.6078431372549, 46.627450980392155, 358.5936418845153, 566.0413523312759, 638.550746981466, 44.98303819763841, 56.48861068618081, 33.00300639900173, 60.0, 57.0, 35.0, 5.0, 0.0, 0.0, 1582.0, 2082.0, 2458.0, 178.0, 214.0, 131.0, 109836.20924142248, 2.8493410827296772, 364533.13088135555, 2.475889735159667, 418316.42969014856, 2.7436629211847015, 17903049.18, 46483497.12, 71374770.3, 22750179.0, 34636666.0, 22147743.0]
[471.19607843137254, 689.5294117647059, 904.9607843137255, 60.705882352941174, 78.13725490196079, 50.1764705882353, 386.5953967448574, 537.4437404209366, 496.7440773993914, 37.77051448823384, 55.06905468876078, 32.271167244060415, 9.0, 43.0, 91.0, 3.0, 0.0, 1.0, 1692.0, 2257.0, 2091.0, 135.0, 220.0, 124.0, 80548.71309337295, 2.8828378188595223, 323064.1209979521, 2.6494787420241663, 233103.15728596854, 2.622391228919276, 19172035.259999998, 39464085.6, 55186476.78, 19645010.0, 28228694.0, 21886230.0]
[539.52, 793.36, 987.44, 78.32, 99.64, 51.66, 454.5385298322254, 590.2550040414045, 573.1868363699178, 45.75508893298434, 58.66917279742995, 34.24557769751789, 22.0, 21.0, 33.0, 2.0, 2.0, 7.0, 1785.0, 2351.0, 2512.0, 195.0, 239.0, 139.0, 180022.7405175581, 2.896520110985033, 401653.311141557, 2.6347063917871005, 270978.80564106, 2.5592498684736764, 24677750.0, 48542652.0, 64850502.00000001, 26657365.0, 38540604.0, 25190468.0]
[476.32, 748.84, 978.1, 82.96, 101.02, 46.04, 488.08967225630306, 564.3265576538724, 570.4697044308921, 44.58056682878214, 59.783449351191926, 32.72455235034716, 2.0, 4.0, 60.0, 2.0, 4.0, 0.0, 2369.0, 2314.0, 2375.0, 157.0, 260.0, 112.0, 253695.0837746416, 2.9105837391395446, 331931.42324918736, 2.6985282131921546, 299981.4417755438, 2.699206966949322, 23017381.999999996, 43642825.99999999, 63780329.0, 21993476.0, 34230146.0, 21697112.0]
[527.9607843137255, 820.0, 929.2941176470588, 81.45098039215686, 102.76470588235294, 56.80392156862745, 408.62476482877605, 538.1592701050499, 546.7583851800591, 38.884605553092705, 66.32091321304136, 38.9656359413487, 21.0, 1.0, 43.0, 7.0, 3.0, 2.0, 1771.0, 2058.0, 2530.0, 139.0, 234.0, 145.0, 140160.7569444105, 2.7454538084114115, 266105.84710518207, 2.362627396587747, 270205.4002495091, 2.464309864905454, 23015873.64, 49748633.39999999, 60170006.040000014, 26851172.0, 36840353.0, 25571013.0]
[373.66, 663.14, 906.88, 79.78, 91.56, 51.64, 302.3268004754363, 468.2187701648599, 500.74335110260756, 42.300330485513626, 59.82906262590011, 29.60195801576894, 13.0, 2.0, 9.0, 8.0, 3.0, 1.0, 1258.0, 1785.0, 2007.0, 172.0, 242.0, 106.0, 116835.31028645023, 2.7983935461490463, 196999.41509843484, 2.216217732618255, 244506.77245277754, 2.4247281001503125, 11459763.000000002, 32729944.999999996, 53408018.0, 15271817.0, 29290594.0, 16011850.0]
[489.84313725490193, 763.7647058823529, 900.4313725490196, 81.3921568627451, 101.58823529411765, 47.529411764705884, 439.58377461180345, 589.4563796663938, 556.8181482280174, 46.011771724797796, 62.9330363070425, 32.54311167738972, 18.0, 4.0, 3.0, 4.0, 5.0, 2.0, 2201.0, 2092.0, 2013.0, 177.0, 236.0, 122.0, 254489.90021610525, 2.9270466863759523, 366513.66111735505, 2.3490909340237147, 284569.6188757841, 2.452879792158694, 22336935.119999997, 48065566.080000006, 57988970.63999999, 21755055.0, 32748835.0, 24560999.0]
[452.62, 774.52, 965.16, 79.16, 97.6, 48.78, 361.47130690317, 504.0976274088023, 497.4694477337995, 43.33512502837034, 61.51688004614868, 34.101463251866, 15.0, 28.0, 30.0, 4.0, 1.0, 1.0, 1548.0, 2178.0, 2125.0, 162.0, 253.0, 126.0, 123169.83175463136, 2.8648138827854974, 182909.23895958447, 2.2338587526007485, 233514.9781660937, 2.7815221477509073, 16645657.0, 42445667.99999999, 58703008.00000001, 21343521.0, 36068638.0, 21482459.0]
[440.3, 735.26, 949.44, 78.38, 99.2, 55.96, 390.1971375118595, 542.1647768954771, 610.8892200584927, 43.629651965288986, 65.58714408622895, 35.79189282277112, 26.0, 8.0, 25.0, 4.0, 2.0, 0.0, 1502.0, 2101.0, 2446.0, 157.0, 263.0, 138.0, 203538.53950683202, 2.8133352702566956, 232510.95255652338, 2.2618312237042466, 433500.7882496109, 2.8681072755178207, 17153641.0, 41433552.999999985, 63357912.00000001, 20028707.0, 31993080.0, 20620164.0]
[376.26, 640.24, 899.84, 78.62, 93.4, 45.08, 299.42576402718805, 485.8699145630968, 512.7307189978786, 44.88119919093435, 58.277660508000096, 30.236374904193443, 12.0, 6.0, 13.0, 1.0, 0.0, 0.0, 1646.0, 1788.0, 1871.0, 145.0, 251.0, 98.0, 109505.84491652905, 2.972692843386313, 178367.77361660235, 2.2337567673828778, 259939.28744302457, 2.6574113030816036, 11471713.000000002, 32062772.000000004, 53367348.0, 14867044.0, 27769275.0, 15723509.0]
[438.0, 681.96, 878.7, 83.9, 93.04, 47.44, 402.16267395984255, 460.42331719886664, 562.7707058358127, 41.496127185902196, 63.673580847626155, 33.42500591485607, 2.0, 48.0, 49.0, 1.0, 3.0, 0.0, 2218.0, 1454.0, 2022.0, 172.0, 211.0, 119.0, 123934.68891708218, 2.6171987733567295, 166507.69012025918, 2.16100934648009, 317772.89094608463, 2.5787677326247365, 17517205.999999996, 33640964.0, 54124516.99999999, 17979912.0, 27448014.0, 18167576.0]
[404.6, 705.1, 938.18, 80.02, 86.28, 51.84, 361.52037230540236, 518.9712842514035, 575.173290302628, 44.253209269071604, 59.215290358529, 33.26845659301965, 3.0, 2.0, 26.0, 8.0, 1.0, 3.0, 1796.0, 2371.0, 2110.0, 152.0, 244.0, 115.0, 118931.24463973887, 2.771530829684482, 167786.01393736276, 2.198573761560943, 336015.9303224636, 2.3891054965399245, 14589210.0, 38055529.0, 60219476.99999999, 17129883.0, 29895294.0, 18374445.0]
[414.28, 727.24, 954.22, 84.8, 95.08, 61.12, 384.56018026428313, 556.2014229190203, 558.1200328069295, 45.1415008837856, 58.975553565586374, 35.93738318525824, 4.0, 11.0, 9.0, 4.0, 1.0, 2.0, 1735.0, 2354.0, 2389.0, 162.0, 213.0, 140.0, 205317.8663922717, 2.951563622499792, 231106.23270071857, 2.469767455223965, 324466.4018325899, 2.6958267398039606, 15827835.999999998, 41602542.0, 60790191.00000001, 18626752.0, 32630841.0, 18353015.0]
[429.36, 709.7, 936.46, 77.76, 95.58, 61.0, 307.9579722187124, 535.4250743139339, 571.494325145464, 44.25370271606244, 63.671699412866694, 39.175690088083336, 1.0, 4.0, 6.0, 3.0, 2.0, 0.0, 1208.0, 1996.0, 2209.0, 154.0, 243.0, 143.0, 96591.67236222551, 2.7948089951866786, 192409.4400489796, 2.412544262513931, 354116.0668376749, 2.496979248231244, 13864568.0, 39231025.00000001, 59851549.00000001, 18677850.0, 29833381.0, 19319901.0]
[362.64, 729.98, 958.94, 82.94, 90.46, 61.3, 326.8493230832825, 479.7217088679474, 587.4944866436916, 44.53542960156462, 59.81952790157532, 36.97724065598476, 5.0, 23.0, 12.0, 1.0, 0.0, 2.0, 1200.0, 1666.0, 2324.0, 154.0, 217.0, 136.0, 88236.03967005447, 2.965170849694303, 184514.9570719403, 2.1834252805389314, 313489.2244335403, 2.7296859777328937, 11810081.999999998, 37920053.0, 62890634.999999985, 16582911.0, 33215359.0, 17347648.0]
