[212.21505376344086, 180.86021505376345, 174.1505376344086, 88.83870967741936, 61.02150537634409, 66.7741935483871, 143.97854984128452, 132.23797647307063, 97.3411689834041, 39.880334677245926, 38.506910304352786, 30.863700724968037, 2.0, 3.0, 2.0, 3.0, 3.0, 0.0, 677.0, 589.0, 447.0, 143.0, 154.0, 114.0, 18613.161295652248, 3.223540590804767, 15539.71153053192, 3.115890470302297, 8293.551631317221, 3.329918213901734, 5668740.6, 4325301.66, 3433811.0999999996, 4360570.0, 2607974.0, 3277996.0]
[200.59139784946237, 183.51612903225808, 173.46236559139786, 78.36559139784946, 53.354838709677416, 61.806451612903224, 129.48956954461957, 133.34212395051813, 133.54510385599454, 41.405414723154834, 36.767082738116834, 35.7020453879156, 4.0, 3.0, 2.0, 0.0, 0.0, 1.0, 611.0, 644.0, 530.0, 146.0, 123.0, 132.0, 14102.92796090844, 3.4029303905917896, 13689.36681234045, 3.5006603411875146, 13162.132810534402, 3.0736337487492555, 4914721.709999999, 4434092.13, 4128316.500000001, 3879949.0, 2640804.0, 3050379.0]
[215.9247311827957, 176.61290322580646, 165.76344086021504, 85.40860215053763, 52.935483870967744, 60.344086021505376, 143.06529647553762, 142.41046250784055, 127.55922732201034, 41.515119445691056, 37.47689330183069, 28.3362936054959, 0.0, 1.0, 1.0, 4.0, 3.0, 0.0, 694.0, 559.0, 518.0, 169.0, 141.0, 119.0, 25083.806572680918, 3.4535063400241275, 19887.62442238613, 3.25351940341399, 13900.111412176006, 3.0594703287216003, 5783680.23, 4433026.35, 3768707.82, 3847298.0, 2334409.0, 3622126.0]
[216.6021505376344, 181.66666666666666, 198.53763440860214, 92.02150537634408, 53.25806451612903, 60.53763440860215, 154.6719628189978, 145.4000727627751, 120.79776120332055, 41.290323767677634, 39.3144799151126, 30.11555972950547, 6.0, 0.0, 2.0, 4.0, 0.0, 0.0, 961.0, 877.0, 521.0, 145.0, 141.0, 114.0, 25658.972375054673, 3.2077489219725797, 21418.099537499314, 3.5447959452755344, 14258.073260307743, 3.376998735573489, 6104694.840000002, 4663249.709999999, 4657692.960000001, 4359896.0, 2953971.0, 4206281.0]
[229.247311827957, 164.49462365591398, 172.34408602150538, 101.12903225806451, 63.31182795698925, 61.24731182795699, 162.888375750548, 138.29918919375595, 123.04748947350227, 41.94152912517191, 41.36501843204138, 29.226869677976904, 2.0, 4.0, 1.0, 10.0, 2.0, 5.0, 771.0, 669.0, 557.0, 164.0, 159.0, 138.0, 20825.93550549216, 3.387500815388858, 11799.045895604473, 3.531683977935059, 14318.9157847893, 3.2573729072510127, 6815555.220000001, 3976765.56, 3864404.8199999994, 4408441.0, 2316831.0, 3707848.0]
[250.46236559139786, 171.25806451612902, 190.83870967741936, 100.16129032258064, 55.59139784946237, 53.74193548387097, 209.88472815270399, 161.66087042524535, 124.60749596429133, 46.85924583319818, 42.08873559907836, 29.705402533738614, 5.0, 3.0, 8.0, 6.0, 2.0, 0.0, 1095.0, 864.0, 560.0, 157.0, 153.0, 102.0, 43611.35249014091, 3.351516689930415, 32059.563469665944, 3.4633608086930954, 17084.50167878815, 3.317421517982031, 9194693.310000002, 4772738.61, 4478407.559999999, 5896366.0, 2768748.0, 4308993.0]
[242.86021505376345, 151.32258064516128, 215.95698924731184, 101.3225806451613, 60.634408602150536, 52.354838709677416, 180.73879731943273, 114.23156889581057, 156.77794556927896, 46.46694975307545, 39.738488884596876, 26.18854925729876, 14.0, 8.0, 4.0, 2.0, 0.0, 0.0, 1212.0, 670.0, 656.0, 205.0, 164.0, 100.0, 28576.959754972788, 3.4200690667727636, 10190.011585494292, 3.444938125867062, 26214.84636384197, 3.170699094041649, 7896220.799999999, 3096953.0100000002, 6136677.54, 3606650.0, 3237910.0, 4960594.0]
[251.2258064516129, 138.7741935483871, 154.6451612903226, 100.90322580645162, 62.13978494623656, 52.354838709677416, 173.98239097755402, 112.5440135189879, 121.60365458264047, 51.03346398200699, 44.785379844089036, 28.750291174816752, 1.0, 2.0, 4.0, 3.0, 0.0, 1.0, 871.0, 661.0, 514.0, 163.0, 193.0, 98.0, 39041.96904451141, 3.3162060721621995, 15045.139007297683, 3.4887917594742515, 14562.17691051327, 3.5266544852371515, 8048655.239999998, 2749364.5800000005, 3333633.3600000003, 4081425.0, 1873527.0, 3885607.0]
[272.26881720430106, 161.1290322580645, 205.69892473118279, 104.36559139784946, 59.376344086021504, 51.03225806451613, 208.06657273809526, 135.12379395000943, 130.92171448968344, 55.29599894053121, 43.471358381496344, 31.053058245001594, 2.0, 0.0, 0.0, 0.0, 0.0, 0.0, 1242.0, 725.0, 533.0, 189.0, 193.0, 107.0, 35533.44167560399, 3.3269443572622985, 17880.2780966351, 3.5197424009850806, 17847.68805378924, 3.366007774078453, 10115568.15, 3807694.35, 5126109.7799999975, 5257625.0, 2937446.0, 5521461.0]
[276.2043010752688, 151.59139784946237, 173.56989247311827, 108.6989247311828, 61.40860215053763, 55.1505376344086, 173.2980944687998, 144.3907166532304, 121.50204845736609, 53.71336667628268, 42.85192820965758, 32.70186347454541, 12.0, 1.0, 0.0, 5.0, 0.0, 0.0, 866.0, 847.0, 505.0, 179.0, 165.0, 117.0, 28207.290927778937, 3.5342565303930837, 12920.033494721754, 3.3637881189860352, 14983.831810601456, 3.4283883805332973, 9167777.25, 3771349.0199999996, 3868742.3400000003, 4593545.0, 2119693.0, 4411457.0]
[259.5376344086022, 158.6021505376344, 188.43010752688173, 105.6236559139785, 61.193548387096776, 52.69892473118279, 188.63344712061013, 123.00734688070166, 143.7492833894775, 52.927742782535425, 41.79407542383201, 28.960537222616125, 3.0, 3.0, 0.0, 9.0, 0.0, 1.0, 1062.0, 612.0, 610.0, 185.0, 145.0, 129.0, 38766.85088235579, 3.548409199138441, 15411.52013139756, 3.3960713386382957, 27517.426282288718, 3.277668415452797, 8870393.009999998, 3470216.88, 4838905.319999999, 4269941.0, 2570725.0, 4682800.0]
[301.39784946236557, 180.53763440860214, 229.61290322580646, 118.65591397849462, 66.6989247311828, 63.97849462365591, 285.4293920068707, 207.99192914629, 170.18308761436293, 57.515686824978815, 50.527389246314925, 34.46579227059266, 2.0, 0.0, 4.0, 6.0, 0.0, 1.0, 2103.0, 1722.0, 685.0, 216.0, 214.0, 169.0, 122582.97424633187, 3.531086037980718, 75393.25617090127, 3.631103052758926, 27547.996007818943, 3.389707235454658, 14827376.879999997, 6520421.58, 7037946.12, 8558024.0, 3544665.0, 6888570.0]
[283.68817204301075, 134.83870967741936, 210.31182795698925, 104.59139784946237, 58.236559139784944, 54.02150537634409, 212.99754940898015, 130.4416653163048, 157.0344727104477, 56.833899207354534, 43.307394149634426, 30.85589877176741, 1.0, 1.0, 5.0, 11.0, 0.0, 1.0, 1006.0, 682.0, 863.0, 187.0, 147.0, 114.0, 53410.96956937173, 3.4666646127414826, 23956.546180127894, 3.610962741432798, 23668.012454796844, 3.378121111778213, 10842309.209999999, 3028321.8000000003, 5935439.49, 4076658.0, 2742149.0, 6268003.0]
[283.35483870967744, 144.10752688172042, 190.29032258064515, 101.02150537634408, 58.01075268817204, 51.61290322580645, 213.07707552010837, 128.91558262184694, 141.54155793519053, 56.75250971171914, 44.79943095127144, 31.982343042367354, 10.0, 3.0, 5.0, 5.0, 1.0, 0.0, 1269.0, 666.0, 626.0, 197.0, 184.0, 114.0, 26466.238894836082, 3.379161715236318, 19008.571013296994, 3.2282963526976785, 19624.158029847276, 3.387611014913629, 10828860.48, 3218077.14, 4845948.210000001, 4428009.0, 2650166.0, 5303956.0]
[270.9032258064516, 138.2688172043011, 190.49462365591398, 109.78494623655914, 53.46236559139785, 61.1505376344086, 203.85059877252223, 115.78701772472505, 142.26709598925368, 61.684479314591734, 39.73596529369095, 37.649685672387044, 4.0, 4.0, 1.0, 0.0, 0.0, 0.0, 1034.0, 517.0, 551.0, 198.0, 128.0, 133.0, 40555.07816266023, 3.4207837648842383, 15395.789158514794, 3.455680710469021, 17991.060042430592, 2.9676199039695237, 9902827.860000003, 2800610.37, 4870294.68, 3594755.0, 2608364.0, 4493766.0]
[268.0430107526882, 153.8709677419355, 198.91397849462365, 106.24731182795699, 62.30107526881721, 57.774193548387096, 209.87687456647853, 131.1451424456765, 172.9060222197859, 52.575960764439486, 40.15182733029301, 30.864405076094734, 3.0, 1.0, 3.0, 0.0, 0.0, 2.0, 980.0, 494.0, 672.0, 184.0, 159.0, 109.0, 33969.70816816852, 3.387849061834877, 14207.781834202207, 3.518419665102517, 34813.77044100554, 3.4167127264534614, 9982824.6, 3519311.58, 5980073.910000001, 3734084.0, 2495491.0, 4964786.0]
[243.13978494623655, 150.8494623655914, 186.38709677419354, 101.38709677419355, 56.97849462365591, 53.365591397849464, 177.57304629227505, 108.38427471336693, 128.11425202071584, 58.448608466729596, 36.95678395528899, 29.173314543258968, 9.0, 3.0, 0.0, 1.0, 1.0, 0.0, 1034.0, 483.0, 646.0, 182.0, 140.0, 102.0, 35198.536190126004, 3.4525216611712177, 10556.811602440155, 3.4725909733976006, 13422.305024905829, 3.1674203071693556, 7810919.340000001, 2973214.65, 4408994.220000001, 3652154.0, 2930270.0, 4323673.0]
[307.39784946236557, 145.94623655913978, 205.9784946236559, 111.52688172043011, 62.354838709677416, 75.53763440860214, 186.12263020273969, 115.65788809274474, 157.98211088151336, 46.62048238933311, 37.071800240499904, 33.80621217024576, 6.0, 0.0, 5.0, 10.0, 1.0, 4.0, 836.0, 487.0, 663.0, 187.0, 141.0, 137.0, 37001.63425914707, 3.4032573373472093, 13897.485213157614, 3.3312514917078637, 21152.352857680544, 3.2343818083515714, 11136675.599999996, 2986777.77, 5804959.56, 4508575.0, 2499999.0, 6025558.0]
[318.7956989247312, 166.46236559139786, 221.43010752688173, 94.05376344086021, 48.97849462365591, 63.763440860215056, 238.51431272065003, 138.63296545819992, 189.10334176394835, 59.95584708610993, 35.45909415902745, 38.393103391518, 14.0, 0.0, 1.0, 0.0, 5.0, 0.0, 1329.0, 652.0, 885.0, 210.0, 144.0, 145.0, 76830.42261776428, 3.3573227735823963, 27537.17996194388, 3.3060433998879835, 34675.73777063622, 3.4251724965749486, 13657468.500000002, 4040999.73, 7300348.41, 6005991.0, 3400096.0, 7298522.0]
[134.16129032258064, 9.075268817204302, 184.01075268817203, 117.54838709677419, 61.666666666666664, 57.935483870967744, 1372.313599366782, 1218.4131807624346, 140.09115779312629, 61.861787764449105, 39.42062286730611, 34.170228095207996, -12855.0, -11561.0, 0.0, 1.0, 0.0, 0.0, 949.0, 502.0, 572.0, 204.0, 172.0, 126.0, 265898.5678243676, 3.681676286362318, 197552.6214000179, 3.72639101278032, 20681.171720517897, 3.4723945358997925, 162687164.55, 127023568.25999999, 4607708.249999998, 152107744.0, 174172.0, 2285008.0]
