[187.7311827956989, 257.8709677419355, 184.83870967741936, 59.655913978494624, 46.59139784946237, 77.23655913978494, 138.14077096940125, 175.21584364822047, 129.65072564080208, 31.16278948265617, 30.060170296293553, 28.906670604258366, 12.0, 10.0, 4.0, 0.0, 0.0, 5.0, 812.0, 811.0, 542.0, 119.0, 122.0, 145.0, 13684.17839126189, 3.360786115865611, 28592.516055867374, 3.4135539478707266, 10029.44648196387, 3.393475752442001, 4680897.390000001, 8378105.88, 4393165.62, 5116812.0, 4573308.0, 3570359.0]
[171.21505376344086, 263.83870967741933, 184.8279569892473, 55.483870967741936, 43.376344086021504, 81.6989247311828, 145.8837274847131, 181.7680252602548, 133.1469949093461, 31.26972869531845, 28.246167103772343, 35.941614776527125, 1.0, 1.0, 1.0, 0.0, 1.0, 5.0, 794.0, 773.0, 559.0, 112.0, 132.0, 163.0, 25725.47374175298, 3.4449021048016766, 32097.63933406678, 3.4559290349119256, 17680.866671904678, 3.1031362181950635, 4356312.510000001, 8847513.15, 4471435.35, 4194600.0, 4427423.0, 3286983.0]
[197.95698924731184, 244.13978494623655, 220.4516129032258, 59.01075268817204, 50.8494623655914, 67.6236559139785, 146.05001480869302, 169.33287203649255, 162.32592791162557, 35.04453521364417, 32.69488267250208, 36.33656500075689, 4.0, 0.0, 2.0, 0.0, 1.0, 0.0, 590.0, 795.0, 788.0, 112.0, 122.0, 151.0, 19739.66025571183, 3.4844619399235506, 22318.204441547987, 3.37819043100794, 24395.009926947816, 3.060882562126226, 5214327.720000001, 7608485.3100000005, 6457800.959999999, 4811415.0, 5409956.0, 4364899.0]
[206.74193548387098, 260.3763440860215, 204.247311827957, 63.29032258064516, 51.58064516129032, 75.56989247311827, 139.94920687488312, 188.11484200387056, 145.00956909309383, 37.6648783019872, 29.768426000307173, 38.249580233406355, 7.0, 2.0, 1.0, 2.0, 1.0, 0.0, 611.0, 831.0, 636.0, 129.0, 111.0, 164.0, 16374.76316901475, 3.4394928378900818, 33028.54831207405, 3.2619044462246807, 19154.10209199716, 3.362715511736707, 5372534.669999999, 8891390.549999999, 5407236.69, 5352996.0, 5116104.0, 3785410.0]
[180.23655913978496, 244.8279569892473, 192.83870967741936, 75.24731182795699, 52.43010752688172, 82.06451612903226, 132.09082825757025, 152.2519810434344, 131.24614199899867, 38.85302738861416, 32.80588423142567, 39.20453790604306, 0.0, 0.0, 2.0, 3.0, 0.0, 1.0, 479.0, 679.0, 549.0, 154.0, 141.0, 145.0, 16565.784618982354, 3.3993758223881048, 21635.35993118355, 3.4372899739722023, 15722.296074104794, 3.1906701049548225, 4302496.199999999, 7167611.370000001, 4690101.6, 4535981.0, 4542529.0, 3545863.0]
[244.55913978494624, 216.78494623655914, 140.38709677419354, 82.70967741935483, 46.38709677419355, 87.43010752688173, 168.16577369586906, 134.32009541312334, 113.9226503662887, 30.43152707493007, 26.641758762475202, 34.991116217102125, 9.0, 3.0, 8.0, 6.0, 0.0, 11.0, 1018.0, 863.0, 541.0, 151.0, 104.0, 206.0, 17160.894649005313, 3.3180930738316987, 11552.359231310627, 3.436715106699026, 9894.190709560899, 3.3219013890564177, 7592508.840000002, 5608323.149999999, 2815020.7199999997, 5608574.0, 3126127.0, 3637823.0]
[232.58510638297872, 176.38297872340425, 161.90425531914894, 87.07446808510639, 47.191489361702125, 80.8936170212766, 148.16885235451167, 114.17691482608839, 123.4503138177362, 39.347429411931444, 26.91255317111436, 33.808908950317964, 3.0, 4.0, 4.0, 3.0, 1.0, 6.0, 901.0, 641.0, 709.0, 183.0, 101.0, 145.0, 22108.54259604294, 3.4500758247592773, 15911.78470414883, 3.230775117131437, 16545.011029568992, 3.3557932955972776, 6699127.140000001, 3888603.28, 3648458.6599999997, 4020744.0, 2499610.0, 3751648.0]
[198.09677419354838, 271.1290322580645, 265.1290322580645, 150.25806451612902, 80.52688172043011, 144.81720430107526, 479.512956358395, 970.4028547778545, 971.6966361652812, 693.2036199889455, 323.09305401405203, 693.4251777171775, -4040.0, 4.0, 7.0, 2.0, 0.0, 2.0, 995.0, 9456.0, 9455.0, 6753.0, 3151.0, 6752.0, 42565.4665974264, 3.461633578615491, 21901.249465598183, 2.6602909741760983, 30935.803563967936, 3.240517972037233, 23067108.989999995, 86928248.55, 86864945.31, -34334711.0, 91853446.0, -34300355.0]
[243.79569892473117, 163.61290322580646, 206.29032258064515, 85.94623655913979, 36.903225806451616, 78.2258064516129, 168.2696179621436, 115.3389176239034, 142.71182430560523, 43.62273180633899, 22.311560912464888, 30.75645179126192, 2.0, 5.0, 1.0, 1.0, 0.0, 2.0, 810.0, 504.0, 809.0, 171.0, 90.0, 143.0, 17404.07688134968, 3.3472811009357986, 11945.44904100631, 3.4948939237389975, 23087.702849019803, 3.3521381816704596, 7563251.97, 3453476.8800000004, 5423214.090000001, 3972881.0, 3143688.0, 4821020.0]
[247.9255319148936, 145.68085106382978, 172.60638297872342, 94.85106382978724, 38.787234042553195, 84.75531914893617, 174.50182482711634, 94.88569385419822, 114.5920504369113, 51.011480353821874, 24.517219027172626, 31.10083709768306, 2.0, 3.0, 11.0, 3.0, 0.0, 0.0, 757.0, 373.0, 540.0, 237.0, 104.0, 146.0, 31465.981799568348, 3.5711169077588116, 7319.714346317677, 3.435641220320467, 11623.006435567737, 3.4245987530895188, 8093246.780000001, 2662324.4, 3780447.819999999, 3698526.0, 2247035.0, 4552700.0]
[264.3440860215054, 146.8279569892473, 158.247311827957, 73.46236559139786, 32.03225806451613, 81.33333333333333, 148.04475635132422, 130.22560888669776, 115.38241293854652, 47.9869907959178, 26.401355207682883, 33.71599199107197, 4.0, 3.0, 6.0, 0.0, 0.0, 1.0, 668.0, 631.0, 652.0, 215.0, 121.0, 158.0, 18846.987873503564, 3.5396405584431823, 14592.37642806345, 3.260243620972659, 17114.90514489525, 3.389990497858845, 7918970.46, 3315577.41, 3304969.8300000005, 3896667.0, 2275539.0, 4211924.0]
[261.5698924731183, 134.16129032258064, 188.752688172043, 63.98924731182796, 52.38709677419355, 85.15053763440861, 170.8157154623115, 95.63861898728584, 134.75111162838877, 46.85581366732737, 30.139542226286355, 32.48108019078155, 14.0, 4.0, 9.0, 0.0, 1.0, 3.0, 806.0, 474.0, 693.0, 207.0, 118.0, 150.0, 33701.900907956515, 3.54726381741416, 8119.807936512947, 3.477951252820446, 15154.15778703595, 3.134017004862305, 8414013.18, 2339350.8299999996, 4635015.839999999, 2867048.0, 2319518.0, 5164492.0]
[241.93684210526317, 147.74736842105264, 163.43157894736842, 54.97894736842105, 44.36842105263158, 76.63157894736842, 152.39532930564812, 114.21610428062966, 135.75491469741226, 37.08557640921311, 29.619951812127304, 30.330468015406467, 1.0, 1.0, 0.0, 0.0, 1.0, 7.0, 794.0, 644.0, 660.0, 168.0, 123.0, 161.0, 27709.78913719735, 3.5504500511133603, 18054.53570815841, 3.328059763619591, 23627.910272824196, 3.5632188442958936, 7356575.799999999, 3135039.9, 4056311.8999999994, 3649698.0, 2341679.0, 4294832.0]
[270.6666666666667, 173.69892473118279, 175.7311827956989, 45.40860215053763, 40.18279569892473, 82.59139784946237, 188.78941185613536, 119.36050480593185, 149.39051100365648, 33.672087705042614, 27.581084506122924, 31.841057907628507, 1.0, 5.0, 0.0, 0.0, 0.0, 8.0, 888.0, 522.0, 812.0, 140.0, 112.0, 160.0, 42372.428887484275, 3.4162484303206715, 12273.050029200083, 3.4801442931438857, 28878.44751613932, 3.1476549193346055, 9385777.620000001, 3828484.5000000005, 4580423.91, 4048464.0, 3335832.0, 4790701.0]
[205.11827956989248, 206.2688172043011, 155.25806451612902, 39.86021505376344, 47.376344086021504, 86.60215053763442, 138.9029102163564, 147.91699639125952, 126.251293856978, 40.33085758902596, 28.089110522892575, 32.055705517029004, 8.0, 1.0, 6.0, 0.0, 0.0, 4.0, 703.0, 862.0, 659.0, 247.0, 95.0, 165.0, 22367.529053878112, 3.4307397901557763, 27288.90792053238, 3.3712293739799404, 15444.267160294783, 3.3215432104932012, 5289733.980000001, 5551879.589999998, 3448621.3499999996, 4345011.0, 3117331.0, 2931190.0]
[235.83870967741936, 218.58064516129033, 132.66666666666666, 36.58064516129032, 43.46236559139785, 87.31182795698925, 143.95094955080305, 154.71413488870968, 106.30547997381777, 31.982441711665984, 27.72401217112866, 31.283756896116184, 6.0, 3.0, 1.0, 0.0, 0.0, 12.0, 685.0, 784.0, 515.0, 147.0, 108.0, 150.0, 16150.462418964928, 3.417138441371168, 20625.93110170621, 3.468466097671868, 9304.343600894093, 3.3575824693213767, 6583528.589999999, 6180279.659999997, 2489163.6, 5207802.0, 2893808.0, 2696857.0]
[222.32978723404256, 217.4468085106383, 158.17021276595744, 26.904255319148938, 48.861702127659576, 84.97872340425532, 182.30710166703275, 163.89943264686102, 112.23043099273235, 22.910799044999447, 32.50098462158775, 30.020773711994135, 5.0, 0.0, 8.0, 0.0, 0.0, 8.0, 975.0, 794.0, 510.0, 145.0, 125.0, 167.0, 29489.250597710365, 3.4831546400842264, 28883.081140381197, 3.4043074355249745, 16674.204438194814, 3.4316911257503824, 7273162.579999997, 6526301.5600000005, 3311687.6799999992, 5136627.0, 3781699.0, 3780323.0]
[182.75531914893617, 262.8829787234043, 160.4787234042553, 31.03191489361702, 53.638297872340424, 86.1063829787234, 125.85524080493865, 186.93307734610684, 126.81946602077159, 23.822124047683417, 31.223389035754273, 35.30160923716468, 4.0, 2.0, 1.0, 0.0, 2.0, 5.0, 523.0, 1034.0, 740.0, 121.0, 125.0, 159.0, 14866.756343267321, 3.1508222761775375, 37981.87646502997, 3.457720006483437, 19334.303975350675, 3.4671995466671066, 4335873.14, 9161137.54, 3681563.58, 4440574.0, 4275367.0, 3261402.0]
[178.0, 255.62765957446808, 171.9255319148936, 28.319148936170212, 41.61702127659574, 91.0, 130.49945412484192, 180.006928423561, 124.85339698607058, 21.260904989871253, 27.823215487503575, 45.81777839664753, 0.0, 1.0, 3.0, 1.0, 0.0, 7.0, 633.0, 896.0, 826.0, 107.0, 111.0, 197.0, 20528.997803409027, 3.4086618695834794, 26919.71160752462, 3.442708152283781, 23612.92649500137, 3.519395401983224, 4288370.240000001, 8606554.459999997, 3974514.5799999996, 4867193.0, 4394097.0, 2860042.0]
[224.7741935483871, 255.31182795698925, 289.6236559139785, 161.21505376344086, -95.9247311827957, 46.88172043010753, 514.8436894283346, 253.82658315294816, 1064.8855920787566, 1351.2291574184883, 1358.1395941936541, 336.94973981623036, 0.0, -1336.0, 1.0, 0.0, -13050.0, -3148.0, 4950.0, 887.0, 10357.0, 13051.0, 109.0, 171.0, 598419.9641456611, 3.814265233313737, 98555.44315340726, 3.6014833419427883, 2670313.717430356, 3.8274213439232563, 27048650.099999998, 11150229.420000002, 104278384.35, -2523124.0, -8467552.0, 54144385.0]
