[159.08602150537635, 168.55913978494624, 124.58064516129032, 80.47311827956989, 180.8709677419355, 65.45161290322581, 121.5863135813562, 129.64554204894603, 112.91544764544199, 51.25333316792982, 1349.5934671774185, 49.34583285543322, 3.0, 6.0, 1.0, 1.0, 0.0, 0.0, 729.0, 621.0, 439.0, 167.0, 13053.0, 181.0, 13844.942490298103, 3.3267005851469915, 14361.89325384236, 3.0241487907442792, 10855.690672287117, 2.5051570425223932, 3453773.55, 3895459.38, 2433235.26, 2352208.0, 1551559.0, 1915138.0]
[202.72043010752688, 211.1290322580645, 131.20430107526883, 98.49462365591398, -366.06451612903226, 68.05376344086021, 149.84277017502725, 181.5738696129683, 148.20231171844443, 58.46861358993015, 2267.4483494738215, 53.43085039306449, 11.0, 1.0, 1.0, 0.0, -13215.0, 0.0, 752.0, 1132.0, 847.0, 203.0, 116.0, 191.0, 19339.15340257902, 3.16708534772104, 34651.63707801889, 3.5082850769487655, 24261.367698855902, 2.9936334775711892, 5475422.43, 6676165.889999999, 3368121.48, 4659924.0, 2582673.0, 2600250.0]
[192.93548387096774, 199.70967741935485, 132.34408602150538, 106.0, 45.494623655913976, 66.94623655913979, 118.55367583207165, 165.91377937934598, 153.2993302846808, 64.22074702014986, 28.78202324516271, 51.31898656853711, 4.0, 0.0, 1.0, 0.0, 2.0, 0.0, 533.0, 713.0, 783.0, 229.0, 106.0, 179.0, 16419.66784059154, 3.279950179554162, 27780.367651626308, 3.2277180874718825, 35512.71170659062, 2.952721545127709, 4422056.07, 5804806.109999998, 3525587.2199999997, 3520615.0, 2948170.0, 2613154.0]
[192.89247311827958, 210.33333333333334, 126.40860215053763, 141.96774193548387, 44.69892473118279, 63.41935483870968, 122.390631067762, 138.76178628618663, 142.17420702289849, 112.39956401866003, 27.671121717272307, 52.48671106775197, 5.0, 0.0, 5.0, 9.0, 2.0, 0.0, 525.0, 697.0, 718.0, 819.0, 98.0, 195.0, 14315.620781044163, 3.4919791073396453, 12128.020272887949, 3.449668286047238, 20509.893465571626, 3.0445073835178937, 4499720.37, 5473770.749999999, 3111502.8599999994, 3692722.0, 2746891.0, 2102912.0]
[122.12765957446808, 145.27659574468086, 74.75531914893617, 193.1595744680851, 46.90425531914894, -1.946808510638298, 458.55359870208804, 554.1602851133312, 818.5728688626743, 902.0155007035602, 1894.313874533604, 892.8579384289031, -4044.0, -4935.0, -7647.0, -7592.0, -12781.0, -8549.0, 827.0, 724.0, 776.0, 2521.0, 13050.0, 212.0, 227944.9199741948, 3.7609559127197194, 329205.54653157125, 3.801242403361065, 724725.1328332959, 3.836425727044648, 19699830.04, 28710987.759999998, 59070567.26000001, 23161721.0, 41095274.0, 33029875.0]
[174.1290322580645, 191.5268817204301, 115.90322580645162, 174.40860215053763, 39.365591397849464, 73.03225806451613, 117.77116959212374, 131.08432329228665, 107.0581987718067, 193.06910435290644, 29.34198096000535, 58.88722671212937, 12.0, 3.0, 1.0, 0.0, 0.0, 0.0, 487.0, 679.0, 546.0, 761.0, 136.0, 209.0, 13923.617266014915, 3.044191825061178, 16617.806973745457, 3.401650287763756, 9000.83658858423, 3.299700157638836, 3809177.7, 4642859.459999998, 2142510.7499999995, 3007285.0, 2218681.0, 1465733.0]
[154.0, 226.09677419354838, 117.72043010752688, 134.1290322580645, 50.096774193548384, 63.68817204301075, 129.59300839970865, 156.70097975028256, 105.76361723318553, 116.27929512193171, 32.7500628994182, 45.287722324724875, 2.0, 4.0, 2.0, 2.0, 0.0, 0.0, 598.0, 698.0, 566.0, 454.0, 127.0, 202.0, 11133.805193069617, 3.168283038926532, 19925.15656926344, 3.3799790682555217, 9765.406208761122, 2.8871095134997193, 3488121.2400000007, 6522289.949999999, 2155656.3, 3554291.0, 2404641.0, 1246868.0]
[159.51063829787233, 229.60638297872342, 135.90425531914894, 91.24468085106383, 44.41489361702128, 71.51063829787235, 95.08748034240766, 149.7056048745754, 138.2497404496143, 87.10723661285068, 27.051686718015134, 57.64905779025641, 3.0, 6.0, 2.0, 0.0, 0.0, 1.0, 438.0, 762.0, 689.0, 367.0, 95.0, 190.0, 8631.139289059489, 3.401713729494859, 21070.183693433544, 3.3373173058837717, 13907.788040187275, 3.061749454493958, 3038619.5599999996, 6617495.66, 3302863.8999999994, 3766975.0, 2956472.0, 1692850.0]
[177.66666666666666, 218.06451612903226, 114.45161290322581, 59.53763440860215, 45.81720430107527, 61.59139784946237, 139.8881799815507, 144.20047989213498, 133.60930357877422, 46.100212000782214, 31.593871941771003, 56.31109948490343, 2.0, 3.0, 1.0, 0.0, 1.0, 0.0, 546.0, 821.0, 681.0, 191.0, 114.0, 187.0, 20062.084154968496, 3.314382822800916, 17115.25717008965, 3.506396583777079, 17538.099260772968, 2.8664247545718684, 4404393.51, 5891899.679999999, 2660317.08, 3261249.0, 2579190.0, 1527009.0]
[135.32978723404256, 187.11702127659575, 251.32978723404256, 107.34042553191489, -225.72340425531914, 136.56382978723406, 453.2181318274442, 390.26808696991975, 1066.4077211392134, 506.4352659158502, 1719.2198493543788, 598.3583196360256, -4045.0, -3136.0, 2.0, 0.0, -11852.0, 2.0, 471.0, 1046.0, 10355.0, 4951.0, 159.0, 5850.0, 265516.24237281014, 3.808351914957683, 190128.84573295817, 3.701322621224562, 1496963.4099107534, 3.8372234992651153, 19574889.940000005, 16408597.700000003, 104997653.14, 16551324.0, -28539829.0, -39319219.0]
[163.3978494623656, 239.5483870967742, 88.45161290322581, 26.70967741935484, -80.19354838709677, 51.8494623655914, 142.24956176175684, 224.693100653015, 87.32529342848076, 22.639221758959216, 1221.2389491117162, 37.547345832370546, 6.0, 2.0, 0.0, 0.0, -11727.0, 0.0, 897.0, 1377.0, 444.0, 144.0, 132.0, 185.0, 13016.419695970151, 3.2521515398532714, 17511.086931891066, 3.309598980486587, 10025.84051218535, 3.1727999311980755, 4040485.440000001, 9282759.659999998, 1329126.2399999998, 4655327.0, 1999831.0, 1275121.0]
[191.86170212765958, 207.13829787234042, 127.65957446808511, 28.351063829787233, -88.87234042553192, 79.7127659574468, 152.5396899568285, 141.47438698724125, 117.94946550417345, 26.655793796886233, 1266.0485070634038, 56.25090151543772, 0.0, 5.0, 1.0, 0.0, -12229.0, 0.0, 797.0, 580.0, 618.0, 157.0, 143.0, 269.0, 20102.69628892634, 3.557180297396592, 19247.8090590959, 3.52617140645913, 15502.957834449246, 3.3694238783404575, 5286732.019999999, 5540909.899999999, 2656193.7199999993, 3558031.0, 2385353.0, 2007560.0]
[200.16129032258064, 222.80645161290323, 104.90322580645162, 32.88172043010753, 46.27956989247312, 63.45161290322581, 168.49566439542622, 197.10465428429885, 101.77971358859641, 19.595279745701397, 27.345759384861406, 48.8759557071093, 3.0, 1.0, 0.0, 0.0, 4.0, 1.0, 747.0, 1076.0, 588.0, 82.0, 110.0, 204.0, 26800.92259247722, 3.497222327643197, 22746.357022403503, 3.088046161586177, 11899.329339980688, 3.318273560587983, 5894298.149999999, 7617625.350000003, 1838120.82, 4950500.0, 2183839.0, 2016860.0]
[227.80645161290323, 203.0215053763441, 137.16129032258064, 33.25806451612903, 37.12903225806452, 77.41935483870968, 183.76705824781192, 150.91395320387792, 117.42715506280076, 21.819368751980956, 25.646097171699488, 57.84355260389971, 1.0, 5.0, 0.0, 0.0, 1.0, 0.0, 760.0, 706.0, 596.0, 103.0, 112.0, 207.0, 36319.527496600655, 3.2309288388568524, 22967.72872202643, 3.425868128211165, 13117.700412173639, 3.2773906091386507, 7377855.54, 5513552.43, 2806953.9000000004, 4546636.0, 2495454.0, 3242613.0]
[263.02150537634407, 209.19354838709677, 147.94623655913978, 51.473118279569896, 45.376344086021504, 75.86021505376344, 200.25347950592754, 172.566953488161, 134.1826598652324, 32.41262213808523, 32.842481099178286, 63.919717206659605, 5.0, 1.0, 5.0, 0.0, 0.0, 0.0, 855.0, 1042.0, 577.0, 113.0, 129.0, 230.0, 42235.72695644813, 3.468929405231291, 24787.586552257853, 3.2784909451726554, 18298.81916184578, 3.312387200504794, 9414485.790000001, 6332891.7299999995, 3433607.43, 5529250.0, 2709266.0, 4068338.0]
[199.04301075268816, 168.8709677419355, 118.47311827956989, 47.795698924731184, 32.83870967741935, 67.33333333333333, 134.83806019738404, 105.4069985514174, 107.80644808071239, 30.9728349209239, 24.487037530347003, 55.479595413506544, 1.0, 2.0, 1.0, 0.0, 1.0, 0.0, 627.0, 490.0, 526.0, 114.0, 122.0, 181.0, 17515.14047739825, 3.439791898271275, 12253.838658014729, 3.3710387613375348, 12335.746242475007, 2.993074466239781, 4982163.449999999, 3417096.2099999995, 2208361.2599999993, 2983506.0, 1613122.0, 2278837.0]
[220.80645161290323, 190.81720430107526, 148.44086021505376, 72.64516129032258, 43.774193548387096, 83.54838709677419, 152.6670331191463, 131.17826787110863, 130.4879190114841, 40.68747407967927, 30.252247143361124, 53.43820407703615, 3.0, 5.0, 2.0, 2.0, 0.0, 1.0, 592.0, 550.0, 561.0, 145.0, 153.0, 192.0, 20907.411435884693, 3.267295836335344, 19823.673505693103, 3.53703841581681, 16378.525851193832, 2.8876081937538913, 6211028.25, 4621499.219999999, 3362618.6699999995, 3392138.0, 2414630.0, 3362662.0]
[139.50537634408602, 371.5806451612903, -41.193548387096776, 71.06451612903226, -105.04301075268818, -1.096774193548387, 494.06340078224764, 1382.2166139510073, 2009.346558602229, 1351.2519863352782, 1931.4795686770606, 1651.559941550097, -4039.0, 1.0, -12149.0, -10350.0, -12150.0, -11250.0, 710.0, 10352.0, 8556.0, 7650.0, 9450.0, 9450.0, 324289.4230227931, 3.651729613369936, 2684515.5371192023, 3.4546383896799644, 5873610.483763165, 3.7288628446305236, 22568326.740000002, 175406190.51, 345593006.19000006, -45599674.0, -208339328.0, 45928911.0]
[205.4731182795699, 163.88172043010752, 141.95698924731184, 124.79569892473118, -114.27956989247312, 81.24731182795699, 153.04528964513068, 156.06972030796987, 110.45999806919033, 77.60414589157297, 1376.9901120985598, 52.863576659741845, 4.0, 4.0, 1.0, 5.0, -13249.0, 1.0, 915.0, 858.0, 474.0, 311.0, 89.0, 178.0, 24886.957241942215, 3.412684613893971, 33117.84360079543, 3.5112088564459434, 14117.105343195164, 3.223148564575876, 5655598.77, 4406930.55, 2786880.7800000003, 3857050.0, 2459209.0, 2712080.0]
[195.03225806451613, 178.88172043010752, 142.7741935483871, 224.6236559139785, -91.23655913978494, 90.51612903225806, 127.14263229973882, 165.1805895443691, 126.10426405853507, 334.6085615077939, 1231.9047234990762, 62.94159005590642, 7.0, 1.0, 0.0, 2.0, -11840.0, 0.0, 575.0, 873.0, 474.0, 2524.0, 121.0, 202.0, 16044.607380579908, 3.0796976205778748, 24651.488431285125, 3.383926577367643, 18478.58223835261, 3.059275947763909, 4672969.14, 5102037.66, 3123652.3799999994, 3709857.0, 2729100.0, 2500312.0]
[168.1595744680851, 173.9787234042553, 133.53191489361703, 254.56382978723406, -227.14893617021278, 78.30851063829788, 103.2719869782732, 117.1239559091783, 120.91867898499615, 474.55519770296, 1793.508845135563, 55.59415661174161, 15.0, 4.0, 0.0, 2.0, -12845.0, 1.0, 460.0, 578.0, 622.0, 3640.0, 139.0, 201.0, 13245.011363661046, 3.137090405209845, 14164.361966893906, 3.34947366414635, 15038.334985569969, 3.01535007536044, 3430955.8199999994, 3873762.56, 2853723.44, 2561303.0, 2442511.0, 1680508.0]
