[187.12765957446808, 214.6595744680851, 174.35106382978722, 70.48936170212765, 42.723404255319146, 76.44680851063829, 131.37954817373392, 145.22644929216762, 109.67662216930735, 35.53727247654307, 21.618094897472133, 33.78604949150621, 6.0, 3.0, 5.0, 1.0, 2.0, 1.0, 638.0, 630.0, 502.0, 148.0, 83.0, 139.0, 18148.150924096753, 3.552794424757462, 22490.349606306172, 3.4006568771697663, 11128.202568511499, 3.3786757332413213, 4603001.399999999, 5915267.72, 3737565.02, 3892955.0, 3519153.0, 2970732.0]
[188.4516129032258, 205.49462365591398, 168.48387096774192, 70.3010752688172, 38.526881720430104, 68.0, 133.64525692465565, 135.24202328449942, 107.47078601053543, 33.18387014743254, 23.159931383585306, 37.53664875824692, 1.0, 2.0, 2.0, 8.0, 3.0, 0.0, 592.0, 577.0, 576.0, 133.0, 91.0, 157.0, 12796.014206924341, 3.374718691910514, 13118.493380776034, 3.263333248810133, 11044.168121696859, 2.8961345934345153, 4599798.6, 5217230.250000001, 3443391.03, 3759312.0, 2936765.0, 2824843.0]
[131.76842105263157, 394.9157894736842, 46.82105263157895, -103.30526315789474, -232.16842105263157, -115.38947368421053, 644.3429351991822, 1768.5705470993205, 1945.4835748413823, 1487.4417140283444, 1482.5836466132112, 1991.944203133877, -4045.0, -7646.0, -12146.0, -10349.0, -11248.0, -12148.0, 2262.0, 11256.0, 9451.0, 4050.0, 115.0, 9454.0, 502653.78621078876, 3.548769098551195, 3613401.1068646237, 3.4087844777881573, 4426630.219300049, 3.6457357301982682, 38642382.4, 293391523.84999996, 338189983.2000001, -7070144.0, -80170643.0, -12589932.0]
[244.13978494623655, 177.56989247311827, 192.6451612903226, 85.6236559139785, 43.02150537634409, 75.72043010752688, 172.9747777164064, 120.91583471028089, 109.40239298325625, 48.03348333476994, 29.356866649019956, 41.21480464047024, 13.0, 2.0, 1.0, 3.0, 0.0, 0.0, 924.0, 481.0, 543.0, 170.0, 118.0, 161.0, 36634.71643357222, 3.384160620807792, 15619.601943076806, 3.4098742036003395, 14602.680986634678, 3.3913692663568993, 7715148.869999998, 3978063.8400000003, 4233888.239999998, 4087016.0, 3282304.0, 4129137.0]
[272.9569892473118, 166.9784946236559, 169.38709677419354, 92.23655913978494, 39.59139784946237, 78.94623655913979, 197.1393191969718, 132.85649159366952, 119.87502842707778, 49.65870426995575, 26.04187120069281, 38.69708605797359, 15.0, 3.0, 3.0, 0.0, 0.0, 0.0, 923.0, 585.0, 665.0, 196.0, 113.0, 152.0, 39617.79019161512, 3.413138790339151, 13946.224411629699, 3.491027874809145, 9891.757926723909, 3.4079347824254573, 9769178.489999998, 3921704.9099999997, 3711069.21, 4451358.0, 2761079.0, 4938735.0]
[262.4148936170213, 151.79787234042553, 197.32978723404256, 87.86170212765957, 38.170212765957444, 78.08510638297872, 164.19313369364477, 113.08941935308508, 121.58623545273186, 51.12447408859136, 23.365556075277386, 41.86015108564818, 4.0, 0.0, 0.0, 1.0, 0.0, 2.0, 732.0, 463.0, 496.0, 201.0, 92.0, 166.0, 32940.83435684845, 3.505612470148791, 10867.15860952566, 3.3377472288036105, 15906.701574762537, 3.2982856791745614, 8441398.340000002, 3154076.94, 4733002.46, 3689934.0, 2615398.0, 5156034.0]
[271.86170212765956, 141.37234042553192, 186.03191489361703, 95.42553191489361, 40.829787234042556, 76.64893617021276, 178.21779602098377, 107.14295385164117, 120.85852852291336, 50.89299112267768, 27.535954325198265, 39.85611418045887, 7.0, 0.0, 2.0, 4.0, 0.0, 1.0, 727.0, 503.0, 525.0, 249.0, 97.0, 165.0, 33306.855581857555, 3.3807979298889963, 12115.396394076948, 3.4926139352374634, 14700.339490487522, 3.299441614212622, 9307177.82, 2769522.94, 4334876.74, 3445533.0, 2434106.0, 4812407.0]
[255.81052631578947, 87.57894736842105, 147.58947368421053, 49.873684210526314, -6.8, 147.94736842105263, 147.77580019089885, 439.70412147907905, 451.42859511085754, 240.7918780927445, 419.8397515972928, 685.6853904286254, 0.0, -4044.0, -4050.0, -2240.0, -4050.0, 1.0, 596.0, 454.0, 450.0, 183.0, 87.0, 6750.0, 25692.213821217167, 3.334247840812875, 17449.68114035196, 3.3243757558718006, 22165.87204378685, 3.4311555703959806, 7855977.499999998, 17957460.5, 20164132.849999998, 2849139.0, 18715669.0, 4523963.0]
[240.86170212765958, 119.45744680851064, 177.9787234042553, 55.0531914893617, 41.51063829787234, 70.26595744680851, 161.52116949465503, 93.99858897289359, 128.727016215436, 35.905900620682004, 27.11217029458945, 39.34905158833432, 8.0, 1.0, 0.0, 0.0, 0.0, 0.0, 683.0, 412.0, 514.0, 128.0, 110.0, 155.0, 30864.35808747773, 3.499867206233823, 9537.707221318702, 3.407856428172197, 15505.02127027824, 2.952904607836513, 7406856.9, 2033324.3399999996, 4247534.759999999, 2324999.0, 2177304.0, 4175983.0]
[272.6774193548387, 146.0752688172043, 173.46236559139786, 52.74193548387097, 42.795698924731184, 82.9247311827957, 174.2268736627945, 104.61713183329381, 120.06063315455897, 37.67507053333072, 27.63015017496244, 38.891777536920316, 8.0, 4.0, 1.0, 1.0, 0.0, 0.0, 699.0, 469.0, 528.0, 154.0, 116.0, 161.0, 24120.078349561543, 3.303539263096671, 12257.285266797611, 3.5694659656352474, 12051.653741621189, 3.1489945874069294, 9027962.909999998, 2781954.57, 3835723.6199999996, 3521815.0, 2498579.0, 4623653.0]
[273.39784946236557, 198.18279569892474, 175.98924731182797, 52.333333333333336, 39.903225806451616, 81.47311827956989, 201.87087671303686, 172.1467363362708, 127.06190673837898, 48.647653621716955, 26.025098469566473, 36.69693489091468, 10.0, 5.0, 1.0, 0.0, 0.0, 2.0, 1079.0, 1145.0, 637.0, 352.0, 97.0, 140.0, 33741.35316525309, 3.424956892577778, 22732.299170588773, 3.3206159152956243, 16749.06637978175, 3.2125764061541315, 9951543.119999997, 5932545.33, 4060129.8300000005, 6026835.0, 3825115.0, 4532817.0]
[259.68817204301075, 186.19354838709677, 178.63440860215053, 51.87096774193548, 49.25806451612903, 85.33333333333333, 177.3882978895282, 123.53781836595593, 120.0795737024843, 40.761828319720145, 28.334532328946956, 40.18850509821167, 2.0, 2.0, 2.0, 0.0, 2.0, 1.0, 903.0, 538.0, 499.0, 206.0, 126.0, 170.0, 26862.042533729917, 3.3594020411401115, 13983.773474665244, 3.4981311764404994, 14918.583696876261, 3.374606254858255, 8524991.01, 4304220.419999999, 3993616.230000001, 4512639.0, 3269611.0, 4281724.0]
[258.28125, 202.0, 177.53125, 47.28125, 41.395833333333336, 87.51041666666667, 157.10008228916737, 151.96703243588203, 124.15058370467102, 38.0610874986376, 29.81821384980969, 34.35020716758693, 4.0, 2.0, 5.0, 1.0, 2.0, 2.0, 673.0, 796.0, 502.0, 142.0, 136.0, 152.0, 21945.541851892427, 3.418478704007145, 22580.13477488959, 3.32158057122905, 14570.639314492784, 3.2166188349826585, 8398776.000000002, 5866667.52, 4310337.6000000015, 5520062.0, 3560448.0, 4501151.0]
[223.9157894736842, 213.52631578947367, 175.78947368421052, 39.252631578947366, 44.526315789473685, 76.17894736842105, 140.73981299122957, 167.63548614480646, 111.89355644148728, 31.438548103099595, 28.361587037063323, 34.97232308353139, 1.0, 1.0, 3.0, 0.0, 1.0, 1.0, 578.0, 933.0, 504.0, 159.0, 100.0, 151.0, 14965.554628241935, 3.560439987588215, 22838.628483149747, 3.447939769773992, 8934.647848015296, 3.4459162260741367, 6293807.0, 6624290.15, 3906951.0000000005, 5245320.0, 3592055.0, 3812309.0]
[231.41935483870967, 269.3010752688172, 223.8709677419355, 33.8494623655914, 43.68817204301075, 72.74193548387096, 165.90478690191716, 194.85495078816274, 161.98451521582388, 33.45826285043318, 31.351783284217095, 47.43368442312187, 0.0, 2.0, 2.0, 0.0, 0.0, 0.0, 713.0, 954.0, 689.0, 168.0, 117.0, 167.0, 29886.974631562858, 3.301135173076277, 38625.61183500962, 3.4216643026108833, 20148.012037811026, 3.263983126602352, 6986952.360000001, 9521100.99, 6579731.3999999985, 6700029.0, 6225582.0, 4562440.0]
[149.0752688172043, 234.98924731182797, 183.0215053763441, 22.548387096774192, 43.10752688172043, 74.26881720430107, 112.16556440477696, 157.11851623533272, 134.25705215827938, 19.20343952945854, 26.786783878553518, 35.94988655268616, 1.0, 3.0, 1.0, 0.0, 0.0, 4.0, 454.0, 698.0, 516.0, 93.0, 99.0, 161.0, 11165.48771932436, 3.3084326385517744, 22746.317216376807, 3.4475584679653126, 17191.477011343522, 3.004701563152284, 2998545.06, 6888126.840000001, 4439359.65, 3214336.0, 4383091.0, 2399961.0]
[159.74468085106383, 247.82978723404256, 161.82978723404256, 20.117021276595743, 38.42553191489362, 72.62765957446808, 133.60726721673058, 164.82474487325894, 124.57960604755898, 16.816438695117323, 28.677475842231413, 36.38562401998521, 2.0, 23.0, 4.0, 0.0, 0.0, 1.0, 697.0, 783.0, 551.0, 69.0, 89.0, 169.0, 10275.896228944885, 3.3206326792691545, 31599.78801053976, 3.307615891108135, 15009.459828342004, 3.4267407085986705, 3815328.4000000004, 7801992.4799999995, 3670814.6800000006, 3698153.0, 4175521.0, 2260196.0]
[141.0752688172043, 270.0430107526882, 179.55913978494624, 19.365591397849464, 40.365591397849464, 83.3010752688172, 113.43751742691347, 200.10203451470403, 145.34348090894977, 14.697518975957161, 27.99952831366541, 35.044315096322826, 1.0, 6.0, 2.0, 0.0, 1.0, 3.0, 511.0, 1049.0, 761.0, 71.0, 102.0, 168.0, 11559.185671726256, 3.4918314074286982, 46849.898807506244, 3.49424199331576, 25734.827584439387, 3.5015261815139547, 2822336.1, 9733022.879999999, 4595997.6899999995, 3328174.0, 4416160.0, 2298104.0]
[144.04255319148936, 264.8191489361702, 165.68085106382978, 19.47872340425532, 34.52127659574468, 81.26595744680851, 119.19234612195653, 177.740475465277, 113.32456127651768, 12.634420235882045, 30.05898456687267, 34.49830151091434, 2.0, 8.0, 5.0, 0.0, 0.0, 5.0, 530.0, 994.0, 530.0, 54.0, 129.0, 155.0, 10767.145311217848, 3.3582155781157494, 31154.29463544447, 3.3848919381467906, 9942.631936567499, 3.3266228405531635, 3075275.8000000007, 8958358.86, 3548182.28, 3576840.0, 4396956.0, 2230153.0]
[159.9247311827957, 254.65591397849462, 176.63440860215053, 26.741935483870968, 42.204301075268816, 78.90322580645162, 117.43770194550885, 169.14179121464, 120.88916815452119, 17.26576357608773, 29.9559673737917, 36.10524004969754, 3.0, 7.0, 5.0, 0.0, 0.0, 9.0, 527.0, 836.0, 686.0, 65.0, 114.0, 162.0, 13157.665405694193, 3.335033143300591, 24204.491562692532, 3.353288373992142, 14529.704146370299, 3.363442574152331, 3392071.7700000005, 8056626.2700000005, 3948853.4699999993, 3548854.0, 4459417.0, 2678506.0]
[150.45744680851064, 239.53191489361703, 167.7127659574468, 31.4468085106383, 42.43617021276596, 73.06382978723404, 113.74132743908288, 169.3838741437616, 113.00629179747297, 20.219024907237653, 25.738368710636937, 37.02710675488139, 0.0, 3.0, 2.0, 0.0, 2.0, 3.0, 586.0, 659.0, 480.0, 76.0, 103.0, 148.0, 8907.770182863884, 3.265450030739694, 29661.86856682557, 3.1251759273163913, 9748.262923891796, 3.38489583656727, 3131204.860000001, 7577860.760000001, 3601742.540000001, 3233298.0, 3760087.0, 2296248.0]
[173.13978494623655, 278.61290322580646, 163.69892473118279, 37.58064516129032, 39.56989247311828, 78.91397849462365, 124.29257134381602, 197.82974851349945, 132.54341248995894, 20.86567942435885, 27.750204797310243, 41.382535676291425, 5.0, 16.0, 1.0, 0.0, 1.0, 0.0, 514.0, 1250.0, 696.0, 80.0, 101.0, 201.0, 9699.892909725762, 3.3931234034975124, 29118.533523953323, 3.351857414510939, 13908.240461910582, 3.4013129459293054, 3914529.96, 10062327.51, 3820798.98, 5027458.0, 5069782.0, 2900837.0]
[184.11827956989248, 231.36559139784947, 157.4731182795699, 53.83870967741935, 40.806451612903224, 71.93548387096774, 156.11797723003988, 150.52782387220242, 104.61280487316793, 27.136647097758313, 27.019018287654557, 30.70292665968255, 2.0, 4.0, 4.0, 0.0, 0.0, 5.0, 946.0, 696.0, 483.0, 101.0, 101.0, 146.0, 30464.70330642409, 3.484066878736681, 26594.922130513376, 3.4264493712204356, 12739.710298390875, 3.4912040837779763, 5017310.01, 6568484.909999998, 3081115.11, 4415866.0, 3418286.0, 2705748.0]
[275.93548387096774, 200.03225806451613, 104.94623655913979, -29.0, 2.3333333333333335, 152.53763440860214, 602.8713686158717, 294.76620992461807, 821.9307778638132, 799.0487823166612, 331.4954040383528, 786.8302059687198, 6.0, -2243.0, -7644.0, -7648.0, -3150.0, 5.0, 5850.0, 809.0, 633.0, 97.0, 108.0, 7652.0, 31642.393665472522, 3.509818491930953, 20651.524716629097, 3.142294976397912, 42715.55778442561, 3.2997365840012023, 37682497.01999999, 10894777.950000003, 58754362.619999975, -8160757.0, 21240460.0, -40775119.0]
[250.94791666666666, 204.92708333333334, 150.19791666666666, 71.32291666666667, 38.989583333333336, 82.44791666666667, 215.5052994728371, 142.37321190904646, 121.31538886127103, 28.978211339834978, 25.835306234794547, 30.2330839319294, 6.0, 3.0, 1.0, 3.0, 1.0, 2.0, 1249.0, 617.0, 686.0, 141.0, 94.0, 156.0, 54357.68070079194, 3.5507777263414533, 16848.935157341108, 3.5189742298018865, 17684.04574007034, 3.493825972916587, 10039321.920000002, 5718905.28, 3421304.6399999997, 5420145.0, 2664114.0, 3564455.0]
