[270.3545454545455, 290.46363636363634, 340.3636363636364, 76.15454545454546, 41.77272727272727, 78.10909090909091, 291.68393055861293, 254.59525991655198, 317.8216200194587, 61.10138759721627, 34.61363656899463, 62.7349668317929, 1.0, 15.0, 3.0, 0.0, 0.0, 0.0, 2495.0, 1616.0, 1278.0, 260.0, 151.0, 196.0, 152383.63995475258, 3.695041208411316, 86909.68123146657, 3.49868189483583, 133655.40302510807, 3.376410021802421, 19045115.1, 17980431.7, 26128704.8, 13487940.0, 12347397.0, 13061184.0]
[201.24, 237.54, 299.4, 81.35, 54.73, 87.59, 138.49392795645622, 190.12884626436406, 229.15682072512803, 54.39908180300566, 31.92948512272035, 58.165576094664814, 6.0, 5.0, 1.0, 3.0, 0.0, 0.0, 690.0, 846.0, 1088.0, 194.0, 122.0, 235.0, 16578.190755368585, 3.395349516949829, 31944.481428669966, 3.1554482534209245, 49848.219266826054, 3.1828650989486844, 5948630.000000001, 9221274.0, 14162807.999999998, 5526269.0, 6900590.0, 6235613.0]
[65.8936170212766, 108.52127659574468, 144.5744680851064, -36.62765957446808, 46.702127659574465, 80.91489361702128, 1313.7091417018755, 1151.5810144647974, 1124.8673373571391, 965.083683307236, 40.920018968881664, 65.12017997757025, -12435.0, -10815.0, -10395.0, -9283.0, 0.0, 0.0, 828.0, 760.0, 1340.0, 159.0, 251.0, 462.0, 1410463.9124081815, 3.822932909785142, 1073833.9598349587, 3.8163610738699982, 996409.2909125357, 3.811408002532587, 151255864.35999995, 116971660.77999997, 112461725.96000001, 139284459.0, 116799966.0, 134166790.0]
[147.27272727272728, 202.03030303030303, 195.24242424242425, 63.474747474747474, 41.535353535353536, 76.73737373737374, 107.48524513661363, 160.0259197465322, 152.813684804244, 38.99564168068839, 31.969792225235963, 48.61313038772127, 1.0, 4.0, 1.0, 1.0, 0.0, 3.0, 541.0, 749.0, 874.0, 143.0, 133.0, 198.0, 9258.854260446575, 3.3645142422557544, 25172.380266064938, 3.2576371001166877, 30065.489710805694, 3.2369346782940416, 3246643.62, 6484916.789999998, 6001715.610000001, 3584168.0, 4115660.0, 2736669.0]
[189.46875, 204.13541666666666, 254.5625, 57.875, 43.697916666666664, 59.708333333333336, 149.61740351379757, 171.8684086455416, 227.37471101801606, 48.12882930766461, 34.782669547882506, 52.45547819801527, 4.0, 2.0, 8.0, 0.0, 0.0, 1.0, 635.0, 1013.0, 1166.0, 172.0, 152.0, 206.0, 19087.96980000826, 3.2346899784786305, 44862.97736736592, 3.4323760944678785, 33394.569875618, 3.3766825499862327, 5349942.72, 6534358.08, 10687130.879999999, 3966446.0, 5566924.0, 4965826.0]
[148.63917525773195, 270.7319587628866, 259.9072164948454, 51.154639175257735, 39.7319587628866, 75.62886597938144, 121.9161413950017, 220.89927547526787, 255.00686602170745, 40.13034497271194, 35.4619853575386, 49.551387381272534, 0.0, 9.0, 1.0, 0.0, 0.0, 0.0, 613.0, 1131.0, 1356.0, 158.0, 159.0, 172.0, 12891.049047729082, 3.304751428245543, 57126.87036514754, 2.9788130620432645, 43744.464052561845, 3.1356917934631605, 3462880.5999999996, 11440330.35, 12411399.290000001, 3844291.0, 7305462.0, 4211019.0]
[131.32258064516128, 264.21505376344084, 255.19354838709677, 51.344086021505376, 44.763440860215056, 81.35483870967742, 125.55634118059982, 189.80074503120173, 199.53545277580625, 37.189729362815704, 35.37543911218088, 53.522779620353425, 4.0, 8.0, 2.0, 0.0, 0.0, 0.0, 871.0, 903.0, 936.0, 158.0, 132.0, 205.0, 23275.40199150006, 3.6132900291822025, 37894.126017946845, 3.1711426574780686, 58139.48543246826, 3.249681016100719, 2840375.3100000005, 9120072.9, 9039072.69, 3382517.0, 6887649.0, 3442576.0]
[320.60305343511453, 345.6106870229008, 356.2442748091603, 89.97709923664122, 64.29007633587786, 64.79389312977099, 317.1202314917388, 337.072728343011, 342.51913122544204, 82.30445035624697, 61.345865455266555, 55.88280560619035, 1.0, 8.0, 0.0, 3.0, 0.0, 0.0, 2219.0, 2703.0, 1485.0, 425.0, 390.0, 257.0, 61331.58980026484, 3.5912186968513584, 67568.79761977102, 3.679576083675211, 126740.76038722806, 3.107164828710904, 34765420.59, 39847405.769999996, 41758508.439999975, 19117832.0, 20447857.0, 17468692.0]
[216.35051546391753, 196.1237113402062, 175.4020618556701, 48.628865979381445, 33.21649484536083, 28.04123711340206, 191.2015756362201, 159.06381435160694, 141.52286768942255, 50.18949914815118, 35.325635994547135, 36.25198774026432, 7.0, 2.0, 5.0, 0.0, 0.0, 0.0, 864.0, 967.0, 793.0, 191.0, 226.0, 183.0, 23977.954661627784, 3.43975784084833, 20143.613292804064, 3.559818294343359, 12320.899205091402, 3.2457705736649562, 7808406.879999999, 5975182.54, 4759836.56, 5444170.0, 3837471.0, 4692820.0]
[287.02061855670104, 276.2886597938144, 291.02061855670104, 84.04123711340206, 51.618556701030926, 41.07216494845361, 230.1060887296265, 260.3339985625392, 247.0637982460807, 74.9271754113304, 44.95378258532337, 38.81828591406171, 10.0, 15.0, 2.0, 0.0, 0.0, 0.0, 1208.0, 1370.0, 1065.0, 275.0, 203.0, 152.0, 63931.440169320835, 3.566139991896646, 83331.64220253406, 3.301737149308716, 61745.74667640563, 3.3904140166730783, 12681806.190000003, 13493495.4, 13652857.67, 7583131.0, 9841448.0, 9103283.0]
[332.8020833333333, 320.9166666666667, 296.2708333333333, 78.9375, 54.822916666666664, 55.875, 330.8352625446424, 343.93024588583035, 276.55552327903405, 77.04295623392937, 54.393303533599116, 55.82005864712452, 1.0, 2.0, 0.0, 0.0, 0.0, 0.0, 1679.0, 1830.0, 1201.0, 335.0, 234.0, 221.0, 62437.92790605303, 3.2944063198214897, 137400.57961664003, 3.212935117742634, 117491.67479552694, 3.0321893897181997, 20189405.759999998, 20279195.52, 15064719.36, 11080342.0, 12965099.0, 9443140.0]
[240.41489361702128, 295.531914893617, 271.24468085106383, 97.01063829787235, 49.840425531914896, 52.787234042553195, 266.1553192580291, 510.04454163764785, 215.30092399854726, 74.71947460742548, 41.351184973851794, 40.8737558991032, 2.0, 6.0, 1.0, 0.0, 0.0, 0.0, 2001.0, 4758.0, 1040.0, 252.0, 174.0, 160.0, 41119.382739290995, 3.4514893564618, 94019.20296867262, 3.5146754768172874, 57056.18486762604, 3.095505284680341, 11299863.14, 30459197.879999995, 10553279.420000002, 15469318.0, 10914763.0, 7835723.0]
[183.4848484848485, 256.010101010101, 303.0, 64.74747474747475, 51.292929292929294, 76.62626262626263, 228.46936844817833, 237.68004968734218, 267.5514446049658, 43.78783342211541, 36.87326682893457, 47.81908633090098, 1.0, 1.0, 3.0, 1.0, 1.0, 1.0, 1753.0, 1254.0, 1357.0, 189.0, 154.0, 186.0, 93539.83836952332, 3.6366150209176467, 62636.02709009606, 3.3038919865221246, 85974.70707303338, 3.509053121150776, 8363946.689999999, 11904525.27, 15943257.99, 6255380.0, 8691697.0, 7062870.0]
[170.02, 250.87, 330.22, 47.18, 41.1, 73.8, 156.04292209310083, 201.18003671268474, 286.12830278839186, 39.25502734322283, 35.69950343428526, 58.232727096114125, 0.0, 8.0, 1.0, 0.0, 0.0, 0.0, 1073.0, 851.0, 1106.0, 135.0, 159.0, 199.0, 19941.45645751485, 3.408507338448549, 48860.41259287592, 3.010035340711312, 90847.64136969797, 3.36145332779655, 5301270.0, 10300443.000000002, 19009596.0, 4342639.0, 9015964.0, 6661549.0]
[133.85858585858585, 264.83838383838383, 248.53535353535352, 63.15151515151515, 47.75757575757576, 90.27272727272727, 115.54829453266876, 194.5820590273434, 209.3760074910302, 43.652001295114125, 34.467106741418036, 53.8155993964989, 9.0, 1.0, 3.0, 0.0, 0.0, 1.0, 608.0, 823.0, 958.0, 182.0, 137.0, 202.0, 12577.284900026405, 3.4643798795185194, 35473.40903240693, 3.0601500778138595, 76713.88186512492, 3.0442735990300385, 3051508.6799999997, 10547748.090000002, 10307253.329999998, 3813984.0, 5909331.0, 3558498.0]
[158.16666666666666, 241.80208333333334, 199.84375, 58.895833333333336, 57.84375, 73.95833333333333, 156.85217087682253, 205.16184213761156, 169.25280550422977, 35.09760200735467, 39.31875891519949, 41.55476200887252, 0.0, 5.0, 0.0, 0.0, 1.0, 1.0, 980.0, 1292.0, 954.0, 125.0, 176.0, 133.0, 41238.25892869176, 3.5071386439029073, 56653.20362048583, 3.481035812367992, 43927.60445441796, 3.4903901483732627, 4549296.0, 9227167.680000002, 6293204.159999999, 4177991.0, 5028139.0, 3939940.0]
[182.81720430107526, 253.8279569892473, 291.1720430107527, 42.26881720430107, 34.043010752688176, 65.52688172043011, 172.70910113204295, 198.9070475315977, 251.10337485204192, 30.477768014587372, 27.2152906104409, 44.57445929781291, 1.0, 10.0, 4.0, 0.0, 0.0, 0.0, 856.0, 1162.0, 1108.0, 116.0, 149.0, 163.0, 24751.733568808508, 3.292903344848811, 43512.44118790332, 3.4839186670525883, 76929.50849736013, 2.8551748852996064, 5442800.82, 8957529.36, 12727528.95, 5367646.0, 6839662.0, 5743996.0]
[131.5268817204301, 230.4516129032258, 240.8709677419355, 49.56989247311828, 42.795698924731184, 79.6774193548387, 106.64983248706238, 193.03274762324386, 209.10873111990097, 36.13122154924306, 33.62632222704505, 42.83846333721565, 1.0, 1.0, 1.0, 1.0, 0.0, 2.0, 373.0, 1105.0, 934.0, 187.0, 164.0, 153.0, 11371.443678004029, 3.335031231401474, 23773.95956063108, 3.0163454772591023, 38683.30172798612, 2.987824521828418, 2469393.66, 7781412.3, 8759284.050000003, 3116423.0, 5118243.0, 3158366.0]
[126.32631578947368, 232.94736842105263, 228.09473684210528, 49.72631578947368, 40.89473684210526, 80.43157894736842, 95.77627322504223, 172.48474298369135, 189.00371907205505, 35.476225813695606, 27.64919824323738, 43.53224596744079, 0.0, 6.0, 2.0, 0.0, 1.0, 0.0, 479.0, 1091.0, 714.0, 122.0, 125.0, 139.0, 8806.165636425292, 3.1632015057332703, 29482.464343352818, 3.5163086928778897, 42994.00062992537, 2.6336180931598117, 2259397.35, 7554132.099999999, 7885466.450000001, 2947218.0, 4840184.0, 2726147.0]
[145.54255319148936, 213.30851063829786, 182.4255319148936, 54.12765957446808, 40.297872340425535, 53.351063829787236, 145.8716231068254, 149.5000288845043, 151.08115666836702, 57.24109247369227, 38.64640638671574, 46.15954273985902, 3.0, 3.0, 6.0, 0.0, 0.0, 0.0, 1068.0, 832.0, 896.0, 239.0, 212.0, 209.0, 34263.8782969338, 3.6024565585080444, 27524.680032660533, 3.312833207135772, 27743.460206080625, 3.32612514435571, 3731866.7399999993, 5974285.62, 4935945.640000001, 2664098.0, 4162306.0, 2866021.0]
[113.26881720430107, 212.51612903225808, 169.08602150537635, 32.505376344086024, 42.344086021505376, 68.78494623655914, 99.82366407004102, 131.14625198967636, 138.67507032110979, 24.673354601725276, 26.299071988775207, 41.20068843408725, 1.0, 4.0, 1.0, 0.0, 0.0, 0.0, 489.0, 623.0, 568.0, 84.0, 97.0, 145.0, 15099.630363957274, 3.515311530913547, 14132.172288389105, 3.3894043007859826, 24338.547074859045, 3.2027108663479282, 1962236.7599999998, 5377732.44, 4118141.3700000006, 1925931.0, 3457449.0, 1830995.0]
[120.51401869158879, 239.71028037383178, 213.89719626168224, 33.299065420560744, 35.02803738317757, 81.18691588785046, 104.59647207928963, 177.2094491148286, 203.19736360733265, 26.18879745856744, 24.082976820295517, 46.14970120738156, 1.0, 3.0, 0.0, 0.0, 0.0, 0.0, 589.0, 1050.0, 851.0, 103.0, 81.0, 171.0, 9266.57461259531, 3.406992839362686, 42893.71418187246, 3.5091263969796707, 37592.75355277962, 3.0345485922216477, 2903672.9099999988, 10140461.689999998, 9921165.190000001, 3208082.0, 4929259.0, 2937059.0]
[117.15625, 213.97916666666666, 170.88541666666666, 38.75, 36.729166666666664, 79.39583333333333, 108.8880959251769, 174.00163212584, 141.7705239790636, 28.974762157872206, 24.17979981923435, 40.496518152257735, 0.0, 3.0, 4.0, 0.0, 0.0, 2.0, 534.0, 992.0, 719.0, 114.0, 105.0, 153.0, 8419.868643842037, 3.3979046396980763, 21870.17060042371, 3.1877868375332734, 21148.394626649682, 2.903279653253822, 2346273.5999999996, 6980960.639999999, 4524258.24, 2624895.0, 3319870.0, 2019809.0]
[101.48936170212765, 243.48936170212767, 197.64893617021278, 35.712765957446805, 47.765957446808514, 75.0, 96.51282656756725, 154.6389304487744, 166.53364847418948, 25.4100235663716, 30.60515998799292, 48.97091522153133, 1.0, 5.0, 1.0, 1.0, 1.0, 0.0, 479.0, 692.0, 677.0, 83.0, 115.0, 177.0, 6528.238221105143, 3.425423313929871, 25466.190484617662, 3.17999053122292, 35229.164896832604, 2.6715679362757236, 1724409.3199999996, 7329097.280000003, 5876251.140000001, 2106522.0, 3879121.0, 2006214.0]
[118.27184466019418, 170.38834951456312, 193.27184466019418, 37.067961165048544, 42.20388349514563, 73.79611650485437, 102.48665089302972, 135.76690181204455, 157.00313436204084, 28.36673767966123, 25.324311818573328, 38.89386241799875, 0.0, 10.0, 4.0, 0.0, 2.0, 0.0, 486.0, 741.0, 733.0, 106.0, 121.0, 154.0, 8277.458206176352, 3.526376596237719, 18068.258721026374, 3.09660046642829, 26644.382939398085, 3.1773792739199553, 2587510.380000001, 5016559.379999999, 6552613.829999998, 2244563.0, 3369056.0, 2524334.0]
[107.64583333333333, 199.36458333333334, 215.82291666666666, 41.15625, 45.71875, 75.30208333333333, 94.55858436542387, 137.87355914533978, 182.23258676708883, 32.681985420910884, 30.850642960117245, 39.13676957103307, 2.0, 6.0, 1.0, 0.0, 0.0, 3.0, 484.0, 710.0, 857.0, 117.0, 128.0, 146.0, 8890.818382693911, 3.457942563522263, 26770.493080134318, 3.5627474362823524, 42394.27856461566, 2.809304279034301, 1883364.4799999997, 5396644.8, 7321404.48, 1927966.0, 3860840.0, 2535378.0]
[122.96039603960396, 203.04950495049505, 180.13861386138615, 45.742574257425744, 43.495049504950494, 78.7128712871287, 89.20727781880572, 153.6464367460322, 149.92698420917898, 31.443490094245753, 24.71016947023077, 41.02275871602576, 0.0, 1.0, 0.0, 0.0, 0.0, 1.0, 413.0, 1149.0, 603.0, 118.0, 100.0, 133.0, 11754.609463302717, 3.4003132636909585, 36722.79411028463, 3.667789774116198, 33073.96188845666, 2.8193860447132124, 2346067.39, 6590110.619999995, 5580504.5200000005, 2776302.0, 3714243.0, 2411731.0]
[134.33333333333334, 185.50537634408602, 169.4516129032258, 53.41935483870968, 49.806451612903224, 68.3010752688172, 101.69469796505075, 118.49258128088368, 164.48909810108813, 40.57636991195019, 33.81125940085772, 40.63859403225198, 4.0, 9.0, 5.0, 0.0, 0.0, 1.0, 484.0, 475.0, 744.0, 159.0, 131.0, 139.0, 10123.556962841425, 3.443118945456427, 11555.83353024668, 3.233557148145154, 35227.82795648125, 3.1549975050961447, 2445595.89, 4177619.52, 4798428.93, 2579642.0, 2675813.0, 2110272.0]
[150.48039215686273, 160.7941176470588, 170.5686274509804, 55.68627450980392, 43.28431372549019, 67.7156862745098, 132.97857568767947, 115.16860977682512, 124.59411408025657, 33.22768152680338, 29.96412952907618, 41.408225482905884, 6.0, 6.0, 0.0, 1.0, 0.0, 0.0, 617.0, 557.0, 654.0, 132.0, 122.0, 136.0, 12896.33777437156, 3.494599114439645, 11059.504600202861, 3.4668419171425677, 11792.881061130303, 3.333993584470582, 4177651.7399999993, 4056365.579999999, 4626154.92, 2807528.0, 2264987.0, 2679641.0]
[145.37254901960785, 182.65686274509804, 171.19607843137254, 66.83333333333333, 40.205882352941174, 85.84313725490196, 99.28506030304239, 115.97221373405362, 111.87378312547436, 36.57653939786311, 26.15465739919356, 43.20472679907784, 2.0, 1.0, 5.0, 2.0, 0.0, 1.0, 412.0, 514.0, 483.0, 140.0, 105.0, 175.0, 9266.806420103854, 3.478625400040746, 17583.710943404116, 3.217205136791136, 10610.099571943389, 3.3869705017272533, 3214217.8799999994, 4856714.7, 4338586.319999999, 2756389.0, 3040486.0, 2450549.0]
[165.51063829787233, 215.6595744680851, 213.89361702127658, 55.62765957446808, 37.42553191489362, 78.18085106382979, 109.84179676114745, 140.19284361895052, 203.67476013440827, 32.2720239185094, 27.50815689846529, 48.42929948626417, 5.0, 22.0, 0.0, 0.0, 0.0, 0.0, 519.0, 872.0, 1017.0, 120.0, 145.0, 166.0, 9915.072313049583, 3.409527451822818, 10843.259822103308, 2.738066260833883, 32736.086346206313, 2.7311280567121528, 3475255.200000001, 5827695.44, 7668991.879999999, 3644566.0, 4799675.0, 3749748.0]
[152.11764705882354, 176.1078431372549, 227.73529411764707, 61.86274509803921, 47.127450980392155, 72.92156862745098, 118.9365663461445, 127.974232157462, 248.79682459812597, 44.26585730653928, 35.74404930565227, 46.7355497388897, 3.0, 3.0, 8.0, 1.0, 1.0, 0.0, 640.0, 711.0, 1191.0, 180.0, 142.0, 196.0, 18659.96810769661, 3.39689668577848, 19374.03858321886, 3.491290406704724, 76302.9951183997, 2.949685303509888, 3864773.88, 4913893.86, 11772787.979999997, 3062948.0, 5006545.0, 4037356.0]
[189.70526315789473, 169.13684210526316, 216.32631578947368, 68.16842105263157, 51.50526315789474, 75.16842105263157, 135.67576130631085, 119.9797509978083, 213.2717496381764, 45.430014596121445, 38.477092849280325, 44.27540805140819, 1.0, 4.0, 0.0, 0.0, 0.0, 0.0, 607.0, 580.0, 1067.0, 175.0, 147.0, 164.0, 13926.335846055581, 3.4724132118451507, 11108.430380660993, 3.2347062714601846, 79651.38480621489, 3.0906391989125543, 4891751.4, 3867292.3000000003, 8285232.149999999, 3456013.0, 3231772.0, 3791461.0]
[159.12745098039215, 181.65686274509804, 226.27450980392157, 84.07843137254902, 56.411764705882355, 73.16666666666667, 112.52314803160776, 153.78945972573496, 262.27806863024364, 49.72114044766105, 41.7736363260907, 36.676018909313264, 3.0, 2.0, 0.0, 0.0, 0.0, 0.0, 478.0, 871.0, 1237.0, 233.0, 207.0, 134.0, 11174.055935993543, 3.201651682881026, 11746.51589868978, 3.495772406890721, 40657.72219750186, 3.0553862490636257, 3938837.099999999, 5869784.82, 12413587.679999998, 2578211.0, 5631002.0, 3578665.0]
[228.57291666666666, 157.63541666666666, 213.58333333333334, 84.66666666666667, 50.03125, 79.77083333333333, 190.6603894385963, 158.3371565789558, 227.00005410000128, 51.458244015832705, 32.78075594806068, 44.753942294251495, 6.0, 0.0, 2.0, 0.0, 0.0, 1.0, 975.0, 824.0, 1024.0, 266.0, 123.0, 147.0, 39257.959032122664, 3.25225390772502, 34756.04868001121, 3.3325064545484575, 88282.43231871646, 3.1165523547066836, 8130198.72, 4576520.64, 8903587.200000001, 3179483.0, 4121260.0, 5440594.0]
[202.82474226804123, 96.36082474226804, 153.84536082474227, 85.41237113402062, 46.8041237113402, 68.85567010309278, 127.33952403493308, 99.18702720607862, 139.54937449147596, 55.45582937823121, 35.31543547541032, 39.298004002197125, 1.0, 0.0, 1.0, 1.0, 0.0, 2.0, 580.0, 607.0, 624.0, 181.0, 152.0, 137.0, 13196.422947044066, 3.286875705772582, 7399.339955814567, 3.471541473936367, 16120.36365821752, 3.1007078804628914, 5380636.56, 1789784.83, 4040380.7700000005, 1947978.0, 1577564.0, 2708227.0]
[229.72916666666666, 148.02083333333334, 247.46875, 83.28125, 51.895833333333336, 73.46875, 172.58886218663474, 119.43692271978514, 219.94290900977967, 60.51058248030061, 39.82632801939908, 44.2104900924037, 0.0, 3.0, 4.0, 3.0, 0.0, 0.0, 772.0, 640.0, 858.0, 226.0, 190.0, 160.0, 35589.66255496544, 3.4545390618522585, 18836.29583988618, 3.5036951377099976, 45803.277890151214, 3.032551163298927, 7580355.839999998, 3320225.2800000003, 10055739.84, 3031192.0, 3805833.0, 5615408.0]
[249.10416666666666, 159.47916666666666, 237.88541666666666, 80.70833333333333, 45.15625, 71.64583333333333, 180.3985341967913, 202.02589616011667, 233.49468019598342, 65.89080547097626, 33.965409068019405, 52.69075204319249, 4.0, 0.0, 3.0, 0.0, 2.0, 0.0, 966.0, 1526.0, 1294.0, 236.0, 174.0, 206.0, 27291.65660616343, 3.4088871769023816, 22286.446704986323, 3.3244865250426576, 28337.52873349736, 2.8794220602870024, 8686773.12, 6066240.0, 10187488.32, 5201225.0, 5231837.0, 6788698.0]
[222.05769230769232, 133.65384615384616, 199.18269230769232, 88.10576923076923, 43.26923076923077, 68.26923076923077, 149.36524770443532, 115.98709078074994, 152.21572354277984, 60.83064478561449, 29.029690448881453, 40.34877815289659, 0.0, 1.0, 10.0, 2.0, 1.0, 0.0, 614.0, 647.0, 634.0, 297.0, 106.0, 137.0, 19898.60907246429, 3.093471951651068, 12017.101869758006, 3.639125319166386, 21195.679983948605, 3.2119299622722055, 7723173.119999999, 3373185.92, 6773042.640000001, 3204538.0, 3140393.0, 4169377.0]
[229.5212765957447, 114.64893617021276, 158.01063829787233, 94.48936170212765, 42.829787234042556, 75.15957446808511, 168.2044153668102, 106.89223871629235, 127.79010804270685, 61.589299566512125, 26.583460901519782, 50.22900314366415, 6.0, 3.0, 3.0, 0.0, 0.0, 2.0, 822.0, 718.0, 501.0, 229.0, 98.0, 158.0, 27316.03898837599, 2.965548818970409, 11020.90599954014, 3.444934576038068, 14538.788045096717, 3.124673117411945, 7128156.3, 2160293.9000000004, 3633711.939999999, 2329370.0, 1977192.0, 2912558.0]
[219.16842105263157, 153.7263157894737, 189.2736842105263, 90.16842105263157, 46.66315789473684, 71.34736842105264, 174.6156053463124, 121.53332807105578, 156.0246463144807, 68.45679684819065, 29.360057730215935, 38.56874724796899, 2.0, 0.0, 4.0, 1.0, 1.0, 2.0, 961.0, 434.0, 594.0, 278.0, 121.0, 148.0, 42093.570456728135, 3.4120906033252876, 16887.250032494194, 3.500085016323794, 29154.75859942289, 3.386695725645935, 7057951.8500000015, 3451760.4, 5407055.149999999, 4047280.0, 2922761.0, 4169839.0]
[167.03191489361703, 148.88297872340425, 196.14893617021278, 75.61702127659575, 45.59574468085106, 61.0, 107.73139159004752, 127.18531534081924, 177.55743928703163, 49.36044874906649, 38.159912295873205, 38.452875782104755, 4.0, 0.0, 8.0, 1.0, 0.0, 1.0, 617.0, 536.0, 695.0, 174.0, 147.0, 127.0, 13817.122103740978, 3.5286939378221076, 15385.088591395897, 3.428776674860595, 39731.971660703064, 3.0165721762215023, 3479815.1399999997, 3372715.3000000007, 6155657.680000001, 2297970.0, 3182448.0, 2962698.0]
[172.21505376344086, 168.95698924731184, 171.4731182795699, 66.78494623655914, 48.81720430107527, 64.93548387096774, 118.34592344904809, 119.45591455123358, 165.70813730628458, 51.90456322872267, 31.732217285248794, 39.62564125159719, 0.0, 2.0, 0.0, 0.0, 0.0, 0.0, 630.0, 553.0, 943.0, 159.0, 126.0, 155.0, 16219.761328395783, 2.965596430322177, 17933.005353500455, 3.546603783769767, 35377.411343406995, 3.217595245890972, 3763455.1799999997, 3689900.55, 4892476.109999998, 2657498.0, 2915534.0, 2585839.0]
[183.15238095238095, 163.3904761904762, 153.14285714285714, 60.142857142857146, 45.923809523809524, 61.79047619047619, 135.4731580674805, 109.03973298739946, 145.10383739368723, 51.45506414701692, 30.707896515797177, 39.4226836396, 0.0, 1.0, 0.0, 0.0, 0.0, 1.0, 857.0, 441.0, 544.0, 220.0, 125.0, 152.0, 14154.224686711546, 3.4783015487524986, 11112.548820861444, 3.4657918593986268, 24540.866063136673, 3.1486582018974385, 5702458.65, 4241634.600000001, 4884883.499999999, 3112208.0, 2520572.0, 2846988.0]
[222.0625, 199.21875, 160.91666666666666, 68.69791666666667, 46.895833333333336, 72.11458333333333, 194.07816181821397, 173.45287259990218, 161.40792823850265, 45.67646400538343, 30.700070003920416, 43.87323120841074, 0.0, 2.0, 3.0, 0.0, 0.0, 1.0, 1428.0, 1146.0, 737.0, 181.0, 126.0, 141.0, 68300.77320922448, 3.426161829222336, 47298.86191596575, 3.5573968872145154, 45711.18160269267, 3.2390074734598957, 7979740.800000001, 6401490.24, 4762396.800000001, 5757241.0, 3676691.0, 3864332.0]
[201.17543859649123, 204.3421052631579, 201.30701754385964, 65.4298245614035, 49.8859649122807, 74.28070175438596, 151.0405938293385, 140.30288531383468, 174.1936226743298, 52.74046813150231, 41.35380663732165, 54.07132437676337, 2.0, 10.0, 4.0, 0.0, 0.0, 1.0, 863.0, 611.0, 723.0, 200.0, 186.0, 194.0, 30306.752296865187, 3.6353054627021955, 20409.431598815765, 3.5585237264636462, 27136.55407804758, 3.518211940841408, 8198487.839999998, 7962379.020000002, 9175405.139999999, 4890632.0, 5261888.0, 4717415.0]
[165.86111111111111, 211.05555555555554, 203.55555555555554, 56.648148148148145, 52.00925925925926, 71.71296296296296, 121.70613131126096, 136.02719858136493, 170.8901015017466, 48.36027465557752, 33.915920053730446, 41.80552459264092, 1.0, 7.0, 8.0, 0.0, 0.0, 0.0, 537.0, 663.0, 731.0, 178.0, 133.0, 159.0, 14570.502797653833, 3.574274497403997, 18981.389507293832, 3.3136677908324477, 20836.096378002767, 3.399317452019776, 4920474.6, 7333917.119999999, 8207710.56, 4033705.0, 4740884.0, 3577344.0]
[135.83157894736843, 183.01052631578946, 186.30526315789473, 47.915789473684214, 51.45263157894737, 64.54736842105264, 119.21147422922819, 118.30446608868388, 156.97689718108276, 39.63199415631607, 33.026993608727196, 37.101003146687034, 1.0, 3.0, 3.0, 0.0, 0.0, 2.0, 518.0, 646.0, 655.0, 153.0, 151.0, 129.0, 21637.435912623307, 3.2744226107946495, 18492.072053026888, 3.462544194005254, 22831.19802039536, 3.080370100318315, 2934208.0, 4272568.000000001, 5333053.95, 2635952.0, 3208776.0, 2323873.0]
[137.95901639344262, 180.95081967213116, 196.4344262295082, 35.450819672131146, 46.385245901639344, 61.52459016393443, 107.921259752018, 123.61409240979683, 159.29820197399405, 31.465868287577575, 33.532874389396824, 45.98152937016206, 0.0, 8.0, 0.0, 0.0, 0.0, 0.0, 513.0, 546.0, 762.0, 139.0, 129.0, 167.0, 13843.100383996378, 3.5721977936357807, 13882.50936681193, 3.6835643318001536, 19007.74374861304, 3.114366392550373, 4552155.500000001, 7129196.880000002, 9489205.14, 3200620.0, 3981951.0, 2689189.0]
[179.13541666666666, 276.0625, 201.61458333333334, 44.989583333333336, 58.729166666666664, 67.89583333333333, 140.28794597216012, 176.3825276285369, 191.76434934529556, 41.083610457767875, 38.2601838294939, 42.70917050955257, 1.0, 10.0, 4.0, 0.0, 2.0, 0.0, 756.0, 982.0, 957.0, 196.0, 150.0, 142.0, 18860.409797191413, 3.524333119465547, 32618.474776850504, 3.4489884106594437, 50549.72106948823, 2.958477273484583, 4752248.64, 9860864.639999999, 7099909.4399999995, 5060333.0, 5741833.0, 3663488.0]
[175.78787878787878, 261.57575757575756, 223.0, 55.25252525252525, 60.81818181818182, 70.97979797979798, 134.20607613660852, 213.21633599919173, 234.60766207019074, 49.42864232743541, 46.66628456421005, 47.021484407418896, 1.0, 6.0, 0.0, 1.0, 0.0, 0.0, 727.0, 1122.0, 1532.0, 214.0, 239.0, 159.0, 20429.58585733604, 3.337297888059126, 37387.036307990944, 3.29201065123106, 48830.81906964185, 3.3454380922496383, 4776097.59, 11116674.360000003, 10213993.349999998, 4805245.0, 6770879.0, 4730137.0]
[148.70526315789473, 235.66315789473686, 193.4, 42.14736842105263, 53.66315789473684, 73.46315789473684, 118.0696579182842, 166.86544525367992, 165.23100528164497, 30.34376392207411, 41.332489545746846, 43.82941073344201, 2.0, 2.0, 5.0, 0.0, 1.0, 1.0, 477.0, 911.0, 687.0, 119.0, 172.0, 151.0, 12671.877381539318, 3.2825764138740547, 28740.324523600655, 3.5751317940941303, 38627.888542729954, 3.0779757667162353, 3240602.95, 7498701.499999999, 5813676.05, 3407048.0, 4077754.0, 2552995.0]
[157.34653465346534, 238.94059405940595, 186.23762376237624, 36.87128712871287, 50.82178217821782, 74.00990099009901, 102.1226160694647, 173.1039469094901, 176.88177681801207, 30.345893747371036, 38.08133297026352, 46.419283719054725, 0.0, 5.0, 7.0, 0.0, 0.0, 0.0, 445.0, 978.0, 881.0, 106.0, 180.0, 158.0, 9631.051960680972, 3.498307328271347, 22865.794895296767, 3.360856230810743, 41110.150193191555, 3.1681481487353285, 3578888.5399999986, 8850479.51, 6698164.459999999, 3909186.0, 4523490.0, 2682857.0]
[175.3943661971831, 243.88732394366198, 220.35915492957747, 52.50704225352113, 49.598591549295776, 69.4225352112676, 138.35297430828894, 179.88960754309235, 180.32163311564577, 42.11917345758313, 37.229222842589536, 47.05321025122047, 2.0, 1.0, 2.0, 0.0, 0.0, 0.0, 986.0, 803.0, 864.0, 187.0, 131.0, 177.0, 15222.634980865407, 3.8149795748202253, 39013.38806700719, 3.814020545299547, 38513.80995803189, 3.3405077519627238, 10035608.600000001, 18472927.68, 16301598.579999998, 6157512.0, 7316943.0, 5344937.0]
[153.0842105263158, 199.06315789473683, 174.81052631578947, 39.62105263157895, 46.66315789473684, 78.93684210526315, 133.65306494546584, 135.7329050030239, 136.44017430586075, 32.33869263642813, 27.94508693023935, 39.869684138777274, 1.0, 2.0, 0.0, 0.0, 1.0, 1.0, 891.0, 703.0, 651.0, 115.0, 111.0, 156.0, 26982.730921015667, 3.5117659316060386, 16116.73683905357, 3.4391503678552455, 16009.444591336061, 3.2759793605105765, 3710167.0499999993, 5221470.749999999, 4420326.25, 3438411.0, 3402449.0, 2205146.0]
[201.82178217821783, 74.05940594059406, 348.41584158415844, -115.98019801980197, -154.55445544554456, 177.13861386138615, 1025.7059168790984, 1047.6435636396777, 1208.8587946267896, 1156.721997544769, 1462.2383217194626, 1123.0331342369466, -4048.0, -7636.0, 3.0, -9450.0, -11248.0, -1350.0, 9457.0, 543.0, 10350.0, 121.0, 143.0, 11254.0, 2202208.7740236036, 3.757566908504904, 2232525.199821274, 3.6295426595377225, 2945744.1658919933, 3.670536019240636, 110414409.97999997, 111412764.67999998, 159978659.12, -41652945.0, -117279787.0, 24258389.0]
[176.98969072164948, 197.89690721649484, 233.03092783505156, 39.47422680412371, 45.422680412371136, 61.0, 148.5261968226874, 161.23646484124404, 225.14011626134473, 37.604879111488856, 33.50834319350754, 45.00555521266236, 3.0, 10.0, 1.0, 0.0, 0.0, 0.0, 901.0, 949.0, 1233.0, 143.0, 154.0, 148.0, 31202.682852768117, 3.4211287678825792, 39228.27596907949, 3.527813216180888, 26672.30951043368, 3.040775623692032, 5001632.340000002, 6105723.2, 9829481.42, 4254991.0, 4910997.0, 3789492.0]
[16.74, 132.92, 69.5, 46.75, 60.33, 71.97, 1368.8688733122804, 1392.2174063940827, 1379.8339638075183, 39.842207709306415, 48.79001698683612, 47.358178498619125, -13485.0, -13485.0, -13490.0, 0.0, 2.0, 1.0, 628.0, 1126.0, 740.0, 178.0, 166.0, 231.0, 3289525.3313331795, 3.907902373278517, 3378189.0659773163, 3.900969762441463, 3339034.3360780617, 3.8988653059294873, 185534420.0, 193655434.0, 188973260.0, 185855317.0, 186980476.0, 185174748.0]
[171.40860215053763, 247.74193548387098, 259.6236559139785, 39.225806451612904, 52.03225806451613, 63.806451612903224, 161.42606576326943, 210.95991290464386, 231.60413724896375, 30.990576769840047, 41.66805981775678, 46.410329169016215, 0.0, 4.0, 1.0, 0.0, 0.0, 0.0, 1077.0, 1317.0, 1092.0, 105.0, 229.0, 165.0, 14589.14001809713, 3.4301521297413173, 30996.477096145674, 3.570080728316373, 38063.35356493939, 3.1598984166685318, 4770709.350000001, 9116185.499999998, 10419289.41, 5532997.0, 6775689.0, 3893571.0]
[164.5985401459854, 252.1824817518248, 196.65693430656935, 42.29197080291971, 44.96350364963504, 65.42335766423358, 154.97985921583177, 222.70470487443094, 166.4370768734523, 38.98456719235975, 31.566085849681645, 45.01400478604951, 1.0, 8.0, 1.0, 0.0, 0.0, 1.0, 946.0, 1633.0, 867.0, 252.0, 134.0, 158.0, 23054.26039676739, 3.4798205746991475, 46552.445270990225, 3.7045464337750547, 33488.072352009855, 3.7435664934061963, 9560199.759999998, 21177318.89, 12420019.959999999, 6556985.0, 7308471.0, 5071044.0]
[152.8761904761905, 197.95238095238096, 199.0, 43.44761904761905, 62.180952380952384, 66.43809523809524, 114.2054234902124, 156.54855359823557, 169.9022909249268, 37.615202775652826, 44.99290135300425, 42.26721856909638, 3.0, 2.0, 7.0, 0.0, 0.0, 0.0, 494.0, 721.0, 708.0, 159.0, 210.0, 141.0, 10320.256041769, 3.503246673185871, 23122.55478888067, 3.2855028917674862, 26937.083116348647, 3.248233644315191, 4000949.4000000004, 6996375.749999997, 7518263.549999999, 2831822.0, 3800047.0, 3194124.0]
[138.48461538461538, 231.06923076923076, 214.47692307692307, 38.73076923076923, 45.42307692307692, 74.20769230769231, 119.97236339479645, 154.8882662273278, 176.06637294038188, 32.339715296369086, 35.43612342190284, 49.70013899717686, 0.0, 8.0, 4.0, 0.0, 0.0, 0.0, 570.0, 1069.0, 783.0, 154.0, 159.0, 170.0, 11720.421766676664, 3.6635841546930235, 32219.747301351075, 3.4371261638278616, 22163.685255924585, 3.1186015065993633, 5654847.8999999985, 13046601.1, 12972653.200000001, 4358853.0, 6136274.0, 3755657.0]
[123.31896551724138, 228.00862068965517, 190.7155172413793, 33.61206896551724, 56.62068965517241, 69.77586206896552, 114.6315533720352, 156.04338837474745, 146.786257266608, 27.15583740648364, 32.14793391763168, 47.538375565686806, 1.0, 4.0, 2.0, 0.0, 0.0, 1.0, 584.0, 672.0, 798.0, 110.0, 154.0, 146.0, 16163.528786847219, 3.6947836236553546, 28603.19490005285, 3.5150761411216127, 21877.3316414686, 3.5471464272269544, 3799258.6799999992, 10243724.520000001, 7768535.079999999, 3053284.0, 4632561.0, 3125961.0]
[148.64893617021278, 255.75531914893617, 211.7872340425532, 50.4468085106383, 51.808510638297875, 76.25531914893617, 123.04398264654294, 175.61809041519567, 181.9086898643965, 37.31257593678311, 35.67242741008583, 49.777555975854284, 3.0, 3.0, 0.0, 0.0, 0.0, 0.0, 724.0, 914.0, 1051.0, 130.0, 131.0, 168.0, 19194.200141431902, 3.4448717093710783, 28558.72756114546, 3.4077907675598738, 52827.15718670285, 3.3204789261064676, 3275970.5, 8475879.42, 6856079.88, 3394060.0, 4667403.0, 3021065.0]
[147.1263157894737, 263.57894736842104, 193.8736842105263, 52.36842105263158, 63.810526315789474, 79.7578947368421, 114.1333898694449, 227.92134603323927, 157.28238881714276, 42.119902970018906, 47.66065658266006, 50.45025268044469, 6.0, 3.0, 1.0, 1.0, 1.0, 0.0, 633.0, 1259.0, 720.0, 210.0, 194.0, 180.0, 16007.724515275777, 3.484725721423652, 46340.08542756756, 3.2766584676701824, 29160.452020931793, 3.390300929567637, 3116825.55, 10908984.9, 5601308.299999999, 3705854.0, 4714685.0, 2748902.0]
[135.6875, 269.2083333333333, 219.0, 48.125, 57.8125, 72.19791666666667, 110.46745769920803, 212.4336139853512, 165.74330184132074, 36.960932432986446, 41.28624404530425, 54.301617653846755, 0.0, 1.0, 4.0, 0.0, 0.0, 0.0, 492.0, 972.0, 689.0, 141.0, 178.0, 186.0, 8549.698508801894, 3.3442129756197225, 33548.199768189006, 3.2424217609744628, 31732.944372460075, 2.8523094684304175, 2809685.7599999993, 10794800.64, 6925426.560000002, 3299329.0, 5172799.0, 2920354.0]
[163.26262626262627, 231.23232323232324, 205.3838383838384, 48.5959595959596, 59.24242424242424, 57.707070707070706, 155.93736221922413, 184.98090515260793, 175.91827341072434, 47.57613001047754, 47.92811175191337, 39.703814787481356, 1.0, 6.0, 4.0, 0.0, 1.0, 0.0, 1015.0, 803.0, 857.0, 153.0, 186.0, 149.0, 14905.833808847528, 3.424160869696515, 37453.44703166953, 3.30922924693729, 19486.13559911831, 2.986382150456621, 4971608.73, 8560260.72, 7136810.009999999, 4061929.0, 4249494.0, 4109072.0]
[127.02127659574468, 242.29787234042553, 189.3404255319149, 45.138297872340424, 61.329787234042556, 77.08510638297872, 134.29801387841192, 208.7276782109607, 147.1210863443062, 36.931381027501395, 41.450161367280565, 50.40836668360711, 3.0, 1.0, 1.0, 0.0, 2.0, 1.0, 721.0, 1403.0, 594.0, 119.0, 154.0, 161.0, 27093.935132293365, 3.3128216946567486, 59447.45527262348, 3.5638513022786666, 23188.86729037142, 3.1150648077899743, 3002339.3200000003, 8996110.2, 5059860.199999999, 3100271.0, 3353794.0, 2157412.0]
[141.12244897959184, 255.41836734693877, 206.4387755102041, 45.96938775510204, 50.06122448979592, 63.90816326530612, 153.6908978051969, 292.29817862274297, 205.49523115476705, 38.31245768747134, 33.604987457077286, 42.37439577398341, 1.0, 4.0, 6.0, 0.0, 1.0, 4.0, 924.0, 2625.0, 1132.0, 119.0, 166.0, 148.0, 10654.356590507507, 3.409671607890766, 27699.30241555075, 3.3826407815557484, 19944.982898065435, 3.051013863001134, 4158090.9999999995, 14387267.300000003, 8107154.86, 3703244.0, 5671138.0, 2957115.0]
[114.3763440860215, 230.20430107526883, 192.90322580645162, 58.344086021505376, 46.774193548387096, 76.44086021505376, 90.36086036824248, 152.49829358559086, 177.96983528702205, 38.972257307534726, 31.91671533996828, 44.30635992368104, 1.0, 3.0, 15.0, 0.0, 1.0, 0.0, 516.0, 906.0, 1068.0, 138.0, 117.0, 152.0, 5038.34884738279, 3.355804035970911, 16224.359556118672, 3.3104624358484505, 61915.05501467982, 2.9077726878123125, 1830062.3699999996, 6573213.030000001, 5928400.319999999, 2500492.0, 3785488.0, 2041483.0]
[112.21505376344086, 228.21505376344086, 187.61290322580646, 41.11827956989247, 45.236559139784944, 75.41935483870968, 97.05565967664542, 184.47456814601875, 159.36375073738807, 29.20834062772719, 34.18377375351923, 49.61642491472328, 1.0, 6.0, 1.0, 0.0, 0.0, 0.0, 440.0, 1043.0, 952.0, 102.0, 114.0, 163.0, 5318.326565599115, 3.3434786673067056, 26235.052629682043, 2.8966276302420932, 42336.67063350759, 3.290467122137105, 1895059.1399999997, 7416262.68, 5217277.680000002, 2394241.0, 3623034.0, 1979029.0]
[139.94623655913978, 238.46236559139786, 175.05376344086022, 53.45161290322581, 58.376344086021504, 71.3225806451613, 102.8168872095687, 190.92136778514825, 132.24921842387593, 41.29257121550628, 41.8581751348461, 50.67204041899639, 1.0, 2.0, 1.0, 0.0, 1.0, 1.0, 529.0, 857.0, 682.0, 155.0, 133.0, 161.0, 12641.122260445665, 3.4426126794910155, 33124.61496184035, 3.1006440586036175, 24781.61143040085, 3.0829390620553756, 2598383.73, 8036938.17, 4146816.059999999, 3589528.0, 3582166.0, 2194314.0]
[192.17894736842106, 250.16842105263157, 170.0842105263158, 62.65263157894737, 54.410526315789475, 78.66315789473684, 141.60951546849034, 174.83899296280097, 134.0019580007707, 43.41040379787704, 38.69891821481113, 47.23878016655109, 0.0, 2.0, 2.0, 0.0, 0.0, 0.0, 606.0, 759.0, 684.0, 157.0, 152.0, 165.0, 21368.31459163363, 3.4804488346153257, 29490.961637583016, 3.14430027131263, 26855.260426566045, 3.2586941493296724, 5123936.149999999, 8378010.099999999, 4214327.299999998, 5293086.0, 3774212.0, 3003247.0]
[173.7422680412371, 244.5257731958763, 210.10309278350516, 56.16494845360825, 48.08247422680412, 77.74226804123711, 133.89604785915978, 181.694001734573, 181.8029774082419, 39.699569795205576, 34.478456468947385, 48.495119675101385, 1.0, 5.0, 0.0, 0.0, 0.0, 0.0, 907.0, 996.0, 803.0, 133.0, 128.0, 175.0, 18965.763328908706, 3.526400683434302, 34418.35000077615, 3.1954572913524024, 40846.33174034652, 3.0751075378770367, 4509705.569999999, 8700053.190000001, 7231276.28, 4912975.0, 4936502.0, 3814864.0]
