[134.0421052631579, 248.4842105263158, 195.82105263157894, 41.747368421052634, 58.694736842105264, 65.45263157894736, 100.05922882031652, 210.9379692603963, 171.07824382287328, 31.36672868714611, 37.225327023472595, 49.63693040491521, 2.0, 0.0, 3.0, 0.0, 0.0, 0.0, 429.0, 1149.0, 881.0, 112.0, 136.0, 156.0, 9563.8067719747, 3.4638238220866935, 28065.492034241874, 2.5373838416972188, 29754.06427430196, 3.1291233805371474, 2515605.6999999997, 9545820.4, 6074327.550000001, 2724427.0, 4519268.0, 2447238.0]
[166.10416666666666, 251.9375, 214.91666666666666, 40.020833333333336, 62.65625, 78.33333333333333, 143.38512579150466, 191.80015984297165, 201.1769928598704, 34.689898170616175, 39.644692516613645, 50.67910742924111, 1.0, 1.0, 4.0, 0.0, 1.0, 3.0, 709.0, 1096.0, 943.0, 116.0, 159.0, 188.0, 27060.461310258353, 3.381155009147092, 24565.574464420755, 3.2052409460803695, 60403.76155641189, 2.930749894140297, 4417756.800000001, 9204627.84, 7947857.279999998, 3682742.0, 4984970.0, 3621711.0]
[134.23469387755102, 234.0408163265306, 243.3469387755102, 52.255102040816325, 65.24489795918367, 65.16326530612245, 109.0545877706337, 154.74194803543404, 227.96061796075162, 39.187445713338754, 46.73616697588419, 49.4524021656128, 1.0, 5.0, 4.0, 0.0, 3.0, 0.0, 503.0, 627.0, 1069.0, 147.0, 186.0, 159.0, 12970.162474323446, 3.4339025871387516, 23179.339612513388, 3.4403258067471003, 69878.15905844329, 3.166804158352193, 2861079.6199999996, 7536819.359999999, 10627163.120000001, 3062783.0, 5239015.0, 3733562.0]
[173.06315789473683, 227.57894736842104, 243.70526315789473, 53.83157894736842, 63.65263157894737, 69.41052631578947, 135.43466749741137, 194.06862018189778, 239.66878180523324, 39.3488631946902, 46.098822715629915, 49.32016434909937, 5.0, 2.0, 3.0, 1.0, 3.0, 0.0, 560.0, 932.0, 1330.0, 122.0, 181.0, 177.0, 21353.00327790013, 3.5008943025932227, 48549.16186630365, 3.2218861707666857, 51692.11349399624, 2.9077407604937457, 4341054.45, 8037516.799999998, 10489643.499999998, 4185134.0, 4492239.0, 4330654.0]
[191.78217821782178, 272.8811881188119, 289.74257425742576, 58.306930693069305, 54.415841584158414, 63.78217821782178, 164.0343015323561, 227.4716372266535, 303.87140877237357, 36.34136556990049, 45.9902744777051, 47.847592198645906, 3.0, 1.0, 2.0, 0.0, 0.0, 0.0, 939.0, 1330.0, 1353.0, 128.0, 202.0, 173.0, 22929.554368469755, 3.330887745886965, 42180.68633200489, 3.1287927166425034, 64158.38481984945, 3.132080950411692, 6469601.46, 12822165.129999999, 17889938.099999998, 5938639.0, 8801364.0, 7201435.0]
[192.94845360824743, 197.41237113402062, 171.22680412371133, 34.11340206185567, 31.855670103092784, 41.329896907216494, 165.85644967448636, 167.3116324269201, 129.26478841531048, 32.48649600496201, 24.785323988670548, 44.353391839831076, 12.0, 1.0, 0.0, 0.0, 1.0, 0.0, 1060.0, 993.0, 665.0, 158.0, 95.0, 167.0, 37562.12245080462, 3.280709992700517, 18498.641214023402, 3.538531355440786, 22255.65676461351, 3.339841253183223, 6064465.220000001, 6273567.15, 4314566.790000001, 3545511.0, 3220967.0, 3663722.0]
[168.04301075268816, 273.6236559139785, 242.30107526881721, 62.0, 54.913978494623656, 78.36559139784946, 107.23774015045248, 171.36427726125308, 219.76260833128634, 44.376354847657524, 40.88522001312053, 51.97821135199795, 2.0, 10.0, 3.0, 0.0, 0.0, 1.0, 524.0, 718.0, 1003.0, 163.0, 159.0, 167.0, 9744.555214782657, 3.4696789753666315, 24885.185548761456, 3.4259398239049483, 70605.04018595566, 2.747402114647007, 3426278.1, 8988028.709999999, 9209983.44, 4743547.0, 5577535.0, 3809654.0]
[184.2688172043011, 254.752688172043, 218.29032258064515, 63.913978494623656, 45.634408602150536, 88.78494623655914, 150.38422816998278, 165.2963515151406, 222.32025375888847, 37.292806135155814, 31.888659885075327, 54.894335152095216, 2.0, 7.0, 2.0, 0.0, 2.0, 0.0, 980.0, 701.0, 1092.0, 128.0, 135.0, 194.0, 37735.39355854353, 3.433128364110163, 25679.576133568982, 3.284583872765772, 93505.19099304944, 2.9342229760077614, 4871742.6899999995, 7950854.579999999, 8350219.829999998, 4574574.0, 4893692.0, 4585839.0]
[209.41666666666666, 256.6145833333333, 284.7083333333333, 60.489583333333336, 54.927083333333336, 71.13541666666667, 200.59777333426877, 172.38050749442377, 280.3556732238032, 41.34323461275876, 46.585573730765205, 46.80319822442787, 2.0, 5.0, 0.0, 0.0, 1.0, 0.0, 1157.0, 1101.0, 1212.0, 140.0, 185.0, 164.0, 60565.911741755066, 3.191555830279316, 20200.318108181895, 3.5742070037859746, 88307.58947934583, 2.8895932172809338, 7711547.52, 8778843.839999998, 14638638.720000003, 5835261.0, 6993405.0, 6318052.0]
[212.36559139784947, 248.2688172043011, 297.48387096774195, 66.54838709677419, 59.1505376344086, 69.87096774193549, 186.78956917077875, 207.12924655377284, 288.2772145945946, 51.50000340418568, 57.18447384230138, 53.49202008882942, 2.0, 4.0, 1.0, 0.0, 0.0, 0.0, 885.0, 1297.0, 1451.0, 169.0, 224.0, 193.0, 28441.34957212645, 3.2454529878032097, 29711.812296558397, 3.43172546536604, 58722.00102766467, 2.73680248806458, 6885842.760000001, 9001759.23, 14764432.62, 4964116.0, 5943309.0, 6608484.0]
[234.22935779816513, 281.8256880733945, 309.22935779816515, 85.11926605504587, 59.04587155963303, 77.81651376146789, 195.93269975642917, 298.5720908056997, 282.1791075890788, 60.12405766885207, 50.56960463908849, 59.975483438314455, 2.0, 1.0, 3.0, 1.0, 0.0, 0.0, 1139.0, 2568.0, 1298.0, 235.0, 209.0, 199.0, 28851.805603783552, 3.58955992396722, 34453.77664357554, 3.4031993651993746, 89181.59901926032, 3.181353623705852, 11037546.010000004, 19930753.549999997, 20734405.099999998, 10889676.0, 7836461.0, 8519440.0]
[232.0420168067227, 240.1764705882353, 225.67226890756302, 69.87394957983193, 47.81512605042017, 70.73109243697479, 189.3423227088423, 211.52439643958945, 218.0888525677091, 52.31432940779483, 35.437212650687954, 55.940903666581534, 2.0, 3.0, 1.0, 0.0, 0.0, 0.0, 1140.0, 1402.0, 979.0, 174.0, 144.0, 184.0, 28200.537932922685, 3.713669208530319, 29874.86374420604, 3.537235180108652, 35015.74418417475, 3.2461252445106785, 12658907.030000001, 14451487.330000002, 13890671.270000001, 7916797.0, 6911704.0, 7156933.0]
[234.90526315789472, 226.46315789473684, 223.89473684210526, 79.77894736842106, 59.67368421052632, 66.21052631578948, 188.6201334938519, 213.94475378184126, 201.02585171343227, 56.46410626896099, 54.18318851021282, 47.61791517343788, 4.0, 1.0, 1.0, 1.0, 0.0, 0.0, 825.0, 1429.0, 804.0, 182.0, 225.0, 160.0, 24567.279388416373, 3.2813550072369604, 35524.266957106935, 3.3208502243876787, 42865.79581092349, 2.9628795052494006, 8157114.199999999, 8715993.500000002, 8132866.4, 5819830.0, 4457967.0, 5046260.0]
[209.85714285714286, 237.69387755102042, 223.81632653061226, 97.53061224489795, 53.57142857142857, 77.1938775510204, 165.35846721717144, 192.67917933107404, 203.50117641640634, 60.44085531636585, 41.8495094750102, 52.14287630883099, 2.0, 1.0, 1.0, 1.0, 0.0, 1.0, 787.0, 1020.0, 911.0, 208.0, 180.0, 203.0, 36742.9332190058, 3.36163574944355, 61400.45514716241, 3.0895565062420975, 52881.15352723753, 2.906973956573276, 6828869.320000001, 8955232.159999998, 8747697.559999999, 5447715.0, 5372824.0, 5572087.0]
[114.49473684210527, 70.0421052631579, 66.41052631578947, 107.48421052631579, 61.23157894736842, 73.05263157894737, 1298.1686189666875, 1309.4661159597006, 1403.9980185378577, 68.29424186155498, 47.99278594538508, 50.718742270182574, -12255.0, -12465.0, -13361.0, 1.0, 0.0, 2.0, 932.0, 887.0, 903.0, 227.0, 230.0, 194.0, 193411.5601580232, 3.591391987440547, 170926.68754835357, 3.7082107287048496, 193142.26692543467, 3.65071365241854, 151675180.75, 153565601.90000004, 176427126.75, 157760914.0, 170602643.0, 168712092.0]
[266.53465346534654, 215.1089108910891, 218.15841584158414, 115.48514851485149, 46.12871287128713, 84.62376237623762, 157.83235183931308, 178.02336369084247, 228.3116612297001, 76.18275577338825, 41.08908939519995, 55.85353193579588, 8.0, 1.0, 2.0, 1.0, 0.0, 1.0, 807.0, 886.0, 963.0, 247.0, 216.0, 197.0, 26800.837780207843, 3.625629532100721, 39877.01799472231, 3.5724478046724357, 73707.24159587477, 2.927212184212397, 9762880.179999996, 7921114.879999997, 10119719.24, 6139329.0, 5021136.0, 5920766.0]
[221.2596153846154, 140.91346153846155, 106.36538461538461, 3.75, 62.44230769230769, 73.97115384615384, 362.2489353590741, 689.3670955582279, 1227.2683698383478, 1078.509766081875, 50.576065355619185, 55.082542955654645, -3045.0, -6645.0, -11955.0, -10868.0, 0.0, 3.0, 711.0, 841.0, 2125.0, 248.0, 238.0, 195.0, 198342.2214419158, 3.781654765030663, 760421.3352299617, 3.9159304874567695, 2503525.911031461, 3.8889343145666504, 19351807.279999997, 53054005.67999999, 162566499.68, 26111848.0, 84088919.0, 42558512.0]
[315.4387755102041, 171.6530612244898, 294.7040816326531, 127.65306122448979, 67.73469387755102, 76.74489795918367, 198.3642419933037, 153.02833792153382, 245.80380279341614, 78.88986215830927, 52.951358932438374, 57.53158007268342, 21.0, 2.0, 11.0, 1.0, 0.0, 0.0, 862.0, 805.0, 1147.0, 281.0, 228.0, 208.0, 36844.07492033114, 3.4451794936230846, 21323.764802744146, 3.5498377944656734, 45482.70126818352, 2.872922842435258, 13296591.98, 5055880.760000001, 14084600.179999998, 5312926.0, 5119428.0, 8604502.0]
[323.3942307692308, 145.10576923076923, 244.93269230769232, 26.673076923076923, 15.884615384615385, 15.173076923076923, 210.3662741191686, 124.68849872368199, 580.1228906371691, 1029.9070600194073, 403.5966290546994, 672.0603365525596, 1.0, 1.0, 1.0, -10348.0, -4042.0, -6750.0, 912.0, 570.0, 5854.0, 290.0, 157.0, 194.0, 39300.05495636128, 3.4656798529063546, 14014.220639000281, 3.3965926262306594, 39826.308208602255, 2.7049558761329293, 16052272.080000004, 3942801.200000001, 42539177.199999996, 4728617.0, 2715236.0, 5590606.0]
[264.95959595959596, 150.04040404040404, 164.36363636363637, 124.53535353535354, 58.61616161616162, 74.95959595959596, 171.2241590330342, 140.63049856402307, 128.5639247449517, 88.2456350462768, 36.628779548859114, 57.30012629396617, 5.0, 0.0, 1.0, 0.0, 1.0, 0.0, 779.0, 616.0, 613.0, 316.0, 164.0, 202.0, 29786.853389038846, 3.091233343703072, 15233.811090127794, 3.086706707146192, 12246.663149178023, 3.3092095325924498, 9725058.089999998, 4125171.5999999996, 4251392.64, 3643696.0, 2448227.0, 4149783.0]
[293.97872340425533, 175.43617021276594, 247.58510638297872, 134.32978723404256, 66.7127659574468, 74.6063829787234, 231.5149257235079, 165.43202213134356, 269.88418103631875, 90.71654877396747, 54.95053931274778, 57.887770187787645, 0.0, 2.0, 2.0, 0.0, 0.0, 1.0, 1146.0, 853.0, 1310.0, 424.0, 221.0, 202.0, 36647.119688524836, 3.130731325797707, 38022.45660805603, 3.471830290016487, 91233.3011072606, 3.0296535885909663, 12322018.200000001, 5112019.859999999, 11783777.019999998, 4403287.0, 4681294.0, 6476055.0]
[163.11111111111111, 295.45454545454544, 204.54545454545453, 43.43434343434343, 66.44444444444444, 77.75757575757575, 177.65001644996042, 201.37254908513816, 204.58341309304984, 29.94319847684456, 43.47958052813406, 52.577268873785606, 1.0, 2.0, 1.0, 0.0, 0.0, 6.0, 896.0, 997.0, 992.0, 119.0, 182.0, 176.0, 45694.71042573725, 3.280659858743671, 44822.954967110905, 3.214037306447951, 73333.79980397508, 2.6680847912059367, 5669484.48, 12489873.659999998, 8161336.26, 5433630.0, 5642409.0, 4099529.0]
[177.15929203539824, 300.05309734513276, 260.8938053097345, 38.982300884955755, 48.690265486725664, 92.69911504424779, 133.1924337171384, 208.49275598532557, 215.35354498192777, 27.56614846305576, 33.099708578242826, 62.65578940240425, 1.0, 2.0, 1.0, 0.0, 0.0, 4.0, 833.0, 992.0, 1158.0, 121.0, 155.0, 261.0, 17277.12486189027, 3.5667994670084227, 43150.389952411904, 3.243486043156384, 34125.02695820586, 3.291030244119277, 6252806.409999998, 16997634.02, 14560785.629999999, 7157062.0, 9436607.0, 6073795.0]
[165.5, 287.1489361702128, 209.98936170212767, 46.851063829787236, 51.808510638297875, 80.75531914893617, 119.01194934132246, 186.98473041256133, 192.06195767130572, 34.52720836001178, 38.48537680555404, 50.78347165080191, 1.0, 1.0, 0.0, 2.0, 1.0, 1.0, 470.0, 939.0, 1158.0, 130.0, 166.0, 178.0, 14815.854915422586, 3.435542309150581, 28731.04714595995, 3.4625738776321118, 31497.359745461385, 3.0489922176813784, 3658405.740000001, 10342171.399999997, 7121012.300000001, 4414618.0, 5735625.0, 3663737.0]
[218.13978494623655, 244.91397849462365, 260.2258064516129, 41.01075268817204, 57.0, 49.29032258064516, 196.9389991297156, 224.34642543803906, 257.1753389789972, 36.58596031018739, 42.72027316310647, 46.223836464572116, 3.0, 4.0, 4.0, 0.0, 1.0, 1.0, 1152.0, 892.0, 1224.0, 124.0, 168.0, 162.0, 35433.874124928654, 3.491464275949224, 39687.23268075653, 3.1877857822097044, 52481.38089348631, 2.96122626052774, 7434065.669999998, 9494264.91, 11515750.110000001, 5398506.0, 7501411.0, 5004051.0]
[161.9626168224299, 258.76635514018693, 195.82242990654206, 56.78504672897196, 55.149532710280376, 73.04672897196262, 134.6322682194645, 206.55971677264043, 159.61863826268004, 44.80945571483836, 40.335340499068636, 57.43747760425295, 5.0, 4.0, 4.0, 0.0, 3.0, 1.0, 754.0, 1158.0, 745.0, 141.0, 175.0, 213.0, 22912.436618315045, 3.442364019821605, 66590.15145230107, 3.5743357793026425, 20256.582014601805, 3.468800639896838, 5059122.639999998, 12505535.119999995, 7280009.289999998, 4949409.0, 5273293.0, 3238500.0]
[191.04040404040404, 265.55555555555554, 209.42424242424244, 60.75757575757576, 57.4040404040404, 79.78787878787878, 143.33206195233694, 190.07931868641114, 187.2459961648776, 40.006400230078214, 39.570634131251566, 48.13019603060371, 1.0, 3.0, 0.0, 1.0, 0.0, 0.0, 839.0, 924.0, 802.0, 157.0, 138.0, 176.0, 14878.2849999692, 3.544838359673168, 31887.137337014774, 3.5398333133595594, 42165.49509652689, 3.1094728122965276, 5570202.330000001, 10416987.899999997, 7700197.229999998, 5360978.0, 5151005.0, 4634553.0]
[179.8736842105263, 252.58947368421053, 207.83157894736843, 58.54736842105263, 40.07368421052632, 76.28421052631579, 133.96262118434404, 210.4583900218072, 162.7205967577016, 36.102327508233564, 22.410219033585072, 54.590284997657044, 1.0, 2.0, 2.0, 0.0, 2.0, 0.0, 864.0, 1561.0, 664.0, 144.0, 90.0, 181.0, 12188.308328923364, 3.4498679473974105, 22778.472201457716, 3.264584549300856, 27660.83434989232, 3.296152526919214, 4522573.800000001, 9713421.299999999, 6262740.099999999, 5326319.0, 5386842.0, 3807437.0]
[194.24761904761905, 238.25714285714287, 225.6952380952381, 71.01904761904763, 52.32380952380952, 84.24761904761905, 146.93580367946544, 158.73042148024652, 216.1085964460356, 49.39187510114721, 34.906329390267196, 53.79462029014772, 6.0, 5.0, 3.0, 0.0, 0.0, 1.0, 1007.0, 708.0, 773.0, 148.0, 162.0, 170.0, 14695.7936762858, 3.534815947959393, 25994.909373523064, 3.4197515862262233, 41933.67632434107, 3.0568727278845724, 6517610.399999999, 9009834.75, 10715911.5, 5147504.0, 6388752.0, 4702098.0]
[194.80645161290323, 221.40860215053763, 206.7311827956989, 85.82795698924731, 52.16129032258065, 81.61290322580645, 146.57527062204002, 168.2699847010323, 176.1754399668093, 60.99779462440924, 35.65910162569653, 53.878492978275645, 1.0, 0.0, 1.0, 0.0, 0.0, 1.0, 676.0, 774.0, 836.0, 200.0, 140.0, 172.0, 22983.083374646387, 3.4848334948148576, 33099.808352089494, 3.1038310614706552, 51054.25565257282, 3.3246686442362847, 5120454.449999998, 6662506.049999998, 6351983.699999999, 4262510.0, 3949657.0, 4281152.0]
[235.52727272727273, 239.45454545454547, 200.65454545454546, 68.9090909090909, 46.46363636363636, 69.66363636363636, 184.1615121357521, 199.9769544687558, 169.26134379144304, 63.18395241833696, 36.362768859543834, 62.40946136115494, 1.0, 4.0, 3.0, 0.0, 0.0, 0.0, 759.0, 1446.0, 744.0, 207.0, 178.0, 200.0, 34975.04878364813, 3.6554447782668986, 26167.730510284044, 3.4203123764775363, 29518.58910243371, 3.480433540125224, 10778708.6, 11732850.8, 8306795.199999997, 6688604.0, 5331985.0, 5354260.0]
[264.9148936170213, 286.6170212765957, 235.27659574468086, 79.40425531914893, 58.808510638297875, 73.98936170212765, 173.49913448852743, 445.7353500540495, 261.367018522005, 58.46997559614406, 45.89311485731098, 54.08446096493673, 3.0, 17.0, 3.0, 0.0, 0.0, 3.0, 789.0, 4203.0, 984.0, 191.0, 192.0, 192.0, 22923.770187198075, 3.2289969506772787, 62018.36033453061, 3.438870887201838, 84154.9292757341, 2.8595479528199728, 8832608.48, 24627319.439999998, 10863072.4, 10041132.0, 8160340.0, 6221217.0]
[244.58653846153845, 228.75, 232.1153846153846, 94.79807692307692, 51.85576923076923, 88.67307692307692, 195.19920671576648, 154.49194845014523, 170.46528603090485, 65.15662679791939, 38.48702171095132, 61.2690140580417, 1.0, 0.0, 2.0, 1.0, 0.0, 0.0, 954.0, 649.0, 756.0, 213.0, 176.0, 227.0, 27541.538894055466, 3.435327465940095, 21031.794790151256, 3.3260235730065153, 40248.63226618282, 3.3546699831938547, 10551974.16, 8216355.680000001, 8940133.279999997, 7333535.0, 5409987.0, 5635545.0]
[153.32258064516128, 67.87096774193549, 66.23655913978494, -14.623655913978494, 58.01075268817204, 72.55913978494624, 1083.6266319260312, 1016.8866512205649, 1343.1421417693389, 1134.1016164307487, 43.813213865338746, 53.35432470258974, -10035.0, -9495.0, -12675.0, -10813.0, 0.0, 0.0, 1232.0, 1029.0, 649.0, 244.0, 233.0, 176.0, 1314135.1478932353, 3.8208453618482054, 1165122.3844998467, 3.8144829197905543, 2067160.9505239632, 3.818157139039161, 102501736.52999997, 88872455.39999998, 154732332.35999995, 100619704.0, 123714337.0, 132118266.0]
[250.83035714285714, 204.66964285714286, 221.76785714285714, 93.47321428571429, 52.973214285714285, 77.33035714285714, 181.27828829973078, 172.6830345502792, 226.04009777996427, 58.71475708444343, 38.44745093330614, 56.95302132204347, 16.0, 1.0, 0.0, 2.0, 0.0, 1.0, 794.0, 1044.0, 1335.0, 201.0, 175.0, 199.0, 32652.73869658968, 3.385571919584748, 27778.870886654884, 3.555334788706476, 62220.49733333105, 3.3936986798466293, 11977547.679999998, 8961790.880000003, 12521284.16, 6090589.0, 4821676.0, 5586096.0]
[261.8448275862069, 214.63793103448276, 259.80172413793105, 90.62931034482759, 49.78448275862069, 74.8103448275862, 197.0030060882222, 182.44414971743254, 269.1908719890385, 73.22859149057936, 42.34471498966809, 57.933382100643755, 7.0, 2.0, 3.0, 1.0, 0.0, 0.0, 967.0, 837.0, 1293.0, 264.0, 176.0, 207.0, 49941.12872490021, 3.5028492098809245, 42878.55429814186, 3.4692207736220997, 56227.29379753531, 3.2830032136081124, 14403077.359999998, 10639438.799999997, 18749048.679999992, 7634141.0, 6577689.0, 7891605.0]
[187.70212765957447, 183.3404255319149, 180.20212765957447, 79.6063829787234, 47.755319148936174, 61.202127659574465, 134.18217673955127, 140.59509108971997, 152.1617404745411, 60.19649153587021, 38.63829683300124, 43.71549755644082, 4.0, 1.0, 3.0, 1.0, 1.0, 0.0, 612.0, 628.0, 773.0, 219.0, 180.0, 147.0, 21564.958812838875, 3.352595639341353, 28769.44741818273, 3.1723991253053594, 20525.434210637282, 3.219566248798563, 4687091.92, 4698136.920000002, 4893349.539999999, 3187925.0, 2877947.0, 3062862.0]
[208.75, 180.07142857142858, 175.85714285714286, 92.27678571428571, 45.13392857142857, 74.22321428571429, 148.76291676827734, 126.97092767092975, 183.5399584420688, 62.544284825634264, 35.78552113866757, 52.06453199902975, 2.0, 1.0, 2.0, 2.0, 1.0, 1.0, 724.0, 648.0, 817.0, 194.0, 190.0, 186.0, 24518.438313108036, 3.473682900079935, 20245.030476506385, 3.738061974122371, 46636.244958906165, 3.3031012784408844, 8217496.000000001, 6071721.600000001, 8067281.600000001, 4270601.0, 3731813.0, 3359329.0]
[253.23232323232324, 191.1919191919192, 212.63636363636363, 107.1010101010101, 52.05050505050505, 69.20202020202021, 224.82300649771133, 169.66176897699015, 174.97792598656636, 67.13822095688118, 40.64991747296233, 46.01596435443873, 8.0, 1.0, 3.0, 0.0, 0.0, 1.0, 1588.0, 876.0, 888.0, 278.0, 183.0, 180.0, 60589.81861009934, 3.57537004826072, 27087.78518334967, 3.337988370674115, 27415.6775233384, 2.796853991351604, 11188962.180000002, 6375423.779999999, 7401933.990000002, 6391858.0, 4073343.0, 5475529.0]
[243.53719008264463, 190.5702479338843, 225.21487603305786, 111.51239669421487, 49.35537190082645, 65.01652892561984, 206.54039319716267, 180.1303151631378, 173.36989389796847, 81.58575403652276, 38.07358215879094, 53.699624994201834, 2.0, 0.0, 0.0, 3.0, 1.0, 0.0, 1396.0, 1330.0, 714.0, 280.0, 156.0, 199.0, 31031.5507264292, 3.661218414346429, 22128.30907294716, 3.280166465546464, 28551.064567353325, 3.4261763538361367, 14877707.46, 10028469.109999998, 11790463.85, 6363401.0, 6168403.0, 6668548.0]
[266.8211382113821, 185.8617886178862, 200.5528455284553, 129.08130081300814, 43.91056910569106, 69.52845528455285, 267.7425675912092, 164.319926113926, 154.46338646498089, 91.95228569315532, 33.149687368424516, 56.94004975083077, 2.0, 3.0, 1.0, 0.0, 0.0, 0.0, 2536.0, 1107.0, 822.0, 328.0, 147.0, 199.0, 43606.30184718959, 3.667520961630136, 21001.699613992816, 3.599324677076101, 23560.416680591126, 3.3538548979935108, 21528081.15, 9278028.989999998, 9665374.44, 8068350.0, 5058309.0, 7269581.0]
[242.20212765957447, 182.20212765957447, 223.18085106382978, 118.8936170212766, 46.723404255319146, 66.0, 204.9239869452376, 165.17423708791551, 229.40961922468793, 85.13360380281044, 35.52143204493581, 52.198545688965424, 4.0, 2.0, 5.0, 3.0, 0.0, 0.0, 1572.0, 751.0, 1122.0, 313.0, 176.0, 207.0, 58423.931598938136, 3.640226560379017, 36264.65421100313, 3.3867288787915326, 90480.75981818119, 3.190770950059993, 8854464.419999996, 5318379.9399999995, 9001991.780000003, 4163483.0, 4088924.0, 6677709.0]
[236.04, 218.88, 228.69, 126.9, 58.22, 73.72, 182.93521069802642, 180.13599127752164, 187.60277694957483, 84.22342820489949, 42.62819761992327, 58.32148451090349, 4.0, 2.0, 0.0, 1.0, 1.0, 0.0, 796.0, 856.0, 816.0, 310.0, 188.0, 217.0, 31940.556256547985, 3.0811595558205536, 30071.01157852297, 3.1304127065940617, 39166.307200497504, 3.0393292736068123, 8884552.000000002, 8003293.999999999, 8714196.999999998, 5083494.0, 5959277.0, 5504292.0]
[253.24242424242425, 171.58585858585857, 180.46464646464648, 109.12121212121212, 49.25252525252525, 70.6969696969697, 218.26743990956444, 155.96212322103227, 210.1150954339323, 70.59561076823587, 31.53208389857227, 52.34665740755536, 2.0, 1.0, 2.0, 0.0, 2.0, 0.0, 1389.0, 852.0, 1096.0, 288.0, 152.0, 179.0, 49596.95360090592, 3.4651796616267765, 36907.67828597177, 3.237584254318469, 73700.0618740177, 2.811189272323404, 10907648.729999999, 5245514.01, 7475212.799999999, 4694801.0, 4181802.0, 5736130.0]
[252.23711340206185, 154.4742268041237, 179.7422680412371, 109.70103092783505, 44.824742268041234, 82.88659793814433, 172.72001507713986, 139.50844454604302, 150.68035140312446, 72.05975022918678, 32.27551003640323, 56.76135647909658, 0.0, 0.0, 0.0, 1.0, 0.0, 0.0, 825.0, 884.0, 584.0, 256.0, 126.0, 205.0, 24416.64774261033, 3.119860298164809, 10794.238191293805, 3.3759472091097664, 19556.408562466313, 2.746834970352547, 8764315.69, 4057560.4399999995, 5154041.649999999, 3723687.0, 2499054.0, 3636511.0]
[248.08602150537635, 126.53763440860214, 175.21505376344086, 124.54838709677419, 47.55913978494624, 83.0, 200.35444982167817, 109.30020079735971, 175.37288530829323, 65.74961003835958, 35.64817891732413, 53.12004452591115, 1.0, 0.0, 0.0, 5.0, 0.0, 0.0, 968.0, 558.0, 916.0, 265.0, 186.0, 182.0, 27059.84377405563, 2.9440144901799905, 12183.393087930472, 3.421678951353396, 46053.26145779243, 2.9881216303460048, 8757713.280000001, 2407003.6800000006, 5286723.569999999, 3320103.0, 2051190.0, 3699931.0]
[270.1530612244898, 170.27551020408163, 188.83673469387756, 126.87755102040816, 48.69387755102041, 67.20408163265306, 197.70859281008669, 147.58550068561482, 198.83867438319177, 67.29673715013286, 37.350501497693195, 45.60180842490935, 1.0, 2.0, 2.0, 8.0, 1.0, 0.0, 1148.0, 645.0, 840.0, 319.0, 172.0, 150.0, 33982.90657363815, 3.0933451566825556, 27483.79930175544, 3.399297166498802, 67204.9945383328, 2.988245513456401, 10725026.9, 4855107.18, 7183090.32, 4227548.0, 3224501.0, 4508931.0]
[292.6306306306306, 216.018018018018, 310.3693693693694, 131.02702702702703, 68.31531531531532, 65.86486486486487, 237.42213758803413, 192.86782954240886, 275.38039568197723, 76.92882890987434, 56.072190803379364, 45.77265688089471, 4.0, 6.0, 3.0, 0.0, 0.0, 1.0, 1704.0, 1100.0, 1233.0, 291.0, 225.0, 162.0, 42103.16533203445, 3.658028856357226, 49039.4345218132, 3.696331252059442, 82087.3790333072, 3.189659745691539, 17433491.279999994, 10291320.6, 21128089.649999995, 8953885.0, 8523521.0, 11300556.0]
[307.8534482758621, 196.93965517241378, 214.75862068965517, 106.72413793103448, 63.491379310344826, 74.1896551724138, 235.1521710578565, 166.76248607411438, 223.48888196019976, 71.79082976523401, 46.695218205918586, 55.847293935159115, 3.0, 2.0, 1.0, 0.0, 0.0, 0.0, 990.0, 851.0, 1471.0, 284.0, 241.0, 198.0, 50825.12758950921, 3.714045523719429, 17543.620629784855, 3.682343076408345, 28039.120940174005, 3.4232120776126713, 20129314.12, 8928757.799999999, 12869044.64, 8074434.0, 5752168.0, 8374391.0]
[286.25252525252523, 213.8080808080808, 301.47474747474746, 96.29292929292929, 53.64646464646464, 73.58585858585859, 231.89891989761506, 187.02786416694852, 325.23769466233813, 79.41614143814543, 43.88210390918132, 53.34236936440272, 17.0, 2.0, 0.0, 2.0, 1.0, 0.0, 980.0, 854.0, 1466.0, 321.0, 188.0, 188.0, 45074.418590963396, 3.4744071757545263, 42989.13852014047, 3.105291013075205, 90296.14493260946, 3.084420384131856, 13248444.329999998, 7874122.409999999, 19170569.880000003, 6240356.0, 8460388.0, 8851004.0]
[270.8019801980198, 152.05940594059405, 232.62376237623764, 100.85148514851485, 53.693069306930695, 73.11881188118812, 224.03290025360025, 117.26447217995552, 188.65883766657467, 87.75219497409896, 42.56424381432317, 55.15093600814275, 10.0, 2.0, 2.0, 1.0, 0.0, 1.0, 1179.0, 553.0, 729.0, 510.0, 192.0, 218.0, 34841.30218102433, 3.3698832470000695, 13595.94513295543, 3.208697223518701, 30721.835711416596, 2.995510200031144, 12550036.789999995, 3747528.24, 9114958.11, 5070006.0, 3588834.0, 6531742.0]
[232.2421052631579, 194.41052631578947, 235.29473684210527, 78.02105263157895, 53.863157894736844, 64.02105263157895, 180.16928893785362, 150.88021843021647, 220.89165890092926, 65.4244698427074, 44.099165458962275, 51.32001785777878, 5.0, 7.0, 3.0, 1.0, 0.0, 1.0, 885.0, 767.0, 1208.0, 337.0, 193.0, 189.0, 44133.64863210992, 3.3795447771240883, 20948.4669835376, 3.3445728769702465, 34049.458185177406, 2.8118832782707575, 7766524.55, 5443939.850000001, 9353792.149999999, 4558363.0, 4748516.0, 4949535.0]
[286.47169811320754, 183.19811320754718, 231.16037735849056, 71.78301886792453, 48.594339622641506, 69.93396226415095, 366.72873606801164, 142.06312613035772, 173.25264441285367, 65.74771474818851, 36.32204585749589, 55.33745289333773, 4.0, 0.0, 3.0, 0.0, 1.0, 0.0, 3309.0, 760.0, 695.0, 336.0, 154.0, 196.0, 220332.44958792065, 3.7539681293878138, 20492.687553023123, 3.462677613303441, 31766.383817843005, 2.962362697616336, 24189672.76, 6017224.619999998, 9344804.180000002, 7615546.0, 4812888.0, 8901534.0]
[244.1443298969072, 180.82474226804123, 178.76288659793815, 69.3917525773196, 43.90721649484536, 73.49484536082474, 187.92856520113352, 124.38641156269159, 163.57145311732756, 58.24115753718737, 34.92255791814786, 45.91117413716318, 1.0, 0.0, 2.0, 0.0, 1.0, 4.0, 870.0, 581.0, 731.0, 279.0, 187.0, 180.0, 31062.579131541646, 3.142683977541232, 12030.367368025138, 3.24734177947652, 26850.62620287623, 3.297300549172601, 8897103.84, 4517266.720000001, 5498239.36, 4381879.0, 2926072.0, 4807240.0]
[236.83168316831683, 157.46534653465346, 206.8118811881188, 67.99009900990099, 58.31683168316832, 69.87128712871286, 231.90593219264272, 117.67816826892198, 174.93157021368597, 54.98317834565495, 41.016321310685406, 55.433863903995835, 2.0, 2.0, 4.0, 0.0, 0.0, 0.0, 1869.0, 494.0, 707.0, 270.0, 155.0, 210.0, 22434.342457723076, 3.1881998093899675, 15399.354905417527, 3.4186190011830044, 34465.184380372564, 3.0181868738273505, 11153480.499999998, 3928035.4399999995, 7453791.919999999, 4044183.0, 2984837.0, 4477112.0]
[230.36170212765958, 160.70212765957447, 193.51063829787233, 61.12765957446808, 43.92553191489362, 73.8936170212766, 145.9490890071529, 117.75670469574433, 174.99897048427437, 49.90899977939489, 31.994367569396296, 50.38314876275201, 2.0, 5.0, 5.0, 0.0, 0.0, 0.0, 566.0, 564.0, 892.0, 168.0, 156.0, 165.0, 25506.809224927874, 3.298831089448986, 14130.012794878994, 3.4411455951039596, 41842.70031237915, 3.1286585359316312, 6551102.52, 3494134.1599999988, 5985966.999999999, 3370304.0, 2793132.0, 4214152.0]
[221.7263157894737, 178.44210526315788, 217.98947368421054, 60.71578947368421, 48.526315789473685, 71.61052631578947, 166.52336377544955, 127.07609680226821, 214.4247373162068, 48.90952636569802, 41.84211512321434, 51.24270466744449, 6.0, 1.0, 6.0, 0.0, 3.0, 1.0, 881.0, 547.0, 1009.0, 176.0, 195.0, 167.0, 24853.806969123198, 3.3400979497869008, 14886.21154644437, 3.398725693890351, 42832.89472907741, 3.104101085070862, 6913212.700000001, 4315749.300000001, 8394459.35, 4078534.0, 3241118.0, 4524478.0]
[211.43, 151.86, 195.86, 52.78, 45.21, 66.76, 143.90915028362005, 104.78366554791145, 175.22966286412455, 38.488770499269705, 37.52475142751741, 47.11990293416628, 2.0, 0.0, 2.0, 0.0, 0.0, 0.0, 752.0, 527.0, 901.0, 148.0, 166.0, 167.0, 21674.64999448604, 3.3537502636596526, 10938.234000510609, 3.4022884714956727, 21409.167580374466, 3.280566850797455, 6520538.999999999, 3393128.0, 6875951.999999999, 3378416.0, 2978515.0, 3837592.0]
[201.16831683168317, 184.8118811881188, 198.2970297029703, 52.02970297029703, 56.94059405940594, 70.4059405940594, 150.94065517990379, 139.78874867966212, 167.93960489142847, 44.08252611762274, 45.65562873998741, 51.366950117331626, 2.0, 4.0, 1.0, 0.0, 0.0, 1.0, 593.0, 738.0, 737.0, 214.0, 185.0, 188.0, 19243.306656481505, 3.35856877301069, 17758.923434286033, 3.6156733132520316, 30099.38488105721, 2.9087356382754175, 6429302.459999998, 5457825.879999999, 6859782.639999997, 4105405.0, 3934039.0, 3383209.0]
[236.78504672897196, 191.44859813084113, 228.94392523364485, 52.39252336448598, 56.05607476635514, 75.8411214953271, 196.46369043943642, 129.19381619970298, 190.03449695648365, 39.01275964694981, 41.87421230477417, 52.727879119743015, 3.0, 1.0, 1.0, 0.0, 1.0, 0.0, 926.0, 620.0, 831.0, 179.0, 183.0, 184.0, 48238.19347231548, 3.301171682784526, 14069.086389527916, 3.5462661628529273, 33158.64210082403, 3.456210710718621, 10796912.04, 6089450.25, 10096979.030000001, 5159265.0, 4554268.0, 5592370.0]
[244.37623762376236, 172.78217821782178, 192.01980198019803, 36.78217821782178, 42.04950495049505, 71.29702970297029, 169.81689265118166, 114.3020213259937, 170.3448255861046, 30.946277307746094, 34.08383084033359, 51.57219106348991, 9.0, 1.0, 0.0, 0.0, 0.0, 0.0, 829.0, 441.0, 749.0, 128.0, 169.0, 184.0, 27182.36764813696, 3.1300500788607946, 13170.78350350779, 3.387179242754611, 24775.208350075885, 2.920602327934655, 9004626.72, 4364934.17, 6692025.68, 4355841.0, 3310172.0, 4616688.0]
[241.37894736842105, 210.16842105263157, 262.86315789473684, 46.38947368421053, 159.6, 78.2, 204.39808774906854, 188.59647639087763, 190.47279419997793, 40.94009498498531, 965.8351077275814, 73.79278059597094, 7.0, 3.0, 8.0, 0.0, 2.0, 1.0, 1185.0, 815.0, 900.0, 160.0, 9465.0, 459.0, 27092.953269858048, 3.214344102482147, 35365.67561905236, 3.530204360499842, 34053.69002911882, 3.2782150865723563, 8989134.650000002, 7162690.299999999, 9475801.600000003, 5755380.0, 6078724.0, 5953772.0]
[229.21052631578948, 221.89473684210526, 223.67368421052632, 30.63157894736842, 42.31578947368421, 72.49473684210527, 168.14968602199207, 161.25409271957406, 202.84835768377715, 29.722136113341143, 35.29669478767, 45.997658054215805, 0.0, 8.0, 1.0, 0.0, 0.0, 0.0, 742.0, 1094.0, 866.0, 145.0, 165.0, 159.0, 32953.61581146307, 3.5367488763271338, 31387.356744086945, 3.5886249158051062, 53734.92486235702, 2.955508868321925, 7266402.75, 6765721.400000001, 8189667.849999999, 4875594.0, 4810990.0, 4530407.0]
[187.08602150537635, 252.80645161290323, 192.59139784946237, 42.215053763440864, 48.13978494623656, 76.09677419354838, 174.18497513662697, 201.36314038510213, 147.85210270072176, 32.48004386052858, 29.394835171095245, 49.42826697789016, 1.0, 11.0, 0.0, 0.0, 0.0, 2.0, 1186.0, 1278.0, 620.0, 119.0, 130.0, 198.0, 22454.81591156923, 3.0705878966772433, 18816.1760049724, 3.3768364266646187, 30952.947183435663, 3.115665282224111, 5623177.1099999985, 8996882.310000002, 5078401.709999999, 5736045.0, 4881118.0, 3970735.0]
[196.9278350515464, 231.72164948453607, 187.06185567010309, 32.11340206185567, 43.07216494845361, 68.0618556701031, 166.09355091224697, 187.71752616786796, 143.68236194474468, 28.120601985265992, 24.393581559620184, 50.017666552468754, 1.0, 0.0, 1.0, 0.0, 0.0, 0.0, 819.0, 1163.0, 639.0, 106.0, 105.0, 164.0, 22831.81588013624, 3.3677705392383293, 55217.77546295969, 3.413308098249665, 29559.70425317359, 3.423559222773352, 6217771.779999999, 8333505.71, 5214837.369999999, 4833378.0, 4400235.0, 3473676.0]
[187.25531914893617, 221.5744680851064, 181.8404255319149, 37.0, 54.148936170212764, 69.45744680851064, 149.35264872468733, 155.61079718749252, 160.52791290402536, 33.58603140259867, 38.93058544033296, 43.407215319555064, 10.0, 0.0, 1.0, 0.0, 0.0, 0.0, 658.0, 743.0, 738.0, 131.0, 164.0, 175.0, 16831.823885672144, 3.382358442205816, 27716.74102382326, 3.3528455913237014, 19531.954044670896, 2.9803778560487184, 5048313.24, 6454906.679999999, 5174450.900000001, 3930403.0, 4078514.0, 3338627.0]
[201.07142857142858, 222.33673469387756, 210.60204081632654, 40.46938775510204, 51.91836734693877, 67.74489795918367, 156.1373470186445, 167.11363772894495, 182.0489760655461, 31.03911867758306, 37.96625562758499, 46.72805978894229, 3.0, 5.0, 0.0, 1.0, 0.0, 0.0, 760.0, 1028.0, 960.0, 136.0, 188.0, 168.0, 23671.717560915105, 3.3500124711346664, 25231.39286180872, 3.569836844747988, 38076.791102630756, 2.9961207655527566, 6200325.739999999, 7402342.780000002, 7410145.54, 4938671.0, 4669272.0, 4182485.0]
[213.9247311827957, 244.1505376344086, 263.0, 38.763440860215056, 48.68817204301075, 88.06451612903226, 176.9632261331703, 185.18145896464105, 240.10188054964974, 29.299576287729593, 38.65566455329718, 59.01322741401008, 0.0, 0.0, 1.0, 0.0, 0.0, 1.0, 1052.0, 1017.0, 1118.0, 117.0, 183.0, 214.0, 55139.05658144755, 3.2439491961543534, 30584.935490967815, 3.2216999286906214, 83778.14496107811, 3.182568819706657, 6637505.79, 8089662.660000001, 10914867.809999999, 5631841.0, 5749680.0, 6044308.0]
[212.13541666666666, 251.78125, 258.28125, 33.8125, 58.625, 73.88541666666667, 220.52967910019524, 181.33616373000666, 246.5739006603134, 23.313566188403108, 40.722229801424184, 47.676954554732575, 6.0, 2.0, 4.0, 0.0, 1.0, 1.0, 1184.0, 951.0, 1221.0, 90.0, 175.0, 159.0, 32279.11529588748, 3.248735980217235, 39580.2272799558, 3.2860849575332, 53193.219517169804, 3.2029876877592414, 8582692.799999999, 8841284.159999998, 11692760.64, 5117654.0, 5793888.0, 7007100.0]
[171.51818181818183, 306.3454545454546, 219.70909090909092, 48.72727272727273, 59.95454545454545, 83.55454545454545, 159.9546800390306, 255.48451671657443, 210.8555027402966, 34.90193577631636, 39.41251753925799, 66.97727758795699, 1.0, 1.0, 13.0, 0.0, 1.0, 0.0, 689.0, 1216.0, 1198.0, 152.0, 175.0, 242.0, 19444.556382112703, 3.5633370198996097, 74217.0873490484, 3.4392293051688183, 62323.45666526372, 3.2259033430083477, 6627338.300000001, 19181705.4, 11171681.399999995, 5515149.0, 7089522.0, 4642345.0]
[189.92708333333334, 242.95833333333334, 198.21875, 28.864583333333332, 54.46875, 76.03125, 182.6994221055975, 194.23756028266365, 147.76519091023042, 21.743780619157175, 38.004972839436626, 51.459223126052365, 5.0, 0.0, 5.0, 0.0, 0.0, 6.0, 950.0, 994.0, 659.0, 85.0, 166.0, 204.0, 33391.05217972209, 3.4281565484228094, 37177.46257549997, 3.3482099888125916, 20676.20925127489, 3.246024476179136, 6368594.880000001, 8880904.32, 5612339.52, 4462621.0, 4090954.0, 3888466.0]
[162.13978494623655, 282.06451612903226, 212.247311827957, 42.87096774193548, 58.81720430107527, 82.47311827956989, 127.30181454680749, 204.17058119917516, 197.9837858926605, 37.78895220611316, 40.407421357898656, 59.74358095369443, 0.0, 0.0, 5.0, 0.0, 0.0, 2.0, 565.0, 998.0, 790.0, 166.0, 156.0, 205.0, 16536.232164526147, 3.4301868858872995, 46525.82723988503, 3.168320408095695, 43311.33078753083, 3.1903778120040993, 3660326.55, 10447800.42, 7250026.11, 4519706.0, 4925632.0, 3030064.0]
