[177.69892473118279, 168.98924731182797, 293.96774193548384, 31.978494623655912, 44.55913978494624, 45.12903225806452, 175.49103686675954, 123.56942201465539, 216.28973380192272, 27.152939825872828, 39.824468763506005, 38.776737145078535, 1.0, 2.0, 5.0, 0.0, 0.0, 0.0, 1013.0, 619.0, 1054.0, 115.0, 267.0, 162.0, 16403.01133977764, 3.268815511078388, 15266.97476897948, 2.9563229337606556, 37175.01849620418, 2.943742940586507, 5366086.9799999995, 3776376.5999999987, 11476812.87, 2859399.0, 5118501.0, 4956114.0]
[434.0967741935484, 556.7096774193549, 447.8709677419355, 148.5268817204301, 108.0752688172043, 229.6236559139785, 428.6228468954792, 528.4923301785027, 465.6973552082579, 145.68724627104532, 108.58088915834168, 725.2489364825692, 3.0, 1.0, 9.0, 2.0, 1.0, 0.0, 1813.0, 2511.0, 2254.0, 584.0, 389.0, 6695.0, 139611.01240156914, 3.372037650981182, 254408.44604266103, 3.3930280062125466, 178648.35595833903, 3.294956970000448, 32017049.549999993, 50702733.24000001, 35904632.76, 31069113.0, 30781223.0, 24449774.0]
[388.9462365591398, 311.494623655914, 366.86021505376345, 75.6236559139785, 63.193548387096776, 71.6989247311828, 265.120660208476, 198.9646911900349, 327.334146234788, 41.32267352626859, 45.794023263084405, 67.18303760853249, 3.0, 3.0, 5.0, 1.0, 0.0, 0.0, 1121.0, 873.0, 1592.0, 187.0, 177.0, 380.0, 64926.604558936684, 3.232739214389014, 21731.964971128462, 3.3750640524467577, 114314.09460352808, 3.532122577540112, 19098059.639999997, 11779088.910000004, 20807931.6, 11307620.0, 12207242.0, 12784248.0]
[406.8817204301075, 309.19354838709677, 449.06451612903226, 64.11827956989248, 321.73118279569894, 82.74193548387096, 351.25720940960815, 258.1536978178982, 361.1383814759034, 44.72861389933489, 1723.178024186359, 58.192129907485814, 1.0, 2.0, 5.0, 1.0, 0.0, 0.0, 2237.0, 1105.0, 1437.0, 212.0, 12700.0, 273.0, 79929.33791872003, 3.456095049742101, 51058.701791921434, 3.0556212284456903, 124134.05064848962, 3.383086056806745, 24875188.02, 13970503.710000003, 28600296.51, 13045819.0, 14947868.0, 16908146.0]
[412.3010752688172, 355.96774193548384, 549.763440860215, 121.61290322580645, 162.2258064516129, 133.41935483870967, 668.1300606420982, 406.87497950612124, 508.55552896434597, 602.8308767130741, 881.1960020956726, 509.8009697438337, -4038.0, 4.0, -1315.0, 1.0, 1.0, 0.0, 3187.0, 3165.0, 2207.0, 5852.0, 8555.0, 4952.0, 267815.0639011527, 3.4452391419595654, 97977.11010937943, 3.3951992860138223, 264160.6811316051, 3.2387357094097595, 52896417.23999999, 25123632.87000001, 48268997.63999999, 3236637.0, 16058744.0, 26542605.0]
[386.48936170212767, 382.1276595744681, 444.09574468085106, 63.797872340425535, 317.48936170212767, 81.51063829787235, 284.3058985874743, 244.37962861628944, 319.6440247562008, 45.34185082552987, 1690.6654396768947, 54.54833994711521, 0.0, 1.0, 9.0, 1.0, 1.0, 0.0, 1597.0, 1069.0, 1230.0, 199.0, 12022.0, 212.0, 86545.37121329353, 3.4414226170877926, 49134.61259134579, 3.336981017652565, 91839.62952130639, 3.4524198073957577, 20264833.960000005, 18123309.040000003, 26358352.939999998, 14737634.0, 16430860.0, 16886215.0]
[413.6595744680851, 375.3191489361702, 538.2978723404256, 47.48936170212766, 180.9787234042553, 80.63829787234043, 305.4297713549295, 240.5212177511897, 494.4540125563335, 34.88560250237605, 1094.444652011527, 55.196199624481274, 18.0, 6.0, 1.0, 0.0, 2.0, 1.0, 1443.0, 1155.0, 3421.0, 139.0, 10673.0, 218.0, 78957.33322354393, 3.530254479479452, 60828.89128025163, 3.2528395467424347, 358125.3751617256, 3.3870066953140876, 23274834.279999997, 17504070.879999995, 46976458.64000001, 16678378.0, 20779874.0, 22004876.0]
[287.5268817204301, 327.9247311827957, 448.9247311827957, 55.32258064516129, 317.31182795698925, 73.63440860215054, 237.63909388699392, 199.18214498724635, 328.5766483459257, 46.228440636719135, 1678.6874594423505, 63.76464621972651, 0.0, 6.0, 31.0, 1.0, 1.0, 1.0, 1078.0, 976.0, 1698.0, 249.0, 11640.0, 281.0, 62456.768913935935, 3.322324833751629, 44143.43357772679, 3.476147657568042, 98917.86527414728, 3.4478736323332786, 11982049.320000002, 12695137.050000003, 26667906.240000006, 9665972.0, 14378215.0, 12580217.0]
[269.258064516129, 192.29032258064515, 195.2688172043011, 32.01075268817204, 29.602150537634408, 37.11827956989247, 225.94698797389188, 173.87924224469828, 152.90528041220034, 26.458948771247062, 22.800238263889604, 38.6547846924109, 18.0, 10.0, 7.0, 0.0, 0.0, 0.0, 1227.0, 911.0, 845.0, 110.0, 100.0, 257.0, 38552.25910278775, 3.2376333567773257, 23942.37713484972, 3.4184750999742097, 15713.21525745488, 3.492745273479816, 10638529.470000003, 5784837.150000001, 5298250.92, 6921708.0, 3740191.0, 5274707.0]
[237.34408602150538, 239.65591397849462, 183.247311827957, 33.623655913978496, 25.78494623655914, 20.623655913978496, 195.2993518669345, 215.16179426006357, 198.4243178422782, 24.52058318092153, 21.924202163048225, 15.121906064076471, 1.0, 10.0, 2.0, 0.0, 0.0, 0.0, 1001.0, 1230.0, 1144.0, 105.0, 93.0, 61.0, 53585.089830638295, 3.148980930235392, 61841.40385397421, 3.4137806736003, 22917.12407524478, 3.315909721641337, 8135588.850000001, 8928515.22, 6272983.919999999, 6314899.0, 4825851.0, 3855284.0]
[187.98924731182797, 267.80645161290323, 255.36559139784947, 74.76344086021506, 39.8494623655914, 36.086021505376344, 142.72293732839404, 273.12870266376956, 209.5486238554212, 60.87931715777542, 33.08583902930413, 38.87372419659038, 2.0, 0.0, 2.0, 0.0, 0.0, 0.0, 598.0, 1311.0, 999.0, 239.0, 151.0, 182.0, 19159.592413239545, 3.584613075325137, 75450.9781884966, 3.165449376269927, 33208.16139581752, 3.341454305502971, 4799396.129999999, 12585803.46, 9397143.15, 5664387.0, 7820122.0, 4823135.0]
[363.96774193548384, 201.68817204301075, 307.44086021505376, 119.63440860215054, 142.3548387096774, 63.58064516129032, 217.06983706977323, 154.92803227520102, 257.52599963151005, 117.97916036927846, 854.8536570049934, 45.75295727687165, 7.0, 2.0, 4.0, 1.0, 0.0, 0.0, 1311.0, 646.0, 1199.0, 588.0, 8290.0, 178.0, 60517.77023353521, 3.4828197605028652, 22052.645839526118, 3.4259081154346354, 73902.395205103, 3.2504698064646997, 15489076.53, 5571921.09, 13849333.080000002, 6065218.0, 6250039.0, 9389160.0]
[391.13978494623655, 243.41935483870967, 369.0537634408602, 106.68817204301075, 354.93548387096774, 68.01075268817205, 314.1388017573099, 190.12532037423455, 282.20869419292154, 140.12137428847828, 1559.9291358378766, 49.89543296684619, 5.0, 15.0, 25.0, 1.0, 0.0, 0.0, 1788.0, 1077.0, 1312.0, 751.0, 8990.0, 197.0, 72211.22279498946, 3.3411535395759464, 28287.95098356035, 3.242699765343814, 77740.15884254234, 3.278024722918704, 21675467.220000006, 8217582.3, 18594144.71999999, 10283975.0, 8630087.0, 12712121.0]
[460.1720430107527, 247.20430107526883, 389.02150537634407, 174.46236559139786, 187.05376344086022, 87.54838709677419, 329.4924167384919, 204.4184518568726, 305.11159677897126, 217.04560526283035, 1220.2359925493333, 67.070779636634, 6.0, 1.0, 5.0, 1.0, 0.0, 3.0, 1718.0, 1320.0, 1375.0, 1172.0, 11822.0, 355.0, 85505.98858744094, 3.5190889104019725, 28716.813411773506, 3.366539435879222, 62464.51417916873, 3.3675601672115705, 27603819.18, 8860688.46, 21054244.890000004, 9902277.0, 11083870.0, 15979031.0]
[397.6559139784946, 214.6236559139785, 425.96774193548384, 172.46236559139786, 406.505376344086, 66.79569892473118, 249.13059673783354, 168.22654975660276, 352.9000798234692, 216.82393975496547, 1848.924902792548, 57.76179705212587, 5.0, 2.0, 8.0, 2.0, 0.0, 1.0, 1536.0, 751.0, 1326.0, 1101.0, 10643.0, 218.0, 68162.35702480837, 3.525005924316531, 31419.095034209928, 3.528466555888738, 138247.94893756948, 3.2958028622691375, 18987054.840000004, 6405378.72, 26348993.43, 8468623.0, 8669563.0, 15681431.0]
[306.29787234042556, 220.75531914893617, 344.468085106383, 96.17021276595744, 47.52127659574468, 58.287234042553195, 256.9644898185009, 163.68273049324725, 285.1612900378989, 136.90068908910766, 38.45252028973328, 55.0814884776399, 2.0, 3.0, 1.0, 0.0, 2.0, 1.0, 1123.0, 800.0, 1496.0, 644.0, 138.0, 297.0, 55007.540251368446, 3.2982592759352247, 20283.524728712167, 3.4497710305194005, 77771.77927939685, 3.170739549104036, 14062200.72, 6648199.819999998, 17593372.759999998, 6904688.0, 8122130.0, 11423276.0]
[407.7741935483871, 242.69892473118279, 399.68817204301075, 71.02150537634408, 289.48387096774195, 67.73118279569893, 303.0858369244256, 172.0223560386617, 331.48004656633896, 73.3982552947814, 1477.3867911671903, 55.253593191233364, 6.0, 3.0, 1.0, 0.0, 1.0, 2.0, 1264.0, 691.0, 1365.0, 408.0, 10263.0, 251.0, 91165.98480213332, 3.319403663701157, 26173.325158020005, 3.5260972775495465, 94617.69394774712, 3.247880828455641, 22241168.550000004, 7626365.490000001, 23218081.47, 8865651.0, 10536776.0, 14441273.0]
[367.494623655914, 208.83870967741936, 328.16129032258067, 88.38709677419355, 286.5698924731183, 76.96774193548387, 268.2228398526248, 151.70088491921692, 247.50706139784222, 84.65993768653719, 1515.0102338429601, 52.17580057361742, 18.0, 4.0, 1.0, 0.0, 1.0, 3.0, 1343.0, 620.0, 1311.0, 408.0, 10784.0, 233.0, 54293.7540958879, 3.5218789370842054, 25826.318156415466, 3.267909849025324, 69663.76509115254, 3.381663376801496, 17836158.45, 5741146.679999999, 14555477.43, 7013782.0, 6721830.0, 10958956.0]
[338.1290322580645, 224.05376344086022, 358.7956989247312, 70.44086021505376, 56.0, 69.45161290322581, 265.2417365760513, 174.15525092830237, 300.7448203009013, 58.076872289269865, 30.90975644482274, 44.265875592102354, 3.0, 2.0, 5.0, 0.0, 0.0, 0.0, 1471.0, 699.0, 1591.0, 261.0, 131.0, 166.0, 72820.44101237558, 3.4580220442600025, 29551.34107537011, 3.374926228160461, 103340.29290745611, 3.5128390647717502, 15907927.140000002, 6936844.890000001, 18872917.800000004, 7275018.0, 7680526.0, 12724966.0]
[378.7204301075269, 309.73118279569894, 415.44086021505376, 29.870967741935484, 101.7741935483871, 53.11827956989247, 340.3373762706199, 405.3410303249476, 346.53039462542387, 43.7070847422016, 635.1486325370975, 73.68983905272587, 2.0, 6.0, 5.0, 0.0, 0.0, 0.0, 1656.0, 2612.0, 1681.0, 252.0, 6152.0, 393.0, 94408.56086467355, 3.089771264965534, 79222.86146284048, 3.212311595980222, 71465.28591183205, 3.3618572851716255, 22315562.970000003, 22354903.830000002, 25201733.34, 15846414.0, 13066377.0, 21025433.0]
[202.33333333333334, 160.72043010752688, 278.3225806451613, 61.68817204301075, 150.46236559139786, 58.215053763440864, 206.42291609667538, 161.19434432786798, 292.76204023398174, 90.36531877241204, 974.8719599220038, 91.14606641591783, 0.0, 1.0, 3.0, 0.0, 0.0, 0.0, 1240.0, 847.0, 1616.0, 455.0, 9430.0, 575.0, 66527.899075547, 3.410824597381341, 27378.560346209077, 3.52306623384935, 158020.50490735844, 3.2830811569438123, 7186542.45, 4457286.33, 14033128.979999999, 4598915.0, 4961076.0, 6444037.0]
[303.55913978494624, 232.65591397849462, 286.38709677419354, 83.53763440860214, 56.41935483870968, 97.97849462365592, 215.6242939429192, 206.11380850645597, 261.105135923463, 46.34501031718164, 42.80779149433805, 93.33937359403373, 6.0, 1.0, 1.0, 0.0, 2.0, 1.0, 999.0, 935.0, 1121.0, 171.0, 155.0, 535.0, 29426.29409628928, 3.3612512053092902, 27457.211524094, 3.360994501544286, 51424.78069625023, 3.336344423110887, 11947906.230000002, 8316434.790000001, 12926828.88, 6202614.0, 8431585.0, 8152268.0]
[308.9569892473118, 245.93548387096774, 334.3010752688172, 59.795698924731184, 56.956989247311824, 48.44086021505376, 266.96689723058137, 210.99818701320908, 249.5701428346015, 47.1852406777947, 39.514420586857916, 39.7326561466683, 0.0, 2.0, 9.0, 0.0, 0.0, 1.0, 1394.0, 1393.0, 1096.0, 179.0, 170.0, 196.0, 64386.155859333696, 3.4596138394336666, 42717.57957096723, 3.5160018844459398, 64369.497387266514, 3.4003392238785364, 14353827.389999997, 9040435.14, 14995007.520000005, 8994840.0, 8707098.0, 9770479.0]
[356.3763440860215, 244.06451612903226, 497.494623655914, 56.795698924731184, 55.82795698924731, 60.68817204301075, 283.7031483625743, 226.111496470004, 394.46164809599276, 63.91852135808541, 46.535312364565634, 59.59299975205427, 1.0, 3.0, 2.0, 0.0, 0.0, 1.0, 1109.0, 1067.0, 2028.0, 362.0, 197.0, 362.0, 87257.8965921794, 3.150082590922105, 37842.97409847127, 3.5248331242306423, 154488.09285878358, 3.3430510245336227, 17871092.97, 9526367.579999998, 34719488.19, 9338141.0, 15063702.0, 19067079.0]
[356.1720430107527, 260.3010752688172, 440.76344086021504, 26.440860215053764, 111.56989247311827, 59.956989247311824, 302.28055725909286, 269.5630838866543, 425.55892653456254, 22.09685319205242, 693.7845862565429, 62.73510805076522, 13.0, 4.0, 5.0, 0.0, 0.0, 0.0, 1423.0, 1321.0, 2300.0, 103.0, 6718.0, 330.0, 80570.52017577358, 3.1749334658959225, 80698.69423750948, 3.0632052998864654, 157718.87890514854, 3.0847066610177345, 18789913.439999998, 12077426.399999999, 32297571.03, 10273481.0, 17675374.0, 17388628.0]
[420.5806451612903, 259.98924731182797, 490.7741935483871, 74.59139784946237, 61.89247311827957, 59.935483870967744, 289.22739371209684, 225.35698707218597, 435.69105850042763, 60.007107651318705, 45.29383832880952, 50.25777172252391, 7.0, 4.0, 1.0, 0.0, 1.0, 0.0, 1816.0, 1077.0, 2295.0, 267.0, 193.0, 254.0, 64936.45789941416, 3.488151797968221, 40114.44144301751, 3.446081111575684, 109109.99062446228, 3.3201384713236233, 22456356.6, 10191471.03, 37073493.96000001, 11371794.0, 15217064.0, 17994982.0]
[517.6774193548387, 96.27956989247312, 576.4193548387096, -216.25806451612902, -126.21505376344086, 15.24731182795699, 1323.20632622701, 1186.2841268797158, 2092.147483799635, 2139.996504991182, 1132.6372826808886, 1488.8585769256554, -4045.0, -8544.0, -13032.0, -13046.0, -7649.0, -13047.0, 9452.0, 1300.0, 11255.0, 7650.0, 1354.0, 4054.0, 4473765.330788542, 3.535910454575421, 3590049.047847951, 3.5421182065743544, 11276383.775439821, 3.6360855058424555, 172983310.8, 121207764.89999999, 403240162.89, -66648774.0, -137016400.0, -33105664.0]
[310.89247311827955, 257.6989247311828, 301.80645161290323, 53.10752688172043, 61.30107526881721, 59.483870967741936, 228.93830868131417, 184.475389247351, 241.76161714205514, 39.77285024540348, 43.056783777542094, 43.301424041054005, 2.0, 8.0, 9.0, 2.0, 1.0, 0.0, 1062.0, 791.0, 1047.0, 173.0, 186.0, 230.0, 34591.69645204208, 3.493717981345316, 26314.660980791272, 3.399487226082908, 50454.342663927026, 3.299058946313965, 12844050.51, 8655398.399999997, 12878995.260000002, 7367038.0, 7994688.0, 8626825.0]
[282.9462365591398, 307.6989247311828, 359.97849462365593, 66.43010752688173, 72.97849462365592, 115.7741935483871, 265.7588955356617, 234.98657616360154, 265.5505756501838, 68.42139219404207, 62.71120461819986, 190.74448701545276, 4.0, 2.0, 5.0, 0.0, 3.0, 2.0, 1412.0, 1048.0, 1446.0, 296.0, 289.0, 967.0, 30590.904889948866, 3.2802668223500278, 37318.82812831066, 3.068959729145584, 62402.88949833256, 3.352134848125983, 12967179.719999999, 12913265.76, 17241208.62, 10359454.0, 11021696.0, 11062078.0]
[190.08602150537635, 285.21505376344084, 291.0752688172043, 45.43010752688172, 24.344086021505376, 21.78494623655914, 196.28194317236944, 256.93172200201553, 272.3429837443291, 42.18061522874303, 33.363118997028906, 15.774807559196619, 0.0, 1.0, 9.0, 0.0, 1.0, 0.0, 1085.0, 1326.0, 1378.0, 198.0, 152.0, 58.0, 25671.688565286633, 3.2232230417372105, 63237.365593167044, 3.3832955313852042, 52294.19159831704, 3.310246882589021, 6421452.839999998, 12683906.370000001, 13673894.160000002, 6686827.0, 6902069.0, 5611997.0]
[465.5052631578947, 313.86315789473684, 367.37894736842105, 93.3578947368421, 231.34736842105264, 219.86315789473684, 318.71580329484266, 225.6312002402073, 276.5002858275376, 101.78188149064663, 895.4161253997942, 345.61024076528247, 6.0, 1.0, 3.0, 1.0, 0.0, 1.0, 1370.0, 1055.0, 1048.0, 540.0, 7067.0, 2358.0, 82017.19863645446, 3.5085488031200547, 59015.1906017625, 3.4732874810631054, 83968.17838211941, 3.4247090569112517, 28627810.15, 13436747.75, 19007998.049999997, 12785673.0, 12112526.0, 14914681.0]
[380.36842105263156, 238.03157894736842, 355.3263157894737, 62.2, 48.89473684210526, 74.2, 312.9419446068054, 177.3929076175604, 256.4656437571542, 55.06815892745621, 30.842590642428114, 46.686049672707945, 11.0, 7.0, 3.0, 1.0, 0.0, 1.0, 2008.0, 987.0, 1224.0, 278.0, 124.0, 212.0, 127865.55049530252, 3.50768393918656, 43009.55459713866, 3.4509694377615094, 64186.2949742358, 3.3303424814722624, 21802768.84999999, 7923591.85, 17268349.500000004, 10093415.0, 8439096.0, 12388706.0]
[311.60215053763443, 262.01075268817203, 432.96774193548384, 55.96774193548387, 175.18279569892474, 63.60215053763441, 256.61331676892956, 191.97415443251595, 276.3279971186142, 39.98925171160894, 2243.1829431017286, 46.79235811469234, 1.0, 2.0, 26.0, 1.0, -13289.0, 0.0, 1101.0, 836.0, 1330.0, 177.0, 12276.0, 218.0, 57277.213808625216, 3.413683688186315, 39432.1599642138, 3.2673672345790044, 70037.23443201357, 3.2292842884570465, 14031984.15, 9090741.629999999, 22746626.340000004, 8386487.0, 10658828.0, 11392340.0]
[420.468085106383, 281.7340425531915, 375.1489361702128, 69.14893617021276, 467.6063829787234, 72.26595744680851, 363.03246995179995, 241.51173419396108, 263.0680012438343, 50.588144611165404, 2230.5021047061587, 51.963422936398125, 2.0, 19.0, 6.0, 2.0, 0.0, 0.0, 1977.0, 1628.0, 1159.0, 232.0, 13245.0, 220.0, 171394.34868131293, 3.2312111278070077, 81658.73690516321, 3.5369477003891028, 67888.97447230283, 3.56219261903221, 27142772.6, 12112519.46, 18485378.240000002, 14860975.0, 11052630.0, 15877682.0]
[359.9462365591398, 327.8817204301075, 441.3225806451613, 61.31182795698925, 198.16129032258064, 70.33333333333333, 242.6230017766604, 204.91158482869616, 331.9483380866445, 50.215617372924854, 1257.582293014125, 47.24021254354621, 1.0, 31.0, 22.0, 0.0, 5.0, 0.0, 1156.0, 1188.0, 1874.0, 238.0, 12188.0, 206.0, 50501.015905488995, 3.52375208405363, 35536.089356574186, 3.387348531957171, 108434.32504669235, 3.37402838962073, 16242324.450000005, 12890788.589999998, 26273109.15, 12021565.0, 15662323.0, 14469411.0]
[339.81052631578945, 310.0105263157895, 391.42105263157896, 73.6842105263158, 114.81052631578947, -136.74736842105264, 298.6000418526442, 204.03235531571332, 316.50480077523906, 760.3230593210193, 920.8034338108243, 1511.4829900185252, 0.0, 3.0, 1.0, -3147.0, -4050.0, -13041.0, 1642.0, 1210.0, 1538.0, 4965.0, 5859.0, 469.0, 60581.94030815145, 3.440752757353512, 25137.401498485127, 3.369058088156426, 98073.62092927992, 3.3818831350526555, 18383440.5, 12391101.750000006, 22772895.550000004, 11820904.0, 12029897.0, 11677516.0]
[203.7578947368421, 178.02105263157895, 351.29473684210524, 49.0, 184.42105263157896, 66.29473684210527, 1331.6074250237943, 1185.937944440058, 236.7979151757442, 47.29648450792628, 1199.0955241963904, 60.71994899575453, -12375.0, -11118.0, 23.0, 0.0, 0.0, 0.0, 1498.0, 959.0, 1011.0, 287.0, 11736.0, 372.0, 2606966.3695646278, 3.84237445865201, 2099918.337602404, 3.8467653751284074, 47215.07275523019, 3.4124747864017877, 162091759.74999997, 128456035.99999999, 16144912.750000004, 149458595.0, 7731407.0, 8816276.0]
[241.31914893617022, 196.93617021276594, 303.75531914893617, 26.106382978723403, 175.95744680851064, 45.329787234042556, 226.31884506018366, 173.63258752849848, 226.6420932048207, 24.58580239181955, 1351.468607115688, 33.413469789818365, 4.0, 1.0, 13.0, 0.0, 1.0, 1.0, 1298.0, 849.0, 1154.0, 122.0, 13136.0, 137.0, 39370.641333109335, 3.4064333141307603, 27185.27100429401, 3.325998382631485, 56314.70025706682, 3.2140804791856095, 9623310.160000002, 6062503.680000002, 12643209.62, 6365786.0, 5625979.0, 6853113.0]
[441.3440860215054, 617.0860215053764, 506.51612903225805, 81.33333333333333, 35.86021505376344, 58.365591397849464, 433.5575909446537, 830.0795359470862, 640.7783584269455, 65.63508031621461, 43.71687352027855, 49.46689383605718, 7.0, 6.0, 5.0, 1.0, 0.0, 2.0, 2274.0, 4922.0, 4600.0, 277.0, 279.0, 249.0, 162171.69747053503, 3.2084559269660256, 525842.2238076542, 2.933506739468711, 293252.3023203127, 3.3466103523394795, 32929820.37, 91888554.21, 57320423.519999996, 35259349.0, 65275751.0, 22766932.0]
[414.4193548387097, 351.247311827957, 363.06451612903226, 104.59139784946237, 252.4516129032258, 234.79569892473117, 293.4086155999426, 293.76412661366004, 287.5320702888641, 99.83750238122161, 1358.2995724844723, 336.4034055797407, 7.0, 2.0, 7.0, 0.0, 0.0, 3.0, 1085.0, 1256.0, 1223.0, 462.0, 10967.0, 2089.0, 68742.69168032683, 3.344762233051704, 80601.85329960549, 3.365737064578758, 65472.03577696557, 3.323604702252826, 22219828.770000003, 18054277.86, 18474398.850000005, 12942347.0, 14996226.0, 13143728.0]
[479.9569892473118, 293.6236559139785, 446.23655913978496, 78.48387096774194, 377.60215053763443, 76.83870967741936, 311.5280681742851, 233.70819384244467, 329.6789082758326, 72.94229596999585, 1774.386826972759, 48.91347514224361, 16.0, 2.0, 4.0, 0.0, 0.0, 2.0, 1413.0, 975.0, 1544.0, 328.0, 10771.0, 196.0, 95587.98480480608, 3.3979117929485847, 40890.40984786436, 3.404601083405762, 82702.90512220655, 3.5052393397563044, 28227300.48, 12129968.610000001, 26521860.9, 12678547.0, 13244085.0, 18216287.0]
[385.1505376344086, 256.26881720430106, 478.6559139784946, 76.68817204301075, 439.1290322580645, 75.46236559139786, 362.0603764878641, 180.01069652909555, 391.5445306071078, 68.76440220603017, 2054.999001511481, 52.606736041612066, 4.0, 4.0, 7.0, 0.0, 0.0, 0.0, 2055.0, 786.0, 2686.0, 332.0, 11805.0, 216.0, 82126.08102938403, 3.4422144100553016, 35191.17035167761, 3.3456199904280064, 102853.24533744765, 3.358511573968412, 24045872.61, 8452592.37, 32932809.390000004, 9247330.0, 11827163.0, 17065356.0]
[470.6989247311828, 289.9462365591398, 477.5698924731183, 84.70967741935483, 426.0430107526882, 84.11827956989248, 366.6482968537939, 186.72627988532574, 349.0728215370797, 73.15685659047386, 1985.0023048611001, 50.539448531592754, 13.0, 7.0, 10.0, 1.0, 0.0, 1.0, 2347.0, 1008.0, 1553.0, 286.0, 11512.0, 190.0, 93817.417718603, 3.4735074574222837, 29400.871969814903, 3.5601343288921123, 116806.95172224675, 3.3043453668914022, 30664420.35, 10254307.41, 30151676.940000005, 14554610.0, 13572506.0, 21797376.0]
[350.4623655913978, 244.43010752688173, 366.61290322580646, 75.76344086021506, 290.96774193548384, 77.61290322580645, 275.65477618476626, 173.7480933801841, 257.8463492696708, 67.708678695131, 1564.7337282274113, 53.88414146353519, 4.0, 5.0, 15.0, 1.0, 0.0, 0.0, 1348.0, 822.0, 1517.0, 329.0, 11131.0, 210.0, 68661.70985575423, 3.4875566954503516, 22325.172439261958, 3.299521919871387, 66563.69039477955, 3.3130313364066306, 17124360.63, 7750357.739999998, 17313124.589999996, 7464539.0, 8780169.0, 11581088.0]
[273.89247311827955, 132.27956989247312, 352.8494623655914, 93.63440860215054, 172.78494623655914, 72.87096774193549, 920.8475474819921, 1175.3637121222205, 829.1307384483614, 114.35459582276417, 1164.7020131072748, 65.32298114260895, -7995.0, -10965.0, -6889.0, 0.0, 0.0, 0.0, 1554.0, 722.0, 1647.0, 554.0, 11279.0, 315.0, 233374.09152562698, 3.429400887421439, 198138.66816094625, 3.680791958973571, 239355.33843026703, 3.3958454048966242, 79039703.04000002, 119712808.5, 69587130.03000002, 95263887.0, 86621368.0, 67813036.0]
[844.4315789473684, 36.357894736842105, 359.94736842105266, 261.82105263157894, 264.12631578947367, 91.73684210526316, 1622.554924176955, 2470.7651925074056, 2197.4672140386797, 2646.9510480203257, 2940.898662198578, 1676.331901139257, -439.0, -13041.0, -12994.0, -12150.0, -13048.0, -5849.0, 9453.0, 10352.0, 10378.0, 12152.0, 12150.0, 10350.0, 5753520.74890101, 3.2164325320514715, 14367091.05624515, 3.5136409872015513, 11277464.818839157, 3.4042535062613317, 299452812.65, 545267282.0, 442910370.84999985, -115187603.0, 119200833.0, -64001997.0]
[468.0752688172043, 363.4731182795699, 512.0537634408602, 114.94623655913979, 328.2903225806452, 105.7741935483871, 330.72786121835617, 272.27046940248385, 395.58370096526755, 97.1157271989363, 1728.3607122800368, 65.38051315721881, 14.0, 4.0, 3.0, 2.0, 2.0, 4.0, 1594.0, 1495.0, 1853.0, 469.0, 11969.0, 270.0, 113069.93215447481, 3.541008403600573, 72614.58113493733, 3.2924386044348615, 159952.80931047982, 3.3351487996146925, 28308110.970000003, 17769094.289999995, 36066578.309999995, 14646050.0, 17797323.0, 21326961.0]
[469.7204301075269, 246.05376344086022, 401.64516129032256, 87.01075268817205, 168.25806451612902, -52.25806451612903, 493.7652224531015, 502.8059173839691, 1469.2918040095346, 99.19266437459804, 1237.552176354824, 1269.1613706904, 12.0, -4039.0, -13030.0, -445.0, -2249.0, -12147.0, 4053.0, 1287.0, 1863.0, 423.0, 11743.0, 292.0, 78095.29157073065, 3.583895564605876, 50284.70282247879, 3.4250473031362456, 226108.80491927062, 3.391004151672191, 39942796.92, 26867064.810000002, 198660968.85, -3128530.0, 71313023.0, -31902471.0]
[241.95698924731184, 221.80645161290323, 311.4516129032258, 70.3763440860215, 155.0215053763441, 150.65591397849462, 170.96197860918454, 155.7126155890281, 286.29600507961015, 61.75616744037632, 2177.654841389733, 199.43787823386836, 2.0, 0.0, 5.0, 0.0, -12965.0, 2.0, 855.0, 853.0, 1252.0, 259.0, 11865.0, 949.0, 32302.635850681738, 3.3793668902573133, 15506.099204627417, 3.125908005991324, 46287.44750970327, 3.1631855935943025, 7564147.560000001, 6329667.42, 15402672.089999998, 5080444.0, 7557778.0, 7294275.0]
[332.2903225806452, 388.505376344086, 415.97849462365593, 77.40860215053763, 69.39784946236558, 101.65591397849462, 303.07950530473744, 359.0440394344257, 393.1906822089889, 104.09174846793445, 104.44565258138324, 368.63297685130317, 3.0, 1.0, 6.0, 0.0, 0.0, 0.0, 1454.0, 1728.0, 1450.0, 506.0, 752.0, 2645.0, 52343.61297125273, 3.286956712071512, 69079.86434936637, 3.3239187923090925, 158219.67268450433, 3.2986333105499392, 17409254.970000003, 24084255.570000004, 28193548.919999998, 17063056.0, 19901546.0, 16654725.0]
[524.9784946236559, 360.6236559139785, 435.3225806451613, 93.49462365591398, 238.56989247311827, 183.50537634408602, 349.59983268124245, 311.89110815693124, 392.1523983176839, 73.43107144383387, 1001.6379455004151, 205.75975985388533, 11.0, 5.0, 5.0, 0.0, 0.0, 1.0, 1660.0, 1411.0, 1795.0, 343.0, 7068.0, 1240.0, 92018.37096783944, 3.3255608102549696, 74937.37825924874, 3.5087350562699386, 106134.4465763112, 3.444565518700077, 34294000.17, 19570914.420000006, 29548068.81, 16509252.0, 20001896.0, 19757219.0]
[508.8817204301075, 256.86021505376345, 459.505376344086, 110.33333333333333, 562.9247311827957, 94.6236559139785, 389.4167558938893, 201.08702374182315, 390.9431356308327, 103.55594301310444, 2147.054854590551, 59.81200875105968, 13.0, 6.0, 10.0, 1.0, 0.0, 6.0, 2114.0, 848.0, 1712.0, 490.0, 10413.0, 235.0, 138842.50770729905, 3.4623264180277027, 43908.028829377654, 3.4159631361701814, 145531.94448036797, 3.2365577996233568, 35372284.02, 9166068.840000002, 31338641.519999985, 12208965.0, 11575871.0, 21244834.0]
[467.55913978494624, 317.0430107526882, 572.8064516129032, 121.2258064516129, 393.39784946236557, 83.89247311827957, 365.9657997315665, 260.6843799617734, 443.0042756213464, 120.70770742225221, 1800.2454188960444, 63.272781146671555, 12.0, 3.0, 18.0, 0.0, 1.0, 0.0, 2025.0, 1390.0, 1988.0, 457.0, 11199.0, 263.0, 99910.7111310466, 3.453366524039103, 53984.71355862685, 3.1356270767487895, 227512.79426858362, 3.1029882912861697, 30366846.39, 14507997.21, 45169382.97, 15299223.0, 17460449.0, 21796132.0]
[470.06451612903226, 319.1505376344086, 514.2688172043011, 123.02150537634408, 175.13978494623655, 79.91397849462365, 345.81953092088276, 243.5803566291366, 391.7740070551141, 141.34147507356104, 993.9484020309873, 55.952747128031575, 14.0, 5.0, 3.0, 0.0, 0.0, 0.0, 1532.0, 999.0, 1708.0, 719.0, 9647.0, 209.0, 122720.89276092977, 3.093142424939133, 48009.278169470854, 3.3502313382447575, 180065.0050486901, 3.282100640312282, 29343105.179999996, 13886011.35, 36006556.11, 14441764.0, 18376301.0, 21977347.0]
[393.38709677419354, 153.04301075268816, 506.5483870967742, 138.0215053763441, 178.2258064516129, 90.63440860215054, 1249.729205731299, 1036.691632843744, 392.5205205416442, 160.22294104415775, 1001.0025314765395, 69.86287577730184, -11025.0, -9582.0, 2.0, 0.0, 2.0, 0.0, 2088.0, 946.0, 1707.0, 706.0, 9706.0, 499.0, 853426.8993535325, 3.6455095668325352, 527150.2294242271, 3.7716621514474102, 150441.6861767177, 2.967044607058001, 147014205.63, 93979642.47000003, 35375009.85, 117626623.0, 4842235.0, 13685319.0]
[542.6129032258065, 232.6021505376344, 483.9139784946237, 219.53763440860214, 276.8494623655914, 145.89247311827958, 353.27274326792445, 215.328118672358, 370.98662978116994, 373.72980704909247, 1528.065329429715, 507.0955758975858, 8.0, 2.0, 6.0, 0.0, -1347.0, 3.0, 1561.0, 1168.0, 1854.0, 3171.0, 10589.0, 4950.0, 137161.69110662705, 3.4904899958648716, 57883.356122358, 3.3484101865037696, 160375.2513779161, 3.280976547096654, 36143171.25, 8646526.2, 32029315.319999997, 12065049.0, 11147027.0, 26300811.0]
[458.5806451612903, 240.78494623655914, 523.4731182795699, 207.11827956989248, 280.38709677419354, 99.03225806451613, 364.9415475108024, 182.7134159814671, 435.63228888288864, 263.72539446167195, 1456.4241053396179, 71.19056660958353, 1.0, 8.0, 3.0, 0.0, 0.0, 3.0, 1769.0, 992.0, 1764.0, 1352.0, 10491.0, 446.0, 191884.05271560114, 3.1877511953124067, 37601.18062876197, 3.4018457975179617, 268787.43098106177, 3.3411430156214803, 29583599.459999997, 7870815.989999998, 39937535.91, 11456048.0, 12467532.0, 19769839.0]
[472.82978723404256, 267.22340425531917, 520.5106382978723, 199.93617021276594, 456.79787234042556, 95.69148936170212, 379.9780027107363, 202.37270812720288, 371.82076687741454, 236.07857305596957, 1917.6769132602444, 72.1564945915227, 3.0, 7.0, 40.0, 5.0, 0.0, 1.0, 1679.0, 977.0, 1579.0, 1210.0, 10413.0, 289.0, 181893.14825708524, 3.553845176892222, 44732.978073034225, 3.529659603200067, 137477.4941197539, 3.3948036260661825, 32376455.720000006, 9889902.620000003, 36025366.52, 11949023.0, 14001245.0, 24616069.0]
[378.6666666666667, 519.4623655913979, 318.494623655914, 394.03225806451616, 64.86021505376344, 7.053763440860215, 820.9778280824023, 1618.00601626723, 1606.4584706445303, 1675.3703253934564, 1762.6041787983327, 899.4236242025922, -4047.0, 1.0, -11245.0, 2.0, -8550.0, -7650.0, 5852.0, 11250.0, 8559.0, 13053.0, 9328.0, 3155.0, 86915.27795214037, 3.5359723560734486, 119722.34896433889, 1.7150641540796934, 74659.48260236424, 3.4155786470173015, 70069499.64, 247329804.17999998, 229578890.46, 31186731.0, -95002955.0, 48696769.0]
[129.2688172043011, 222.72043010752688, 182.03225806451613, 70.83870967741936, 39.97849462365591, 84.06451612903226, 147.73780680835327, 171.1492080785066, 152.03270898158894, 101.24242218798838, 63.5770635587449, 89.13385225891072, 2.0, 1.0, 1.0, 0.0, 0.0, 0.0, 673.0, 794.0, 683.0, 493.0, 308.0, 392.0, 6267.513208642371, 3.383329972614379, 29616.315139661776, 3.176683757659473, 15286.929288661726, 3.4601347341997224, 3312756.7199999997, 6796511.610000001, 4843539.51, 3219969.0, 4383094.0, 3047973.0]
[347.96774193548384, 320.741935483871, 376.80645161290323, 43.634408602150536, 299.9032258064516, 242.80645161290323, 247.96938150807625, 336.3513594838707, 367.57336617761314, 33.23656477377986, 1051.8551940398504, 365.31630898455404, 15.0, 2.0, 12.0, 0.0, 1.0, 1.0, 1056.0, 1557.0, 1628.0, 138.0, 5972.0, 2702.0, 65300.21194365711, 3.1412261421344083, 62336.930413399255, 3.4993518849284597, 112548.07665457668, 3.154284310210502, 15733326.149999999, 18577286.61, 23840145.45, 10180398.0, 17026477.0, 13003765.0]
[617.7204301075269, 372.01075268817203, 661.0215053763441, 8.978494623655914, 422.5268817204301, 106.47311827956989, 971.0522460039821, 1436.8644870797486, 1592.175999246305, 941.1162657288673, 1978.131071136492, 106.99061228605318, -6285.0, -11835.0, -12405.0, -8900.0, 0.0, 3.0, 4552.0, 5169.0, 4214.0, 677.0, 12022.0, 627.0, 2057831.9780822373, 3.625000321589008, 4929699.468063248, 3.7197908769688777, 5812332.8118122155, 3.7034826982855367, 113680884.3, 188614950.74999994, 254688444.99, 116490932.0, 211905902.0, 126733013.0]
[604.4731182795699, 438.7096774193548, 541.5376344086021, 104.72043010752688, 307.9569892473118, 14.365591397849462, 452.98276172685905, 653.728696230244, 561.9503606257288, 112.4316570760054, 1512.5131326341718, 805.5271132044699, 15.0, 0.0, 9.0, 0.0, 0.0, -7643.0, 3039.0, 5870.0, 4051.0, 484.0, 10821.0, 314.0, 315779.2305493931, 3.5248883542063774, 401801.7624976655, 3.5450921016789825, 333868.060503603, 3.4588681545624933, 49158732.36, 53211424.980000004, 52383156.750000015, 27449899.0, 42808492.0, 26073709.0]
[426.61290322580646, 312.89247311827955, 377.48387096774195, 84.48387096774194, 236.95698924731184, 104.03225806451613, 365.1469933988486, 236.4411160432418, 317.3626239227197, 80.55967446601386, 1176.9628463159863, 121.03902098199781, 0.0, 18.0, 16.0, 0.0, 0.0, 0.0, 2091.0, 1296.0, 1605.0, 423.0, 10003.0, 986.0, 153131.04316876768, 3.3563579559245547, 46347.133629459684, 3.368419752461062, 128664.37754191888, 3.5105464121321153, 27148970.129999995, 13250698.59, 20941833.000000004, 14149138.0, 13235248.0, 16582315.0]
[144.81720430107526, 115.05376344086021, 216.30107526881721, 198.19354838709677, 67.66666666666667, 151.3548387096774, 1280.839831026609, 1246.6648582587084, 1242.6973886158867, 284.04834470884936, 52.514042290430844, 502.24263677943406, -11865.0, -11595.0, -11375.0, 0.0, 1.0, 0.0, 851.0, 1100.0, 1130.0, 1351.0, 247.0, 4750.0, 4154825.2765394845, 3.8216087642774665, 3937224.9420834403, 3.821683491543908, 3886922.0035908045, 3.8170991242954746, 142179385.79999998, 134119964.88000003, 136176568.73999998, 145216343.0, 140078854.0, 144590508.0]
[373.18279569892474, 225.95698924731184, 331.03225806451616, 264.26881720430106, 518.2903225806451, 78.65591397849462, 231.91691476252586, 171.86204743153326, 247.28923619804186, 422.2236719154431, 2262.4527887490544, 49.419124669736455, 7.0, 5.0, 2.0, 1.0, 0.0, 0.0, 1130.0, 803.0, 1007.0, 2164.0, 12931.0, 220.0, 45609.20125358233, 3.345638983767306, 31863.63441372636, 3.456678249041833, 67003.67011686356, 3.227506125580001, 16646947.919999996, 6943030.320000001, 14709940.200000001, 8741062.0, 6571295.0, 11205166.0]
[372.4301075268817, 175.58064516129033, 319.3225806451613, 219.38709677419354, 48.655913978494624, 72.24731182795699, 247.87866938455574, 141.95217524258297, 245.98233240242573, 244.7170518861956, 38.95635646733292, 57.24578129775885, 4.0, 3.0, 3.0, 1.0, 1.0, 0.0, 1127.0, 559.0, 1096.0, 989.0, 182.0, 181.0, 55529.1212617876, 3.409101946974796, 16306.684880687604, 3.5434967242359066, 66841.60885561934, 3.261273255359582, 17253659.459999997, 4390432.35, 13996123.35, 5767479.0, 5745593.0, 11921334.0]
[381.8279569892473, 175.30107526881721, 306.98924731182797, 234.56989247311827, 77.13978494623656, 83.01075268817205, 333.3415999442455, 142.41639690543673, 216.62071113311998, 260.2103412479597, 1749.8035827126043, 48.365567752198665, 12.0, 0.0, 16.0, 0.0, -10533.0, 5.0, 2874.0, 562.0, 1006.0, 926.0, 13075.0, 162.0, 45402.44185499258, 3.553840183820258, 22445.00261321201, 3.4414465603147315, 46318.29323139777, 3.1641012295591446, 22116739.2, 4393242.8100000005, 12165887.999999998, 6272837.0, 5657586.0, 11592427.0]
[349.7741935483871, 181.04301075268816, 307.36559139784947, 88.73118279569893, -22.172043010752688, 31.010752688172044, 211.7209570982861, 180.56149825393675, 224.09590265283242, 1287.1048920110602, 1238.8565434693671, 430.50464559993196, 5.0, 1.0, 10.0, -11902.0, -11154.0, -4044.0, 1152.0, 1036.0, 1326.0, 1393.0, 4052.0, 209.0, 48936.30302399173, 3.483330508318388, 18366.681299825126, 3.293957372991854, 37943.46818392204, 3.1831479897764794, 14416650.750000002, 5624311.709999999, 12467757.629999999, 6163136.0, 5427047.0, 9888445.0]
[273.13829787234044, 203.4468085106383, 299.4255319148936, 179.2659574468085, 12.297872340425531, 66.43617021276596, 231.66668682898478, 204.94586838528727, 284.94672165129674, 292.7027989378692, 1378.1209884132459, 55.528653556701514, 0.0, 3.0, 0.0, 0.0, -11176.0, 0.0, 1516.0, 1441.0, 2037.0, 1486.0, 7149.0, 349.0, 85706.35729254781, 3.4948532309953633, 63727.8441864371, 3.5596632645662054, 146700.92572948782, 3.542884736425287, 11283839.9, 7329159.319999998, 15020008.079999998, 6688092.0, 8856061.0, 10448029.0]
[177.70967741935485, 291.9139784946237, 277.8279569892473, 75.10752688172043, 140.03225806451613, 22.35483870967742, 160.27975411524264, 293.9261093153523, 244.0078679975172, 63.31880384997112, 1134.763760624372, 19.292172979965738, 0.0, 4.0, 7.0, 0.0, 0.0, 0.0, 832.0, 1399.0, 1164.0, 274.0, 10964.0, 114.0, 12566.656123650348, 3.028546111421207, 50549.09290617429, 3.1395425932240544, 64652.16592582137, 2.9047259424242076, 4929419.430000001, 14761886.280000003, 11770251.120000001, 5062668.0, 8203154.0, 5553005.0]
[334.96774193548384, 323.26881720430106, 281.96774193548384, 146.23655913978496, 43.053763440860216, 170.76344086021504, 309.46512241541024, 273.37512608235284, 281.9892247252544, 162.51671471557881, 39.597531102055015, 164.28636172519424, 6.0, 12.0, 1.0, 0.0, 0.0, 0.0, 1145.0, 1149.0, 1249.0, 571.0, 174.0, 752.0, 103154.66180270712, 3.2486981255035663, 112628.61634728474, 3.4200677528346657, 113914.96792170325, 3.2632357626619513, 17898437.759999998, 15432678.54, 13680010.770000003, 11200864.0, 11656771.0, 9573550.0]
[411.1290322580645, 278.4193548387097, 429.752688172043, 125.72043010752688, 361.7956989247312, 94.89247311827957, 346.1494784490871, 214.04780665627447, 315.72823536520394, 134.1465264415547, 1718.3049443333482, 49.31783837376373, 6.0, 12.0, 16.0, 3.0, 1.0, 2.0, 1779.0, 1404.0, 1355.0, 579.0, 10221.0, 211.0, 136413.5316459908, 3.506618533477424, 40198.63741998352, 3.2640987503660703, 120791.17195099744, 3.167172378916638, 24870905.369999997, 10624531.109999996, 24502601.19, 11514473.0, 12176836.0, 17796872.0]
[345.4516129032258, -32.193548387096776, 241.13978494623655, 90.43010752688173, 450.5483870967742, 420.6989247311828, 841.4147185612459, 2171.8948512164516, 2665.327219455337, 1919.3343750976562, 2946.864322853557, 2673.4971348605422, -1329.0, -13028.0, -10339.0, -7649.0, -11250.0, -9446.0, 5877.0, 12174.0, 13058.0, 12151.0, 13050.0, 13060.0, 162520.60359029452, 3.3899622909136142, 1152788.9273290427, 3.5468211912962575, 1191280.8115135198, 3.6539630435382473, 70896101.30999997, 403687047.4199999, 612844858.38, 8722222.0, -234646611.0, 4377938.0]
[319.78494623655916, 228.58064516129033, 321.35483870967744, 100.63440860215054, 494.55913978494624, 123.06451612903226, 281.4766130319968, 243.23576514855978, 263.495138357976, 96.57895901757374, 2104.599768118506, 171.39103563714818, 3.0, 4.0, 2.0, 3.0, 1.0, 1.0, 1700.0, 1698.0, 1413.0, 458.0, 11312.0, 957.0, 98731.44743938098, 3.224450622017554, 75452.0506093831, 3.2373844805651752, 84947.02424724898, 3.3562411453175107, 15623516.400000002, 9581066.459999997, 14872134.059999999, 7741699.0, 7852643.0, 12651590.0]
[231.43010752688173, 303.0967741935484, 326.3763440860215, 111.15053763440861, 353.73118279569894, 57.88172043010753, 305.64573119336615, 212.61917704196583, 342.29481044912444, 105.94306779510514, 1490.9101476132607, 71.78286241254511, 1.0, 1.0, 6.0, 2.0, 0.0, 0.0, 1801.0, 1025.0, 1444.0, 394.0, 8100.0, 356.0, 19777.74364671378, 2.9886098762162603, 25717.20241422335, 3.4155834779922682, 82525.69199172397, 3.1933397260255183, 12625351.710000003, 11813537.040000001, 19237746.569999993, 7600064.0, 10429782.0, 13466100.0]
[410.4301075268817, 681.1720430107526, 569.989247311828, 141.32258064516128, 85.2258064516129, 126.31182795698925, 329.77154140172036, 560.8685543840622, 442.3599138273989, 77.3278117033781, 57.78692665305545, 149.32158020561033, 2.0, 11.0, 3.0, 6.0, 3.0, 2.0, 1450.0, 2536.0, 1986.0, 325.0, 268.0, 728.0, 143411.95828872014, 3.016739717401413, 506221.4775557341, 2.976663048548711, 184898.71474672094, 3.3708332741924796, 23874076.500000004, 67045869.68999999, 44842117.83, 36299379.0, 44920541.0, 29312005.0]
[185.8279569892473, 444.505376344086, 298.06451612903226, 114.82795698924731, 77.55913978494624, 104.49462365591398, 158.82952466579803, 330.2607541498843, 242.85819831349846, 57.13630226045549, 50.53119190929229, 139.5101386105274, 7.0, 15.0, 2.0, 1.0, 3.0, 0.0, 927.0, 1261.0, 1155.0, 290.0, 199.0, 705.0, 16489.515560030046, 3.275465879899213, 136979.54819727654, 3.045178989766313, 45171.057679083286, 3.3030236635492045, 5145081.780000001, 26421343.709999997, 12730321.739999998, 8439584.0, 12329733.0, 6059784.0]
[157.13829787234042, 299.7340425531915, 269.3085106382979, 76.24468085106383, 80.62765957446808, 71.69148936170212, 162.72687064981065, 254.59675793541433, 307.11725989374105, 65.64480606110642, 102.52877739670707, 157.5721051261516, 5.0, 1.0, 6.0, 0.0, 0.0, 0.0, 983.0, 1300.0, 1537.0, 240.0, 497.0, 1163.0, 41140.84206613803, 3.414285593277921, 119721.5671737767, 3.059285535526147, 176778.70399811264, 3.1442445328590267, 4496709.0200000005, 13604827.740000002, 14654035.06, 4912856.0, 9099080.0, 6461733.0]
[289.3936170212766, 319.9574468085106, 334.32978723404256, 90.54255319148936, 304.531914893617, 70.32978723404256, 280.90897841181203, 410.94838947843135, 359.3157891152031, 114.75309304460423, 1550.6894457095536, 126.35922408665779, 0.0, 1.0, 3.0, 0.0, 2.0, 0.0, 1578.0, 2737.0, 1752.0, 701.0, 13221.0, 895.0, 28598.31757364843, 3.1409177844563665, 99753.23172613027, 3.088743321976458, 64161.970024701084, 2.735737968349486, 14298331.539999997, 23809023.12, 21163170.339999996, 12143509.0, 16022684.0, 13397374.0]
[227.4516129032258, 311.86021505376345, 441.4731182795699, 174.4731182795699, 209.46236559139786, 515.2903225806451, 757.5028126813763, 304.2129042584232, 472.8454934569663, 151.49261650811562, 629.56846088239, 1162.8365672732941, -6465.0, 1.0, 4.0, 0.0, 1.0, 0.0, 1879.0, 1774.0, 2999.0, 930.0, 5049.0, 10259.0, 1192433.8825457683, 3.7698653183948228, 127107.53384898303, 3.4468467004455032, 197068.0606797396, 3.614065747792286, 53569721.42999999, 16329932.309999999, 35986522.050000004, 7668987.0, 15409650.0, 16581176.0]
[311.18279569892474, 295.0537634408602, 431.505376344086, 145.8709677419355, 130.3978494623656, 432.494623655914, 236.229344449532, 204.32467585935476, 368.5599362399764, 111.68397045530749, 127.30484978167019, 641.9530597707607, 4.0, 2.0, 1.0, 0.0, 1.0, 3.0, 1324.0, 1039.0, 1772.0, 358.0, 1048.0, 4827.0, 49228.73538740161, 3.366275997558229, 46703.73912407268, 3.483514709799335, 182558.6775072856, 3.3293936572095344, 13149852.18, 11101543.919999998, 27726333.66, 8583077.0, 12777504.0, 14832401.0]
[230.4516129032258, 236.83870967741936, 270.9139784946237, 29.35483870967742, -260.03225806451616, 40.354838709677416, 243.7408422417509, 239.96957643773982, 258.5380577448469, 37.43389685754202, 1946.3110505440402, 47.816143617640606, 11.0, 1.0, 4.0, 0.0, -13323.0, 0.0, 1386.0, 1089.0, 1110.0, 164.0, 211.0, 192.0, 71676.86327186054, 3.315117352736179, 34102.79785508071, 3.250365491926097, 37916.77325388588, 3.4138485683327593, 9676391.460000003, 9778453.380000003, 12066875.549999999, 6644560.0, 6761409.0, 7114199.0]
[181.09677419354838, 423.55913978494624, 487.40860215053766, 87.21505376344086, 164.16129032258064, 89.7741935483871, 136.0053599100553, 301.11605672338914, 341.3028502332973, 66.56246648700778, 1135.6537696728833, 64.60601819999268, 13.0, 8.0, 2.0, 0.0, 0.0, 1.0, 728.0, 1583.0, 1797.0, 297.0, 10993.0, 238.0, 18021.86299568571, 3.444697106712409, 96094.83625183713, 3.4983742285915143, 113527.33212551837, 3.2823290266666496, 4419172.1400000015, 23274309.270000003, 30513864.509999998, 7991953.0, 19634119.0, 9370452.0]
[186.33333333333334, 216.09677419354838, 255.94623655913978, 80.13978494623656, 61.82795698924731, 122.12903225806451, 199.6368079099237, 186.17558709082002, 155.77850535374827, 68.13168058952641, 53.895555930351144, 165.93242638564416, 4.0, 3.0, 7.0, 1.0, 0.0, 0.0, 964.0, 780.0, 665.0, 301.0, 220.0, 853.0, 69044.11026085484, 3.0191231736269555, 24128.03365088796, 2.442469751581813, 24553.374577725186, 3.2468780487424396, 6412923.809999999, 7004519.13, 7742107.709999997, 3623259.0, 5149322.0, 5347971.0]
[404.89247311827955, 503.13978494623655, 522.6021505376344, 171.33333333333334, 112.84946236559139, 233.27956989247312, 388.5851555256636, 422.9182157395223, 495.68332588512834, 196.71654366301945, 481.5842277280755, 311.5392837812648, 2.0, 8.0, 5.0, 2.0, 0.0, 1.0, 2461.0, 2232.0, 2731.0, 1140.0, 4015.0, 1904.0, 129741.28430445226, 3.3597687005769687, 176328.2038296959, 3.1427858493795466, 253968.93916424812, 3.378063927521672, 27098415.33, 37198158.599999994, 44643803.699999996, 22156243.0, 32659892.0, 25529628.0]
[514.6666666666666, 426.5268817204301, 509.48387096774195, 127.11827956989248, 234.752688172043, 314.9032258064516, 562.8775512322014, 318.75486667718195, 520.8178479231367, 156.45389996545072, 1152.9075970356332, 498.0634686401211, 9.0, 7.0, 11.0, 0.0, 0.0, 1.0, 2850.0, 1402.0, 2116.0, 824.0, 8531.0, 3116.0, 248818.79376000873, 2.9019813359233484, 66730.63949886509, 3.137807759093206, 239575.17244511505, 2.790368708293937, 50017697.1, 24428004.030000005, 45658794.54000001, 25595436.0, 23027163.0, 33685683.0]
[241.3978494623656, 237.31182795698925, 263.18279569892474, 153.69892473118279, 102.47311827956989, 85.20430107526882, 207.715950476321, 215.07445518150746, 293.00107383081746, 158.22849362388368, 540.4825056775024, 113.30658286450134, 0.0, 7.0, 10.0, 2.0, 0.0, 0.0, 1171.0, 1264.0, 1740.0, 931.0, 5240.0, 694.0, 15833.71399587743, 3.451038380673525, 21515.39807083763, 3.2567149575108676, 31136.121921384507, 3.386331062549638, 8731589.580000002, 8828599.740000002, 13336040.039999997, 6636378.0, 8106762.0, 8620787.0]
