[270.2708333333333, 288.1666666666667, 310.3541666666667, 106.47916666666667, 84.44791666666667, 72.36458333333333, 207.49561715937733, 234.1006381279851, 199.98673530573376, 61.84683613856797, 51.09575526538727, 63.17713107090949, 1.0, 0.0, 9.0, 0.0, 0.0, 0.0, 962.0, 1118.0, 920.0, 230.0, 179.0, 260.0, 48605.300779950114, 3.4718162210882855, 45828.22440301311, 3.1111967989644733, 46579.589631047624, 3.426833680473849, 10658513.279999997, 12651012.479999997, 12524340.480000002, 9060673.0, 8888576.0, 7725095.0]
[344.04901960784315, 240.26470588235293, 298.1666666666667, 91.15686274509804, 69.41176470588235, 65.36274509803921, 306.1565437100031, 179.9392046104829, 249.39924187572186, 60.02487027429815, 51.27297416791127, 57.343465658922, 15.0, 2.0, 1.0, 0.0, 2.0, 0.0, 1283.0, 781.0, 1290.0, 200.0, 193.0, 217.0, 89250.96498698262, 3.236025140765823, 26366.12824141198, 3.2982233442432505, 52991.171319453875, 3.086114558082004, 21971439.54, 9341524.140000002, 15657347.819999998, 9854797.0, 7859889.0, 11933519.0]
[232.45714285714286, 120.1, 208.70714285714286, -0.6214285714285714, 69.91428571428571, 60.292857142857144, 1096.9883059877131, 962.0374684218292, 976.1880236422538, 1085.6415367422633, 46.51656867565178, 56.35722348785487, -12255.0, -11055.0, -10905.0, -12736.0, 0.0, 0.0, 1538.0, 689.0, 1264.0, 193.0, 200.0, 205.0, 1297863.8960495808, 4.168187163789419, 983620.4020424378, 4.223796921847411, 1038396.7604377391, 4.149334508816715, 244769518.0, 182932537.2, 193980218.60000002, 145741425.0, 129612700.0, 147792440.0]
[281.96938775510205, 174.21428571428572, 237.03061224489795, 83.75510204081633, 52.775510204081634, 61.42857142857143, 215.85941654934433, 132.35676950194005, 172.86968180765848, 53.91766560620434, 36.41896260694247, 48.003651063892185, 4.0, 1.0, 7.0, 0.0, 0.0, 0.0, 1068.0, 581.0, 807.0, 219.0, 132.0, 173.0, 41252.36163909229, 2.99807992479963, 17218.51297361955, 3.2456298748203385, 22366.349508526146, 3.148607659852848, 12065174.94, 4580164.260000001, 8236630.500000001, 5228768.0, 4396691.0, 7455031.0]
[225.14736842105262, 225.2421052631579, 212.82105263157894, 48.44210526315789, 52.55789473684211, 60.11578947368421, 147.66134114429894, 169.41493288633805, 178.14194549168096, 38.617523249215445, 42.77519558368897, 53.742067827943615, 6.0, 1.0, 1.0, 1.0, 0.0, 0.0, 643.0, 828.0, 902.0, 183.0, 141.0, 200.0, 19937.722220059055, 2.917119886491644, 24889.205034382376, 3.2209245708671843, 26205.137551050982, 2.9936232158388902, 6521978.95, 7141780.800000002, 6921570.800000001, 5425978.0, 5196094.0, 4993361.0]
[178.17924528301887, 249.5188679245283, 247.08490566037736, 56.89622641509434, 57.490566037735846, 54.971698113207545, 122.3094278319044, 200.46523180945988, 177.9550032973573, 37.971400075842304, 38.53662334356981, 53.123478362014524, 2.0, 5.0, 4.0, 0.0, 0.0, 0.0, 571.0, 1205.0, 854.0, 149.0, 142.0, 219.0, 13042.896158735812, 3.2291718428577885, 58633.87537296917, 3.4028736050764623, 36547.43419397473, 3.1367968228707674, 5232190.74, 11468232.22, 10384331.34, 4481801.0, 7706641.0, 4381477.0]
[196.4756756756757, 329.5135135135135, 270.53513513513514, 62.17297297297297, 58.2, 61.68108108108108, 172.71370097053017, 297.3775800024804, 231.17046248646142, 46.62340245921854, 41.322669849348564, 55.897624968202194, 2.0, 3.0, 1.0, 0.0, 1.0, 0.0, 1086.0, 1845.0, 1274.0, 227.0, 156.0, 223.0, 31341.305926739587, 3.6951122015325684, 79853.92358683146, 3.903355720414483, 54555.257569428824, 3.7055036277417415, 23365910.7, 67263953.89999999, 43239926.05, 13103021.0, 19894525.0, 11589817.0]
[170.63636363636363, 320.6848484848485, 232.95757575757577, 61.872727272727275, 58.375757575757575, 51.29090909090909, 142.86242277224184, 245.54297239673144, 175.99460743939215, 47.14018580273766, 40.55113476430196, 47.01206619657291, 2.0, 1.0, 3.0, 0.0, 0.0, 0.0, 996.0, 1335.0, 1211.0, 173.0, 167.0, 183.0, 27556.028446144406, 3.824014795222711, 70433.5266176363, 3.770377285419894, 41901.287586087725, 3.7269258458128594, 13449897.45, 44312695.35, 23156390.400000002, 10371060.0, 14595666.0, 7360269.0]
[251.8440366972477, 215.6422018348624, 254.72477064220183, 71.95412844036697, 60.22018348623853, 50.440366972477065, 222.25319954835322, 155.42227561733228, 199.33834402656322, 48.13183771935797, 41.93852595436897, 44.00640340455949, 8.0, 0.0, 1.0, 0.0, 0.0, 0.0, 1189.0, 648.0, 1067.0, 158.0, 155.0, 150.0, 49052.02890910556, 3.425443525957275, 20347.37436981796, 3.3814035914802325, 44118.334744329804, 3.1473652531753324, 13350528.19, 8368504.430000001, 12386647.730000002, 6328160.0, 6089979.0, 8260701.0]
[277.8705035971223, 199.33812949640287, 231.25179856115108, 73.23741007194245, 63.92086330935252, 60.71223021582734, 231.49967397643096, 149.7813650082087, 199.29408368092618, 45.72976431131373, 43.9314460594286, 53.27468395764724, 1.0, 0.0, 10.0, 1.0, 0.0, 0.0, 1498.0, 631.0, 1041.0, 168.0, 165.0, 188.0, 44807.332343978276, 3.7918008460060073, 27837.63514548855, 3.6036240054761226, 40518.6946237663, 3.5665938726262882, 25198170.2, 11980710.239999998, 17951099.4, 8551878.0, 7027684.0, 11283339.0]
[301.078125, 187.48958333333334, 267.6041666666667, 87.421875, 70.53125, 72.89583333333333, 241.11883438223603, 154.18887545801974, 179.54960983228273, 51.005123863591535, 47.750651019382644, 60.17600349109733, 1.0, 1.0, 6.0, 0.0, 1.0, 0.0, 1667.0, 666.0, 973.0, 222.0, 190.0, 219.0, 50186.01195177298, 4.087434655294117, 21979.562174724655, 3.81689764488147, 30868.571217952907, 3.79312931849285, 54736967.03999999, 21677038.08, 38221386.24, 11693459.0, 10080979.0, 16910618.0]
[287.9484536082474, 238.03092783505156, 282.9896907216495, 64.21649484536083, 69.22680412371135, 64.98969072164948, 235.89472277259352, 190.82138537605917, 214.04815924446774, 44.68715951015359, 49.491688097312355, 57.99326376926621, 8.0, 1.0, 25.0, 0.0, 2.0, 1.0, 1253.0, 1270.0, 1159.0, 214.0, 184.0, 224.0, 46229.07806617055, 3.0798211597163276, 31936.142102096645, 3.4262564063825947, 39358.849731148075, 3.069612342104253, 12983192.950000001, 8721779.25, 11801468.139999999, 8386987.0, 7929412.0, 8826198.0]
[221.5982905982906, 340.29059829059827, 332.56410256410254, 69.96581196581197, 73.65811965811966, 62.162393162393165, 178.44515528679565, 323.28406585916366, 236.51264399441897, 51.56932589075028, 49.10143659552315, 60.01407266934425, 2.0, 3.0, 1.0, 0.0, 0.0, 0.0, 1014.0, 1644.0, 1204.0, 263.0, 179.0, 257.0, 25743.571693048485, 3.209313536144278, 121117.31913399838, 3.4886005250142897, 62142.90048318922, 3.4628248700726534, 11043780.930000002, 30035994.300000004, 22731817.68, 9086422.0, 14741884.0, 9521280.0]
[218.15384615384616, 362.3397435897436, 238.87820512820514, 60.42307692307692, 55.17948717948718, 56.52564102564103, 185.52287586435972, 296.6148039025149, 191.821433864052, 54.34157660475834, 45.266306942928836, 50.009605363556844, 2.0, 2.0, 2.0, 0.0, 0.0, 1.0, 908.0, 1746.0, 1014.0, 187.0, 222.0, 233.0, 32424.202486380538, 3.988939119039042, 83677.67029994968, 3.677706385033466, 30760.09146780224, 3.819417551466168, 19904220.96, 53224402.91999999, 22783945.080000002, 14242211.0, 16102078.0, 10057687.0]
[236.84848484848484, 339.34343434343435, 278.9191919191919, 74.38383838383838, 69.42424242424242, 52.72727272727273, 187.35077673604468, 238.68830163857075, 192.17124998758095, 55.15279463948353, 50.471064838180446, 48.61045032975518, 2.0, 5.0, 3.0, 0.0, 0.0, 0.0, 860.0, 1033.0, 903.0, 194.0, 208.0, 185.0, 33214.21596655524, 3.5425151372063954, 56058.51598461477, 3.3438950077147904, 27881.25125407042, 3.3165959766279838, 8903519.460000003, 16813673.909999996, 11207705.85, 9129065.0, 9433013.0, 6575798.0]
[272.8773006134969, 254.85889570552146, 302.7852760736196, 78.84049079754601, 64.74233128834356, 61.03680981595092, 219.48778117812276, 191.269891317737, 190.35638254195825, 51.9024401030098, 45.943146422219726, 56.07654486135058, 2.0, 6.0, 0.0, 0.0, 0.0, 0.0, 953.0, 967.0, 1018.0, 185.0, 171.0, 198.0, 42817.74594192552, 3.752115852954917, 33761.79700247218, 3.6251846695665475, 39987.21293785285, 3.7464906492283467, 32504874.83, 26917793.91999999, 33926533.12, 12562752.0, 13113016.0, 13852398.0]
[260.8085106382979, 186.13829787234042, 200.27659574468086, 75.48936170212765, 53.340425531914896, 57.1063829787234, 204.09323594633963, 163.99190912797252, 141.3883848140626, 51.31679904382505, 39.749363474037786, 54.10910286248455, 2.0, 1.0, 9.0, 2.0, 0.0, 0.0, 845.0, 704.0, 588.0, 181.0, 139.0, 210.0, 61679.7930489632, 3.251957385879779, 30815.859520483726, 2.970401531082655, 28151.205266825906, 3.4323230431695317, 9651739.519999998, 5412466.419999999, 5291767.6, 5011502.0, 3948304.0, 4823479.0]
[326.93, 212.48, 251.15, 88.68, 66.81, 60.27, 275.12124985397276, 175.81696635013827, 182.76116638770375, 63.00887864324192, 50.95902394289083, 50.67142222498822, 3.0, 3.0, 5.0, 0.0, 0.0, 2.0, 1534.0, 978.0, 900.0, 213.0, 186.0, 211.0, 97511.53890928128, 3.4179894828104223, 34355.250434060305, 3.4853042395135505, 34281.1410275045, 3.452123774019627, 18181800.999999993, 7575023.999999999, 9614395.000000002, 6609207.0, 5885317.0, 9117908.0]
[297.9306930693069, 202.9108910891089, 187.64356435643563, 78.96039603960396, 62.584158415841586, 60.693069306930695, 216.39095440548076, 178.45089515101355, 148.46727478864938, 57.97756821255601, 45.08309379950153, 46.65527678071526, 7.0, 1.0, 1.0, 0.0, 0.0, 0.0, 879.0, 913.0, 918.0, 217.0, 149.0, 157.0, 41533.2275930915, 3.4394081021027945, 31287.083699597813, 3.0968195999390984, 17757.505692763654, 3.3032149225784226, 13784012.369999994, 7416357.279999998, 5818078.739999999, 6900139.0, 4841395.0, 6525988.0]
[246.92592592592592, 220.62222222222223, 168.86666666666667, 56.45185185185185, 50.79259259259259, 62.67407407407408, 178.7838530569108, 163.73540115698805, 142.12716609882708, 42.36950440188639, 39.76424860485735, 48.63354128331256, 6.0, 3.0, 1.0, 0.0, 0.0, 0.0, 692.0, 900.0, 757.0, 180.0, 135.0, 173.0, 30434.930060919225, 3.6839917864541385, 21009.894267595482, 3.589847667063226, 13876.928474110598, 3.516792846106478, 16894449.45, 13720665.599999998, 8851235.85, 7779022.0, 5031488.0, 6543724.0]
