[339.14736842105265, 461.85263157894735, 562.7157894736843, 89.61052631578947, 60.28421052631579, 109.69473684210526, 266.20772438003536, 365.2668499447124, 395.84199682470273, 58.47863671331356, 41.45714607647602, 75.7724861203296, 2.0, 1.0, 4.0, 0.0, 0.0, 0.0, 1369.0, 1490.0, 1926.0, 208.0, 172.0, 279.0, 86894.8526958728, 3.5513963476070023, 168846.56828915438, 3.1169340322705166, 182505.14011917193, 3.1272075371693804, 16709022.75, 31165428.300000004, 42570073.79999999, 17553413.0, 25599591.0, 19059070.0]
[269.71276595744683, 249.96808510638297, 409.7340425531915, 102.7872340425532, 66.96808510638297, 107.18085106382979, 1327.9456089258272, 1264.5507804710105, 976.8632395177517, 75.48750125703366, 38.11878777243566, 84.76266204342132, -12255.0, -11505.0, -8239.0, 3.0, 1.0, 1.0, 952.0, 1308.0, 1600.0, 621.0, 171.0, 582.0, 1597966.8508344644, 3.8086937882476715, 1422848.5750118496, 3.7908423796728172, 861777.4045754425, 3.72431553731285, 160587630.7, 145313422.18, 98255617.81999998, 159407790.0, 113147091.0, 119150004.0]
[387.0744680851064, 418.47872340425533, 552.063829787234, 96.13829787234043, 62.191489361702125, 104.09574468085107, 263.5942319665931, 368.1471400768175, 406.49899968162805, 55.44378167210338, 38.63623476048912, 77.3866245491875, 18.0, 5.0, 4.0, 0.0, 1.0, 0.0, 1148.0, 1383.0, 2031.0, 224.0, 150.0, 283.0, 83592.933502438, 3.1145004745780307, 125529.7700914675, 3.0383601929345447, 231053.5132964261, 2.918224080065188, 19312791.620000005, 27322230.82, 41375278.75999999, 17687891.0, 25250125.0, 18494183.0]
[385.5806451612903, 349.40860215053766, 526.6021505376344, 94.88172043010752, 63.75268817204301, 103.16129032258064, 268.5479603583366, 305.9846982732513, 365.2314376375659, 53.29019190742032, 33.23259790247158, 70.34299358246746, 6.0, 2.0, 7.0, 0.0, 1.0, 1.0, 1405.0, 996.0, 1537.0, 214.0, 148.0, 257.0, 94315.10694189026, 3.0851800644886844, 111639.78380828876, 3.200695873582657, 148971.64832768243, 2.839621915173524, 19029095.49, 18569945.19, 35397717.66, 15168678.0, 15891922.0, 17208235.0]
[324.63829787234044, 264.8510638297872, 426.59574468085106, -49.361702127659576, 95.65957446808511, -10.946808510638299, 342.6758351268256, 713.8447913809078, 1020.3999355001912, 1355.784460072255, 229.2635968548599, 1173.606740815031, -2244.0, -5844.0, -8541.0, -13045.0, 1.0, -11248.0, 1045.0, 1531.0, 2083.0, 185.0, 2254.0, 262.0, 46676.4069935801, 3.3194499090734624, 96958.36496640733, 3.130427562113689, 187615.45318477467, 2.9534150732996736, 19577707.120000005, 50745101.0, 107103205.19999999, 24629329.0, 69252683.0, 36849384.0]
[385.9468085106383, 365.98936170212767, 506.3404255319149, 93.35106382978724, 65.09574468085107, 104.18085106382979, 258.7254270507793, 280.2210147185803, 325.4946790504256, 52.63849269151417, 40.776619156933485, 69.07623383616345, 5.0, 1.0, 10.0, 4.0, 1.0, 5.0, 1002.0, 1074.0, 1524.0, 193.0, 144.0, 244.0, 65880.27930978341, 3.200230022930446, 70510.5602725847, 3.0576697913511603, 123485.78130775082, 2.9518215620050645, 19013452.380000003, 18700216.18, 31915660.199999996, 16619639.0, 17972863.0, 18616810.0]
[332.2795698924731, 396.0752688172043, 405.36559139784947, 88.48387096774194, 181.18279569892474, 212.91397849462365, 450.5617837667963, 882.982793625245, 563.1538284122314, 77.19957379123531, 1066.8821289590048, 1158.6808996882955, -3143.0, 5.0, -4037.0, -447.0, 3.0, 4.0, 1214.0, 8563.0, 1408.0, 203.0, 10351.0, 11250.0, 94086.59198002209, 3.1876469292566894, 146228.03946129154, 3.5547750992449045, 120573.22348415985, 3.301443850389147, 26918522.639999993, 80275763.25, 41346835.58999999, -13612364.0, -21926297.0, 26570611.0]
[379.258064516129, 302.83870967741933, 459.3010752688172, 90.72043010752688, 68.6989247311828, 90.59139784946237, 231.08223189205435, 254.26083365070554, 324.0376315017532, 50.65813930726104, 40.28749534830783, 66.22971166936624, 22.0, 4.0, 13.0, 2.0, 1.0, 0.0, 1197.0, 1059.0, 1396.0, 183.0, 160.0, 227.0, 43687.41369210605, 2.9809084473865464, 58969.46458474609, 3.111382180434934, 100658.73006244483, 2.9379876160644676, 17009252.669999998, 13463440.740000004, 27229545.330000002, 13355071.0, 13434346.0, 16035877.0]
[360.0752688172043, 280.9462365591398, 458.2903225806452, 88.89247311827957, 55.666666666666664, 80.05376344086021, 227.18873769158176, 232.95144883184662, 306.7297557419291, 52.99845411313826, 36.482078188961594, 59.32672350258461, 8.0, 2.0, 2.0, 0.0, 4.0, 1.0, 829.0, 1207.0, 1209.0, 176.0, 159.0, 204.0, 47294.68962631277, 3.0593504100704454, 40219.87064942736, 3.335749308474403, 96856.37076518, 3.060832936589164, 15629947.349999992, 11469755.1, 26215250.13, 12341558.0, 13378569.0, 15892214.0]
[209.95698924731184, 184.01075268817203, 441.4516129032258, 85.11827956989248, 62.38709677419355, 87.94623655913979, 1190.0301047889, 896.7398621216219, 262.3376730446034, 58.52198573527092, 77.70555240891939, 64.89763940092888, -10965.0, -8147.0, 8.0, 0.0, 3.0, 0.0, 809.0, 910.0, 1202.0, 393.0, 718.0, 224.0, 2951814.8437184715, 3.8259244616302706, 1659529.594058686, 3.8161893361539674, 58124.20615406286, 2.9000137159362045, 124980293.15999998, 71730969.74999999, 22743459.69, 99710344.0, 6769833.0, 5854350.0]
[338.4731182795699, 254.83870967741936, 428.19354838709677, 84.10752688172043, 55.89247311827957, 82.18279569892474, 204.12983887061822, 183.60888786402685, 265.1973939992835, 48.35139995401225, 35.34102873849975, 60.29383598110592, 11.0, 11.0, 5.0, 1.0, 2.0, 0.0, 983.0, 955.0, 1176.0, 180.0, 153.0, 203.0, 43830.050474647076, 3.206906513430928, 44875.016168135124, 3.0332596855472613, 74188.25030361273, 2.8354994178780424, 13473843.719999999, 8501317.860000001, 21875322.359999996, 9413804.0, 11679484.0, 13362449.0]
[356.0537634408602, 242.9247311827957, 436.64516129032256, 90.94623655913979, 57.215053763440864, 79.7741935483871, 225.05397254066577, 159.18858358120406, 283.69589678268596, 51.3958139031723, 33.52119688325893, 59.195719776278565, 4.0, 2.0, 5.0, 1.0, 4.0, 0.0, 1068.0, 601.0, 1275.0, 185.0, 141.0, 218.0, 52665.88854521791, 3.343219816972496, 22980.907400267388, 3.3703938027182923, 71407.72132056854, 3.1210276521677427, 15298260.990000002, 7272161.04, 23376253.080000002, 8978042.0, 11097234.0, 13169192.0]
[315.8279569892473, 257.6774193548387, 403.78494623655916, 98.56989247311827, 65.3763440860215, 83.83870967741936, 218.90302715327556, 215.92969675589777, 254.42274173126, 56.196935907779654, 40.65440614082225, 59.153685305934175, 6.0, 1.0, 43.0, 0.0, 0.0, 1.0, 1113.0, 1172.0, 1229.0, 204.0, 173.0, 203.0, 47286.48843336593, 3.130203099297512, 43338.74139933769, 3.2639896223751843, 67331.46760677425, 3.099781195258151, 12727053.719999999, 9732022.200000001, 19639905.54, 9157387.0, 11246152.0, 10518556.0]
[348.81720430107526, 272.0537634408602, 442.4731182795699, 91.25806451612904, 57.83870967741935, 80.93548387096774, 244.30802662767306, 246.18698114800776, 275.24623724466164, 49.46801848401574, 34.35659873412734, 63.09185960920876, 7.0, 11.0, 7.0, 2.0, 0.0, 0.0, 993.0, 1416.0, 1137.0, 169.0, 162.0, 213.0, 66248.09586709474, 3.0630722524838636, 86188.42130941924, 3.2429288565080485, 80515.55594225213, 3.220868920601264, 15630305.4, 11587029.030000001, 23415292.62000001, 10728153.0, 12556995.0, 13706611.0]
[429.4731182795699, 269.7741935483871, 590.1075268817204, 100.9247311827957, 103.6774193548387, 37.956989247311824, 1392.7842118155138, 1057.1163825631074, 1671.0113734057666, 1832.3065841136054, 1135.7316370218796, 1429.9516023580968, -4038.0, -3140.0, -3134.0, -8549.0, -4950.0, -6748.0, 9459.0, 9456.0, 12164.0, 11255.0, 7654.0, 10352.0, 3634545.407648533, 3.6277333487402177, 2028013.1007166798, 3.706208107328259, 4679298.699819544, 3.5175609804626946, 181926217.77000004, 101907455.36999997, 269025536.1, 74756386.0, 113814695.0, -995255.0]
[349.0752688172043, 233.6451612903226, 419.247311827957, 89.2258064516129, 56.064516129032256, 78.52688172043011, 245.7631077737055, 188.0091721375692, 272.6034568632286, 48.73020869883174, 35.334367569786814, 64.26162412152263, 6.0, 2.0, 4.0, 3.0, 0.0, 0.0, 996.0, 784.0, 1138.0, 191.0, 138.0, 213.0, 52916.496585285255, 3.2469307082347223, 32270.758790001215, 3.108375646865087, 82202.7225238231, 3.278373480170188, 15706894.620000003, 7745822.130000002, 21560390.88, 9289445.0, 10154368.0, 12167634.0]
[269.21505376344084, 415.83870967741933, 331.0967741935484, -17.0752688172043, 356.60215053763443, -24.29032258064516, 723.4115109111459, 1129.0392249734957, 1566.7059119202947, 1530.8919624829061, 1595.296375216196, 1875.4190579861088, -3147.0, 15.0, -9443.0, -13048.0, 0.0, -10345.0, 4064.0, 8559.0, 7669.0, 5852.0, 11252.0, 11250.0, 771393.4908177424, 3.639067850574823, 1831717.107226091, 3.330061463623031, 3803913.503360422, 3.5454865435901213, 51044133.449999996, 124021871.42999999, 219494260.61999997, 8727810.0, 11436400.0, -19648420.0]
[358.63440860215053, 197.49462365591398, 361.6236559139785, 94.6989247311828, 56.516129032258064, 70.0752688172043, 209.56548135867249, 136.01059930371107, 239.42435103618368, 45.10248834990115, 32.788390344365396, 52.29623740708141, 22.0, 6.0, 32.0, 3.0, 0.0, 0.0, 881.0, 589.0, 1259.0, 169.0, 134.0, 197.0, 43968.89439111335, 3.2459444029574813, 17500.42790968098, 3.3555399686472764, 46323.924960952776, 3.307450053409785, 14881823.730000002, 4956231.33, 16215084.749999998, 7313873.0, 7116097.0, 10762567.0]
[401.5698924731183, 245.27956989247312, 435.5483870967742, 92.3010752688172, 64.20430107526882, 76.08602150537635, 261.1839430883189, 201.68110674330478, 262.99216867696606, 48.07507375160786, 37.83044527884023, 64.68160411719428, 5.0, 12.0, 18.0, 0.0, 0.0, 0.0, 1117.0, 1122.0, 1278.0, 174.0, 147.0, 214.0, 59851.87216107196, 3.1354361726068425, 30568.766710253545, 3.0863226920540963, 68048.0040433058, 3.091065220544801, 19783888.14, 8683593.210000003, 22325107.560000002, 10999654.0, 12092914.0, 16035891.0]
[355.2795698924731, 188.6236559139785, 372.1505376344086, 89.6236559139785, 59.67741935483871, 71.18279569892474, 236.35857825104736, 157.60730740469674, 224.18674020424012, 44.48519880337695, 37.23957726676033, 57.77014917392349, 6.0, 0.0, 0.0, 0.0, 0.0, 0.0, 1071.0, 690.0, 843.0, 165.0, 134.0, 187.0, 50285.87859142773, 2.9874879556469325, 21975.784643298324, 3.265342302127955, 52515.126349080434, 3.159469236958977, 15696918.510000002, 5202533.46, 16278740.459999999, 6439943.0, 7261414.0, 10934727.0]
[397.81720430107526, 189.69892473118279, 415.9032258064516, 93.0, 66.15053763440861, 70.60215053763442, 260.1807459639548, 146.64188743672506, 260.19787890206413, 51.268898954434356, 42.18925946065233, 58.269452766949, 10.0, 12.0, 2.0, 1.0, 0.0, 0.0, 967.0, 575.0, 1138.0, 197.0, 160.0, 186.0, 67731.47917712561, 3.1239885771665694, 20458.651867583198, 3.332167062050515, 70532.95061414636, 3.310798735931988, 19479680.49, 4952270.460000001, 20753313.630000003, 7399165.0, 7722757.0, 13745683.0]
[386.21505376344084, 170.79569892473117, 395.63440860215053, 89.25806451612904, 64.25806451612904, 69.89247311827957, 239.25108920120815, 144.003665347357, 268.6982623585114, 47.91112769579473, 43.71894008665055, 57.90837259536216, 9.0, 2.0, 6.0, 3.0, 0.0, 1.0, 1156.0, 695.0, 929.0, 196.0, 177.0, 187.0, 51633.45607543706, 3.1726507790674336, 18161.31984701685, 3.208128833944602, 71804.4622453832, 3.1529572602397153, 17798574.360000007, 4297277.04, 19715309.94, 6593498.0, 7567012.0, 13311495.0]
[413.40860215053766, 177.0215053763441, 388.03225806451616, 94.49462365591398, 65.86021505376344, 67.46236559139786, 276.721459254889, 123.85685799188616, 221.50485575268917, 45.5573273961104, 35.10809128771162, 51.82024934491572, 6.0, 2.0, 2.0, 6.0, 0.0, 0.0, 1339.0, 491.0, 870.0, 168.0, 132.0, 181.0, 78800.49276767165, 2.8867450209148213, 13458.664311126271, 3.3632343023729985, 48428.85739673061, 3.311161752219197, 21333455.07, 4022838.690000001, 17220665.849999998, 7012882.0, 6890002.0, 13352839.0]
[369.3225806451613, 167.3763440860215, 395.55913978494624, 83.18279569892474, 55.43010752688172, 67.70967741935483, 277.0415979317406, 129.5299960206041, 237.1517337782598, 46.848958560314536, 39.32125154181132, 58.368689612400274, 5.0, 4.0, 8.0, 1.0, 0.0, 0.0, 1362.0, 657.0, 1188.0, 172.0, 157.0, 200.0, 69308.4677425429, 2.8834321737793993, 11428.622942688167, 3.387326599232734, 62828.66409325447, 3.037559806774076, 18364069.229999997, 3858530.9399999995, 18344808.929999996, 6486764.0, 7213843.0, 13915580.0]
[401.2421052631579, 151.13684210526316, 402.37894736842105, 83.51578947368421, 59.863157894736844, 67.07368421052631, 282.0375603396279, 117.64394627988553, 232.26549275891105, 49.72239171039559, 38.65163851810655, 57.06309350655216, 1.0, 0.0, 13.0, 0.0, 0.0, 0.0, 1062.0, 497.0, 912.0, 169.0, 141.0, 207.0, 100560.5264078306, 3.0765697361337176, 13681.960819773754, 3.246707031009418, 65640.59147612708, 2.841498159648026, 21633204.299999997, 3297442.4, 19429760.99999999, 5791331.0, 5860129.0, 14352661.0]
[340.72340425531917, 35.62765957446808, 271.3723404255319, -33.01063829787234, 63.265957446808514, 126.90425531914893, 453.43765571288185, 805.934440409066, 1122.1854540160537, 1076.3603395381915, 58.18291060704894, 599.4944118790188, -3149.0, -7650.0, -10320.0, -10348.0, 1.0, 0.0, 1191.0, 380.0, 887.0, 156.0, 453.0, 5855.0, 193322.8262576412, 3.6405262605013626, 584425.9844931009, 3.8325980061429927, 1142474.4726153987, 3.812123773724369, 28231978.799999997, 56894098.78, 116595113.7, 28069817.0, 83229352.0, 45537773.0]
[462.10752688172045, 212.89247311827958, 426.3763440860215, 78.51612903225806, 55.70967741935484, 78.61290322580645, 302.27246068110225, 137.35683949397543, 266.21750318026136, 45.93440808067847, 34.45494242490482, 60.6291349568019, 1.0, 0.0, 1.0, 4.0, 0.0, 1.0, 1345.0, 546.0, 1004.0, 158.0, 139.0, 218.0, 81127.11819809019, 3.3510051356499657, 19894.70049382207, 3.2265015518694096, 72039.86497976445, 3.1571051141026474, 26286866.64, 5534256.090000001, 21787391.790000003, 9819490.0, 7842143.0, 16908975.0]
[251.93548387096774, 78.86021505376344, 427.2258064516129, 79.04301075268818, 63.344086021505376, 71.04301075268818, 1457.2294424579609, 1278.4850970157054, 251.34439083665478, 50.75771819195807, 48.05058354250371, 58.08182271560763, -13365.0, -12050.0, 21.0, 2.0, 0.0, 0.0, 1352.0, 512.0, 1035.0, 220.0, 275.0, 205.0, 1432701.7972402559, 3.7455451693684387, 1058923.7453312443, 3.8098246584573685, 68973.50828703617, 3.0334426085074706, 187177818.9599999, 140387761.26, 21191485.920000006, 169854677.0, 4535539.0, 11298523.0]
[394.16129032258067, 257.13978494623655, 446.6774193548387, -61.55913978494624, 50.526881720430104, -120.6236559139785, 287.82113597051983, 826.8239204722918, 1483.0415585464477, 1276.5940373268168, 1797.4889223302473, 1452.938184402621, -443.0, -4045.0, -5844.0, -12150.0, -13050.0, -13049.0, 1141.0, 6752.0, 13060.0, 166.0, 11250.0, 198.0, 106531.17813519514, 3.1645278628027813, 657878.8705059479, 3.5888937755872963, 2085715.8241464272, 3.662916506165176, 20525232.99, 64210843.74, 205438260.15, 4411328.0, 119405712.0, 5189802.0]
[344.01075268817203, 227.50537634408602, 388.31182795698925, 76.3763440860215, 61.204301075268816, 75.13978494623656, 256.6392534373144, 147.92570282995874, 237.14896155639062, 45.784446281151226, 41.24280151677195, 57.563120628358824, 0.0, 3.0, 4.0, 0.0, 0.0, 0.0, 1038.0, 500.0, 980.0, 180.0, 157.0, 191.0, 77964.34818301476, 3.2309708257729377, 23088.379398858786, 3.118257073646282, 46921.74412419534, 3.102246753026507, 15870819.210000003, 6348834.719999999, 17853350.430000003, 8724043.0, 8189266.0, 12174113.0]
[351.61290322580646, 267.6559139784946, 409.31182795698925, 72.96774193548387, 58.043010752688176, 73.04301075268818, 242.74991748792152, 169.99689860493592, 263.60807446623517, 42.96546935391541, 43.92110366735539, 63.24983484743769, 1.0, 4.0, 1.0, 1.0, 0.0, 0.0, 1022.0, 630.0, 1184.0, 157.0, 155.0, 225.0, 65160.819809098335, 2.9788353223177424, 30038.111602989316, 3.259994897551856, 68170.5963283195, 3.055140709310834, 15734738.819999997, 8668710.419999998, 20435700.959999997, 10226007.0, 9356730.0, 12611677.0]
[311.21276595744683, 286.47872340425533, 415.8829787234043, 69.80851063829788, 58.297872340425535, 74.70212765957447, 254.61558088386175, 179.208158459842, 288.59279852947617, 49.530977945651074, 43.590920872598716, 61.88227286023938, 8.0, 1.0, 1.0, 0.0, 0.0, 0.0, 1057.0, 756.0, 1150.0, 187.0, 164.0, 215.0, 64868.39399451457, 3.3194582685727125, 35987.71275941718, 3.0388972450851366, 78523.80776937067, 3.0434508604452124, 14225324.560000002, 10059253.020000001, 22563471.420000006, 9877671.0, 11012546.0, 11944100.0]
[299.741935483871, 290.35483870967744, 384.3010752688172, 75.44086021505376, 65.54838709677419, 75.40860215053763, 224.53787824279982, 198.42256430468143, 241.61493731475676, 47.399885884468986, 42.565426909904716, 61.888264772112, 0.0, 7.0, 11.0, 0.0, 0.0, 0.0, 849.0, 765.0, 1071.0, 185.0, 158.0, 219.0, 54876.82237961475, 3.1939966267827047, 47331.42957183354, 2.7409290935294166, 56894.58805760399, 3.2572009185345707, 12084414.419999998, 10660246.83, 17768278.680000003, 9988737.0, 10011618.0, 10961960.0]
[302.76344086021504, 309.1290322580645, 406.68817204301075, 78.68817204301075, 57.655913978494624, 75.31182795698925, 269.515805693222, 223.4049854357139, 245.77008425579484, 51.96612159245082, 37.10135782809265, 57.5284388074477, 7.0, 9.0, 6.0, 0.0, 0.0, 2.0, 1107.0, 947.0, 1059.0, 189.0, 157.0, 201.0, 67231.48257233665, 3.354455763796647, 52632.845475478796, 2.98999335475454, 54631.89181127606, 3.0806668975788396, 14143139.610000003, 12535331.430000002, 19473111.9, 10799918.0, 10453173.0, 12060812.0]
[366.7956989247312, 299.8709677419355, 404.8494623655914, 184.53763440860214, -45.924731182795696, 46.26881720430107, 463.99160316474104, 965.6723522320382, 572.7357488071303, 973.1837996017949, 1080.7694645840866, 340.99448993970265, 2.0, -8538.0, -4047.0, 5.0, -10346.0, -3147.0, 4052.0, 1069.0, 1365.0, 9454.0, 184.0, 238.0, 344638.37205825443, 3.6100401835823557, 1614793.5428591014, 3.804425712386868, 508040.0144466207, 3.6673738738392627, 30056344.500000004, 87564081.18, 42241902.93, -19455714.0, 50718559.0, -2834689.0]
[298.2795698924731, 371.9569892473118, 452.60215053763443, 87.3763440860215, 62.806451612903224, 78.0752688172043, 261.3830009105993, 274.2294308396947, 267.67315159029573, 57.0034159881239, 41.082435172022045, 58.09217498737595, 3.0, 5.0, 4.0, 3.0, 0.0, 4.0, 1289.0, 1086.0, 1204.0, 224.0, 156.0, 190.0, 52140.58164850777, 3.113782178127386, 71390.7242975343, 3.0680007726148673, 61837.4707284447, 3.1905757384989704, 13540627.020000001, 18400328.999999996, 23847645.900000002, 13942369.0, 13651125.0, 12984069.0]
[287.35483870967744, 415.0430107526882, 442.97849462365593, 85.3010752688172, 64.93548387096774, 73.58064516129032, 229.5071584164116, 288.17951508144364, 289.11326118558, 51.54794833057955, 45.62508045296371, 63.0455878159408, 3.0, 14.0, 14.0, 2.0, 0.0, 0.0, 1044.0, 1159.0, 1223.0, 200.0, 195.0, 214.0, 42245.621138358416, 3.1851881348501734, 81043.7345619862, 3.049706268966178, 64992.10089849806, 3.0776975912723232, 11648469.48, 22004366.369999997, 24123587.130000003, 14544017.0, 15986592.0, 12172452.0]
[307.5268817204301, 447.73118279569894, 433.1290322580645, 91.45161290322581, 63.40860215053763, 83.15053763440861, 211.442334177813, 298.027834262716, 275.9208781440658, 56.5672966145927, 43.464937533187694, 64.6485391469772, 7.0, 1.0, 2.0, 2.0, 1.0, 0.0, 960.0, 1182.0, 1045.0, 207.0, 173.0, 219.0, 39046.65827886573, 3.280916587663046, 83248.82947408612, 2.981395955574092, 72642.08820782465, 3.1284119387531035, 12004804.559999999, 24937552.890000004, 22739471.849999994, 16687252.0, 16724110.0, 11537459.0]
[267.48387096774195, 426.9569892473118, 502.4516129032258, 87.46236559139786, 58.53763440860215, 76.88172043010752, 225.10667098951816, 302.42713509705237, 294.1126490830191, 55.93465891784981, 46.038868063887286, 69.93068765047873, 0.0, 1.0, 3.0, 3.0, 0.0, 0.0, 882.0, 1301.0, 1276.0, 222.0, 155.0, 222.0, 55941.69827020944, 3.1708481323093896, 109194.10010404406, 2.9677822896898247, 88640.15919970175, 3.1487783606652275, 10523736.780000001, 23591961.93, 29236192.380000003, 14803351.0, 20925032.0, 13501302.0]
[223.18085106382978, 460.6063829787234, 462.86170212765956, 95.63829787234043, 60.0531914893617, 69.29787234042553, 180.66049444477713, 350.8317679760273, 317.0995095354284, 56.86521529942626, 41.26764647540312, 60.7285215426633, 1.0, 0.0, 1.0, 1.0, 0.0, 1.0, 954.0, 1745.0, 1273.0, 213.0, 155.0, 237.0, 23405.64932797371, 3.2309930877896695, 102778.08228421553, 2.8364226086169566, 90727.21356565958, 3.191291365710832, 7254417.1, 29506211.780000005, 27720595.299999997, 12983752.0, 18251068.0, 10234385.0]
[64.9247311827957, 381.97849462365593, 338.0860215053763, -175.59139784946237, 4.924731182795699, -31.096774193548388, 1129.6974800569124, 1936.7433275795213, 1821.0466809664708, 1790.8051883256019, 1538.360428992639, 838.4066158949591, -10485.0, -11715.0, -11886.0, -13048.0, -13046.0, -7645.0, 705.0, 12169.0, 9471.0, 506.0, 6753.0, 690.0, 1725736.2115859082, 3.8032977022124332, 5497602.893682029, 3.6523141812159814, 4763635.145723258, 3.352464296915485, 109557649.32, 333552942.53999996, 293621008.02000004, 113662032.0, 1290113.0, 147882369.0]
[177.05376344086022, 415.3440860215054, 425.7741935483871, 83.66666666666667, 65.64516129032258, 75.26881720430107, 142.08137331575614, 328.1091578245574, 268.4192101364328, 56.27983910651373, 47.08817934408904, 62.05434851191303, 0.0, 4.0, 22.0, 0.0, 0.0, 0.0, 619.0, 1575.0, 1076.0, 214.0, 171.0, 229.0, 24695.106329214912, 3.3193126823653443, 138095.3391441397, 3.1376978145534307, 74450.50803719313, 3.1297154264382283, 4438501.260000001, 24131466.089999996, 21843725.609999996, 7767403.0, 14970434.0, 7564149.0]
[192.75531914893617, 503.6489361702128, 482.6808510638298, 92.63829787234043, 65.07446808510639, 80.79787234042553, 162.81665169194648, 358.5970184838725, 279.60779800399746, 60.79417966337383, 47.89330421284066, 66.74612143493572, 0.0, 4.0, 46.0, 0.0, 1.0, 0.0, 711.0, 1476.0, 1189.0, 247.0, 194.0, 237.0, 31798.268679671735, 3.451148596989965, 150099.57989761682, 3.3186828159915747, 92292.47533875231, 3.0588941332896966, 5600421.3, 33655093.54000001, 27420724.959999997, 10066474.0, 22490225.0, 9302174.0]
[175.60638297872342, 471.8510638297872, 474.02127659574467, 88.36170212765957, 72.34042553191489, 77.63829787234043, 140.73121013906828, 332.04530580386614, 308.0818205356968, 62.50898448349349, 55.16398879733072, 68.33202480737644, 3.0, 15.0, 7.0, 5.0, 1.0, 0.0, 764.0, 1462.0, 1344.0, 245.0, 196.0, 239.0, 27534.711854048193, 3.4535653112014475, 110512.66037421601, 3.3037080131592633, 73962.39987553273, 3.0832974444474495, 4456187.500000001, 29311185.279999997, 28151571.2, 8306909.0, 20127052.0, 8863722.0]
[139.56989247311827, 452.5268817204301, 500.1505376344086, 97.51612903225806, 65.12903225806451, 72.46236559139786, 111.51392951101809, 336.65905186746585, 319.5503616237013, 67.25464472455897, 53.8615830274901, 63.663100899047336, 2.0, 10.0, 11.0, 3.0, 0.0, 0.0, 562.0, 1229.0, 1322.0, 251.0, 204.0, 224.0, 13681.876319707968, 3.4807366847387695, 104182.79214204667, 3.1667269140747707, 91983.41995949586, 3.229051934929283, 2748773.0999999996, 27408784.229999997, 30372261.780000005, 5876826.0, 19536596.0, 7412485.0]
[138.80645161290323, 465.741935483871, 451.0860215053763, 98.38709677419355, 69.83870967741936, 68.50537634408602, 113.80955278776185, 342.95296620185104, 288.25538404843815, 64.36783430073301, 45.31131213077616, 62.045499373603796, 2.0, 2.0, 7.0, 0.0, 1.0, 0.0, 480.0, 1339.0, 1242.0, 216.0, 162.0, 233.0, 12925.629467720575, 3.3229018303705176, 122948.44560193362, 2.99806701373157, 70399.04141227463, 3.048325514003715, 2774648.4899999993, 28824313.980000008, 24708144.21000001, 5359508.0, 18655908.0, 6478613.0]
[137.72043010752688, 449.40860215053766, 431.6559139784946, 92.9247311827957, 63.87096774193548, 69.6989247311828, 105.85987103461429, 366.1620642782415, 270.0792755849924, 60.63365340467858, 42.00730418020274, 56.87491709429916, 1.0, 0.0, 30.0, 1.0, 1.0, 1.0, 476.0, 1554.0, 1280.0, 216.0, 155.0, 199.0, 7649.5223248421025, 3.420063382377848, 127808.67126546614, 3.127275970596284, 66413.23885184336, 3.3117832872567012, 2599260.7199999993, 28939647.93, 22356394.62, 6124105.0, 18989377.0, 5654788.0]
[225.23655913978496, 369.9032258064516, 594.0322580645161, 157.38709677419354, -216.86021505376345, -105.88172043010752, 1009.3698895183534, 1274.050303290874, 1931.4670390304748, 1359.2492415672934, 1725.5706150833366, 1225.8958379173555, -4049.0, -7645.0, -11239.0, -5846.0, -12150.0, -9445.0, 8551.0, 2267.0, 9479.0, 11252.0, 189.0, 2251.0, 20858.324992560607, 3.420426637112385, 115572.05395950777, 3.0818835075933277, 135243.04555891085, 2.8475297896402787, 91558655.31, 150715637.24999997, 349707235.0499999, -85286777.0, 89114034.0, -110776237.0]
[270.5483870967742, 477.61290322580646, 486.494623655914, 106.39784946236558, 63.30107526881721, 71.10752688172043, 172.663313752078, 367.87447741865003, 308.44447120771486, 69.36593885752421, 42.658855277818205, 62.59470431232692, 2.0, 2.0, 7.0, 2.0, 0.0, 0.0, 728.0, 1600.0, 1247.0, 218.0, 159.0, 221.0, 32708.0585793896, 3.327956402823787, 168702.4852030315, 2.99349156558801, 99858.41966814824, 3.2872888443370973, 8881526.969999999, 31308561.600000005, 28610201.94, 14380180.0, 20089713.0, 11405422.0]
[296.27659574468083, 444.7340425531915, 533.4787234042553, 110.62765957446808, 68.41489361702128, 75.8936170212766, 211.69441377300214, 358.5135133558439, 364.8796451659332, 73.55810870158253, 49.22024445253249, 65.08298558442854, 15.0, 11.0, 7.0, 1.0, 2.0, 0.0, 879.0, 1628.0, 1600.0, 248.0, 185.0, 233.0, 41855.93879586766, 3.3460483842961826, 178874.49665737044, 3.0316168018940512, 140885.9902711287, 3.1833685140148544, 11673910.760000002, 28712842.38, 36786066.22, 15380712.0, 21056648.0, 14096571.0]
[269.75531914893617, 390.86170212765956, 494.9468085106383, 104.56382978723404, 64.90425531914893, 82.62765957446808, 166.51324246929727, 311.8230336648551, 299.0569179119507, 70.18386888624539, 49.64130892301315, 63.79351503134866, 4.0, 3.0, 9.0, 0.0, 0.0, 0.0, 581.0, 1380.0, 1283.0, 242.0, 184.0, 211.0, 23723.782439755363, 3.159958926190254, 122441.23363950434, 3.225171706723759, 81276.40952508003, 3.1397192649150965, 8853639.1, 21999172.499999996, 29464167.459999997, 12194450.0, 16933451.0, 11776617.0]
[194.9784946236559, 429.4731182795699, 574.1827956989247, 116.44086021505376, 78.66666666666667, 82.60215053763442, 1360.5644766730704, 347.5935154557832, 390.0821247489057, 74.23852017324198, 57.4549603060355, 70.06846648332557, -12585.0, 5.0, 2.0, 1.0, 0.0, 0.0, 973.0, 1657.0, 1740.0, 318.0, 238.0, 259.0, 4716266.799441458, 3.824428101353784, 142409.65494658894, 3.094891534989099, 142583.99464522992, 3.0199988539391946, 161671226.97000006, 26290301.13, 41533689.33, 16009116.0, 21783576.0, 10193153.0]
[366.5698924731183, 372.40860215053766, 519.5376344086021, 110.0752688172043, 72.7741935483871, 86.51612903225806, 243.29054905112326, 306.5864385014849, 319.11727976117066, 69.4861945248588, 48.458886435970705, 69.39249002456431, 1.0, 3.0, 49.0, 0.0, 0.0, 0.0, 1095.0, 1252.0, 1663.0, 241.0, 191.0, 243.0, 55895.10584855475, 2.907447164866226, 72839.07039610427, 3.085303414971544, 88696.11133257193, 3.116625327550484, 16686284.130000003, 20037372.66, 32058399.21, 16455924.0, 18353276.0, 18525100.0]
[393.247311827957, 358.5698924731183, 533.0967741935484, 113.27956989247312, 70.19354838709677, 82.53763440860214, 265.1663815629226, 268.19713701133213, 348.9802867397517, 68.77536932579827, 48.56086679633324, 68.65486447501213, 2.0, 7.0, 17.0, 0.0, 1.0, 0.0, 1026.0, 1148.0, 1297.0, 240.0, 184.0, 236.0, 70652.01774260556, 3.026564547068956, 60408.39871600808, 3.1621570533596244, 114128.49976701713, 3.2449504807827227, 19391110.079999994, 17274529.59, 34999897.14, 17332801.0, 17876320.0, 18407273.0]
[491.86021505376345, 572.7741935483871, 156.98924731182797, 365.6559139784946, 273.6666666666667, -17.70967741935484, 1306.1095781931083, 1709.224513511217, 1981.8619621052433, 1914.3664890064674, 2952.026714756776, 1590.301534031977, -4046.0, -8544.0, -12131.0, -6748.0, -12149.0, -13042.0, 6781.0, 10368.0, 1574.0, 12154.0, 13055.0, 5850.0, 1584280.0397061626, 3.57735917692428, 2716628.5843478707, 3.7805849108454743, 4018675.7249917444, 3.346535929668678, 166882926.51, 278333926.56, 338192186.1599999, 8355600.0, 33763791.0, -55024645.0]
[356.247311827957, 226.21505376344086, 344.02150537634407, 72.7741935483871, 43.73118279569893, 70.66666666666667, 247.93695095790758, 178.50215255445283, 251.57646337405288, 39.76565292906902, 32.62372429121583, 49.00961159798664, 3.0, 8.0, 5.0, 2.0, 0.0, 0.0, 1155.0, 959.0, 1210.0, 157.0, 132.0, 182.0, 61657.08609065655, 3.0400289958240196, 33924.50452826168, 3.0764329985822934, 56061.58030282769, 3.2661262148769743, 16236238.529999997, 7152174.299999999, 15651314.1, 9743483.0, 7416970.0, 11208601.0]
[374.51612903225805, 164.33333333333334, 339.752688172043, 73.72043010752688, 48.45161290322581, 71.36559139784946, 252.3566150313285, 130.41708454811044, 224.48523994831305, 39.00651160561636, 30.17756009421291, 48.78274484367812, 1.0, 3.0, 7.0, 2.0, 0.0, 0.0, 976.0, 518.0, 950.0, 142.0, 121.0, 174.0, 71882.36780661943, 3.181718297822902, 17351.000810343805, 3.411955869758555, 42681.69210464087, 3.3355500399761073, 17580080.16, 3790958.0700000003, 14295382.469999999, 6869455.0, 5523249.0, 11744813.0]
[361.0744680851064, 192.32978723404256, 345.98936170212767, 67.95744680851064, 45.52127659574468, 61.8936170212766, 268.01950817145143, 143.79685404142995, 223.1304885921535, 36.42104876868758, 30.886447848827988, 49.18944464207576, 8.0, 1.0, 2.0, 1.0, 0.0, 0.0, 1180.0, 673.0, 1014.0, 143.0, 130.0, 166.0, 80933.67753522453, 3.082877274648425, 24098.62066774792, 3.459034512146035, 51571.51793342276, 3.2601137494540633, 17799683.020000007, 5076132.539999999, 14929853.62, 7961993.0, 6440246.0, 10832869.0]
[334.6774193548387, 160.8494623655914, 363.76344086021504, 68.45161290322581, 42.97849462365591, 68.36559139784946, 259.2059010873118, 119.48230233118201, 252.32425644006523, 34.14881630421415, 28.072878174735806, 53.12716183759665, 3.0, 0.0, 2.0, 3.0, 0.0, 0.0, 1218.0, 497.0, 1130.0, 135.0, 121.0, 185.0, 54303.729815563885, 3.078302814455061, 13040.970789708996, 3.4187659235394268, 79291.26449584193, 2.9520134418775803, 15436235.790000005, 3459173.1299999994, 16892082.9, 5778961.0, 5829621.0, 9695429.0]
[369.7956989247312, 151.70967741935485, 376.21505376344084, 69.01075268817205, 45.763440860215056, 73.0752688172043, 254.06313658735306, 123.26329019492145, 238.41555106224155, 32.28759844828564, 25.770052491663552, 54.95219989249546, 0.0, 1.0, 14.0, 4.0, 1.0, 0.0, 948.0, 528.0, 942.0, 145.0, 100.0, 182.0, 66268.59600285756, 3.021788501445695, 12494.137393787063, 3.243726100973906, 52728.35311772959, 3.177960730643056, 17350142.31, 3290623.65, 17105000.819999997, 5359773.0, 5449156.0, 13052575.0]
[405.93548387096774, 145.86021505376345, 376.23655913978496, 67.53763440860214, 45.56989247311828, 72.20430107526882, 286.73218099563456, 111.90869642139461, 243.50477175261403, 36.84826676939322, 29.30847846222866, 52.70746979891959, 7.0, 1.0, 1.0, 6.0, 0.0, 0.0, 1431.0, 455.0, 1181.0, 153.0, 142.0, 170.0, 110227.0544257977, 3.0064747190269667, 15857.076472985576, 3.2438108904385055, 54456.54693026575, 3.092609202964305, 21286479.84, 2911607.7300000004, 17316244.74, 6436850.0, 4897861.0, 14314042.0]
[395.3225806451613, 145.33333333333334, 381.2258064516129, 68.31182795698925, 45.53763440860215, 73.93548387096774, 263.0858332944296, 100.01014441299067, 235.0008385291357, 33.45372485097679, 27.721267592804026, 56.28572420203996, 0.0, 0.0, 3.0, 1.0, 0.0, 3.0, 999.0, 476.0, 954.0, 154.0, 139.0, 186.0, 73372.17630519008, 2.8736065941977715, 12422.318119248534, 3.4646066406384555, 56072.81775255042, 3.295576690536308, 19438615.41, 2682596.1599999997, 17294945.880000003, 5063724.0, 4704296.0, 14195270.0]
[393.98924731182797, 178.7311827956989, 280.6236559139785, -161.55913978494624, 35.634408602150536, -209.67741935483872, 619.0474361016226, 337.61835733963915, 861.1341221847134, 1541.9497641845594, 932.2808378071006, 1914.379625709697, -2230.0, -447.0, -6743.0, -12150.0, -6750.0, -13050.0, 4967.0, 3151.0, 1161.0, 135.0, 5851.0, 193.0, 220425.87115583415, 3.6606573215101426, 66210.75451517885, 3.6188491751082736, 425621.05180088483, 3.536736456673694, 46213908.75, 12515564.280000001, 70258243.14, 22285427.0, -1824997.0, 12747657.0]
[370.6595744680851, 164.4787234042553, 348.5, 64.29787234042553, 44.702127659574465, 67.11702127659575, 278.7264259067333, 119.26051079427724, 236.4562179574745, 38.82739022885169, 30.891008465677164, 49.02114013646676, 8.0, 10.0, 4.0, 0.0, 0.0, 0.0, 1182.0, 542.0, 948.0, 145.0, 149.0, 178.0, 62937.55529667399, 3.150308631803754, 10773.638273448534, 3.2250791362023485, 49811.85306878644, 3.151364792331561, 18931171.359999996, 3633805.940000001, 15619307.9, 6356754.0, 5184416.0, 13794275.0]
[306.76344086021504, 216.6021505376344, 368.8494623655914, 59.61290322580645, 41.59139784946237, 67.02150537634408, 234.68597880764275, 145.0954812906904, 230.89155869088808, 34.14738905865486, 26.5715754303516, 52.667120857783175, 4.0, 3.0, 12.0, 2.0, 0.0, 0.0, 987.0, 647.0, 1155.0, 137.0, 115.0, 189.0, 45134.200464257556, 3.133828579899117, 19640.00621553748, 3.363983753581569, 44550.27603748343, 3.1890750024382757, 12851470.05, 5859076.26, 16328239.709999995, 7278809.0, 6920365.0, 11894447.0]
[291.23655913978496, 240.03225806451613, 329.1720430107527, 61.086021505376344, 42.516129032258064, 67.50537634408602, 202.0782455994547, 158.1111642245873, 228.75683043524788, 36.93550663391366, 30.48150290972123, 51.563305046345484, 0.0, 1.0, 0.0, 1.0, 1.0, 2.0, 875.0, 608.0, 948.0, 139.0, 130.0, 169.0, 34909.69546069279, 3.1804646104888423, 25842.409945357394, 2.969983543661028, 53578.363710163736, 2.9353176815444737, 10829867.669999998, 7122089.729999999, 13848885.749999996, 7940188.0, 7095512.0, 9939462.0]
[478.0537634408602, 358.741935483871, 270.2043010752688, 130.8279569892473, 420.7204301075269, -183.0, 2058.581188087475, 2078.382146219097, 1822.6151097371517, 1471.0704445022925, 1931.6876849779483, 1292.287187088475, -12525.0, -10240.0, -7634.0, -4950.0, 1.0, -9446.0, 9459.0, 11254.0, 13062.0, 13054.0, 13051.0, 178.0, 2791919.6129250764, 3.831550314063767, 1857239.861036289, 3.8277734533413335, 64500.654463559076, 3.3825175146246353, 382348473.63, 380722063.5899999, 290538641.12999994, 330315102.0, -249884199.0, -65239848.0]
[249.89247311827958, 288.0537634408602, 360.02150537634407, 63.096774193548384, 45.41935483870968, 66.53763440860214, 187.95874098401347, 201.33620841071854, 248.4705816938384, 38.50806367167708, 30.024020304273318, 47.362973783827165, 10.0, 1.0, 0.0, 2.0, 0.0, 0.0, 758.0, 756.0, 1106.0, 168.0, 123.0, 174.0, 40469.421301640214, 3.2051858445852046, 48075.82721619473, 2.9953561501157946, 60881.79364577099, 3.3512310362166446, 8423681.459999999, 10644788.37, 16492714.860000003, 8347453.0, 8891153.0, 8028982.0]
[248.0752688172043, 326.9247311827957, 353.5483870967742, 66.90322580645162, 44.98924731182796, 68.0752688172043, 181.22003419810932, 212.0573772108542, 247.2983814768425, 45.36160618373232, 29.04812147771047, 51.56596378281768, 1.0, 15.0, 5.0, 0.0, 0.0, 2.0, 743.0, 779.0, 974.0, 179.0, 120.0, 184.0, 35283.932382312065, 3.0009158316959894, 45056.52718947111, 2.9979474638172907, 57116.19872158613, 2.758568453010456, 8132560.770000001, 13091522.579999998, 16043493.240000002, 9689962.0, 10999474.0, 9114679.0]
[262.64516129032256, 391.93548387096774, 408.7956989247312, 65.89247311827957, 46.55913978494624, 67.38709677419355, 241.75417109666745, 301.6251202796788, 325.6029042954739, 50.02487693433603, 32.905154335767556, 52.24337533582286, 2.0, 6.0, 26.0, 1.0, 2.0, 0.0, 1327.0, 1304.0, 2265.0, 239.0, 164.0, 175.0, 29162.469292735528, 3.389897229879695, 97383.50049742687, 3.149689061849974, 78656.63607863567, 3.414655091818442, 10966855.739999998, 21070078.14, 23524519.259999998, 12422067.0, 13798807.0, 10963605.0]
[202.7659574468085, 352.51063829787233, 352.3723404255319, 67.27659574468085, 47.56382978723404, 66.95744680851064, 165.9399052728929, 246.39607701286585, 241.37290936900771, 45.684849434537114, 35.76583295102176, 48.778391764064324, 0.0, 8.0, 5.0, 0.0, 0.0, 4.0, 695.0, 1041.0, 1376.0, 190.0, 149.0, 175.0, 24023.77800085864, 3.1436923343361327, 65047.244441727315, 3.032306388664316, 55318.95919103708, 3.3410084099747257, 6040037.68, 16287302.920000002, 16064497.54, 8831306.0, 11967706.0, 7683859.0]
[195.0, 388.9569892473118, 398.8709677419355, 62.02150537634409, 49.623655913978496, 70.25806451612904, 170.02250490424214, 279.6147549280001, 296.90729140835293, 41.7310171618352, 39.09295332323323, 54.796045403526676, 0.0, 1.0, 0.0, 1.0, 0.0, 0.0, 884.0, 1148.0, 1318.0, 168.0, 187.0, 199.0, 24203.810285302443, 3.4047153680067486, 54786.65315566115, 3.307189130143131, 92212.04287458643, 3.1887224016750624, 5762120.97, 19774317.51, 21302841.33, 8360062.0, 14459043.0, 7855700.0]
[126.58064516129032, 359.1182795698925, 369.7956989247312, 66.05376344086021, 45.67741935483871, 69.02150537634408, 106.72000368504382, 251.9037449651012, 251.00859846435304, 43.60179633101436, 31.67880970889263, 48.75046900434899, 0.0, 5.0, 7.0, 0.0, 1.0, 0.0, 530.0, 1069.0, 1175.0, 208.0, 151.0, 163.0, 7748.812834714784, 3.389644655919064, 45188.77365486668, 3.0992931071363796, 53750.60410476459, 3.2015795368520865, 2360256.3, 16583516.34, 17218143.690000005, 4981376.0, 13235382.0, 4928676.0]
[146.2258064516129, 335.9462365591398, 320.83870967741933, 68.54838709677419, 46.12903225806452, 74.81720430107526, 100.12374181289024, 242.34665100220985, 233.33020501476017, 44.51270364080062, 28.45561983405479, 50.72323587190099, 7.0, 1.0, 2.0, 0.0, 1.0, 0.0, 584.0, 921.0, 953.0, 185.0, 124.0, 188.0, 10769.63082673685, 3.2396951977713995, 59891.09483810716, 2.999043109437436, 60053.37424826853, 3.311387367658273, 2707046.79, 14786351.790000001, 13561204.200000003, 4992034.0, 10263071.0, 5073143.0]
[146.18279569892474, 358.752688172043, 343.7741935483871, 69.08602150537635, 45.54838709677419, 73.84946236559139, 106.59808162036778, 260.31463637524, 215.5254513888173, 42.956665705856985, 29.15047770845507, 53.19425970922197, 4.0, 2.0, 10.0, 0.0, 1.0, 0.0, 449.0, 1057.0, 835.0, 168.0, 116.0, 181.0, 10330.343796819776, 3.3485173985750927, 64039.1687623582, 2.98651170077736, 49308.11059995882, 3.0529687975725803, 2820471.4499999997, 16929427.98, 14195814.81, 4824219.0, 11824436.0, 4392520.0]
[139.21505376344086, 359.4516129032258, 312.4516129032258, 84.87096774193549, 52.365591397849464, 63.74193548387097, 97.13626124770224, 240.25468896157352, 214.14483701503607, 48.17184497158418, 35.502230470724605, 42.89697040731696, 2.0, 1.0, 12.0, 0.0, 1.0, 2.0, 425.0, 867.0, 852.0, 161.0, 147.0, 151.0, 10102.418817198948, 3.461150660597521, 50720.11226902607, 2.9941643544193197, 36335.69018387866, 3.1935172677276844, 2483545.4699999993, 16113701.729999999, 12367285.080000004, 4034607.0, 10739991.0, 4309394.0]
[127.49462365591398, 248.50537634408602, 263.59139784946234, -43.01075268817204, 66.53763440860214, -1.7634408602150538, 450.0204976891007, 950.3209826576893, 259.9026672562978, 1175.8592925899252, 138.2623183551898, 520.0819416593944, -4044.0, -8545.0, -1341.0, -11250.0, 0.0, -4949.0, 409.0, 962.0, 768.0, 181.0, 1350.0, 162.0, 42375.33828249229, 3.663215075991129, 192387.15953094413, 3.552481392401672, 41461.48346766763, 3.1909633139231537, 18733362.929999996, 82611272.25, 11788888.32, 40354889.0, 20372752.0, 9489018.0]
[202.65591397849462, 306.48387096774195, 321.3010752688172, 83.04301075268818, 49.225806451612904, 66.20430107526882, 155.27846617298871, 248.1822004663731, 215.06544933771028, 50.56762883989137, 34.17414768895458, 46.1263762937793, 1.0, 1.0, 3.0, 0.0, 0.0, 0.0, 766.0, 1128.0, 949.0, 201.0, 142.0, 161.0, 25766.308415442538, 3.2738517028413807, 52023.259906936866, 2.9371803778191072, 60688.895255395066, 3.20988130611654, 5615065.65, 13394227.35, 12886160.910000002, 7072550.0, 9052551.0, 5055375.0]
[359.6063829787234, 151.67021276595744, 467.47872340425533, 217.64893617021278, 190.22340425531914, 193.98936170212767, 970.6092889452358, 1173.0063882371296, 1586.8213491650833, 925.8925331569778, 839.7828079971877, 1162.6325753487015, 6.0, -9422.0, -8542.0, 2.0, 0.0, -448.0, 9458.0, 1464.0, 9464.0, 7655.0, 5856.0, 11251.0, 751719.028698102, 3.7983268781720456, 1185695.2512539297, 3.582950894661019, 2019503.123721719, 3.3257916483460157, 93783270.77999999, 122317643.82000001, 239433606.81999996, -50661902.0, -30532458.0, -57133407.0]
[276.38709677419354, 286.6774193548387, 328.59139784946234, 88.3010752688172, 48.064516129032256, 64.3225806451613, 196.4526180432444, 244.84086052898164, 218.22919924579193, 53.84070404326737, 33.6751767858285, 48.957204312924645, 9.0, 5.0, 2.0, 6.0, 0.0, 1.0, 761.0, 866.0, 1018.0, 182.0, 141.0, 174.0, 44359.0488169851, 3.068114594136877, 69379.63920675228, 3.0750726185690556, 53509.53883200072, 2.9953570723054863, 9909027.24, 12237158.549999995, 13413232.83, 10584843.0, 9010337.0, 8015219.0]
[305.3333333333333, 263.2795698924731, 386.3010752688172, -37.58064516129032, 61.70967741935484, -25.0752688172043, 242.9830613765948, 239.03476032429106, 244.49863451855907, 1240.0600820172476, 139.56699970025002, 894.7979397432009, 1.0, 3.0, 6.0, -11856.0, 0.0, -8549.0, 880.0, 1181.0, 1169.0, 197.0, 1352.0, 185.0, 54263.74336421922, 3.172409875303639, 55319.24365488522, 3.301656236201285, 56119.970583996896, 3.4211832115514325, 13114856.28, 10883846.73, 18021515.820000004, 11246633.0, 10496907.0, 11521287.0]
[322.9032258064516, 205.7311827956989, 304.01075268817203, 75.65591397849462, 44.193548387096776, 60.903225806451616, 211.36173733961454, 138.15335994788595, 211.04715600319278, 49.455182746748186, 32.48888039358407, 47.385345495648075, 5.0, 12.0, 5.0, 5.0, 1.0, 0.0, 793.0, 705.0, 901.0, 199.0, 169.0, 155.0, 44113.76112836865, 2.95363642981422, 24286.679013652505, 3.4674797960249255, 48541.24222704901, 3.216443526989955, 12840297.96, 5293745.069999999, 11804544.870000001, 7499942.0, 5927144.0, 8705519.0]
[191.91397849462365, 46.75268817204301, 242.19354838709677, 76.98924731182795, 43.29032258064516, 61.75268817204301, 1248.1423122586239, 1243.778260818658, 1407.0322317780328, 58.356567869929926, 38.075605749031496, 50.25449491338594, -11535.0, -11745.0, -13003.0, 4.0, 0.0, 0.0, 796.0, 570.0, 880.0, 377.0, 187.0, 172.0, 2455417.8627592153, 3.8167457576715242, 2455439.40224026, 3.826058184364242, 3126810.534625043, 3.8170441560838158, 136475946.89999998, 132549033.05999999, 174459834.60000002, 141647510.0, 158892414.0, 160800142.0]
[394.16129032258067, 175.8709677419355, 376.38709677419354, 75.72043010752688, 43.68817204301075, 69.25806451612904, 263.10546283235936, 142.5949131514234, 240.5955939573646, 47.06156134612127, 27.01810121680248, 53.06577199177215, 18.0, 1.0, 1.0, 2.0, 2.0, 1.0, 1013.0, 595.0, 931.0, 156.0, 120.0, 179.0, 84081.04132323209, 2.893386739117597, 23974.493905679774, 3.106341369588841, 53885.22964354379, 3.0840472450472483, 19360203.389999997, 4414905.299999999, 17205546.84, 8211992.0, 6813485.0, 14441993.0]
[398.752688172043, 150.05376344086022, 376.247311827957, 79.38709677419355, 51.31182795698925, 70.34408602150538, 270.9405379941598, 96.34949578977273, 223.2682952196838, 47.55752403738676, 32.06344881454774, 54.8118312013446, 4.0, 7.0, 14.0, 0.0, 1.0, 1.0, 1094.0, 426.0, 830.0, 165.0, 136.0, 196.0, 57180.85308995664, 2.9301851706399056, 7714.189656964028, 3.399197347556116, 49154.86414619466, 3.0335472198358366, 20033085.36, 2741693.0100000002, 16508758.289999997, 6278592.0, 5564185.0, 13262229.0]
[401.9569892473118, 119.08602150537635, 389.13978494623655, 69.9247311827957, 43.236559139784944, 67.94623655913979, 293.62820005765406, 91.92939823037857, 260.9115538710992, 43.66230006467618, 30.45110044754661, 57.291088462380436, 4.0, 1.0, 6.0, 7.0, 0.0, 0.0, 1055.0, 440.0, 937.0, 161.0, 147.0, 186.0, 74915.78437620835, 2.8317837331598428, 10156.16722383222, 3.4301148216274693, 66749.95148809014, 3.1953312688536055, 21350910.240000002, 1949625.0299999998, 18921644.219999995, 4301246.0, 4032776.0, 14181712.0]
[445.93548387096774, 56.344086021505376, 488.68817204301075, 27.107526881720432, 153.79569892473117, 64.49462365591398, 649.612657272069, 908.7256185907398, 875.897812414988, 335.27125495522574, 1069.4830685402846, 76.19877090985158, 1.0, -8547.0, 8.0, -3147.0, 1.0, -450.0, 5870.0, 500.0, 8562.0, 163.0, 10352.0, 181.0, 841556.3777476418, 3.7130906538049904, 1888735.017959899, 3.8266351453195937, 1704019.8510336627, 3.805233818399049, 53305297.32000001, 70928505.29999997, 86296580.45999998, -44327855.0, -67448351.0, 64638390.0]
[407.4623655913978, 371.48387096774195, 76.15053763440861, 61.365591397849464, 88.73118279569893, -127.94623655913979, 1106.7475808906865, 1500.4596079412179, 1632.2836826269997, 1925.258998866444, 1157.56897756523, 1338.6579941639102, -4045.0, 4.0, -12146.0, -13050.0, -5850.0, -10350.0, 9483.0, 12159.0, 842.0, 13055.0, 9451.0, 451.0, 58949.38501798106, 3.042480612728595, 72902.46791748896, 1.6508423178525284, 105728.45071193436, 2.3488859077419426, 119161158.53999996, 204563633.28, 228463335.0, 114289273.0, -168345067.0, -3921346.0]
[438.2043010752688, 199.21505376344086, 433.36559139784947, 67.6774193548387, 56.74193548387097, 71.40860215053763, 329.617814232727, 135.37571305062244, 289.33126737606483, 44.47524012944989, 37.941002033995076, 55.35090364117233, 0.0, 2.0, 9.0, 1.0, 1.0, 0.0, 1313.0, 609.0, 1035.0, 187.0, 147.0, 202.0, 121451.1637428917, 3.0270754311578325, 15791.36182084215, 3.345451835595825, 74492.0344781942, 3.1520636650522627, 25903984.709999993, 5000519.790000001, 23405766.630000006, 10298653.0, 7733877.0, 17559610.0]
[227.94623655913978, 103.25806451612904, 204.68817204301075, 64.0752688172043, 46.193548387096776, 67.80645161290323, 1203.5169239393804, 1108.0001069614787, 1404.2462157026098, 50.166729958847306, 37.71727146308327, 50.425204632922316, -10965.0, -10365.0, -12976.0, 1.0, 0.0, 0.0, 971.0, 602.0, 1056.0, 378.0, 269.0, 197.0, 77174.22523480936, 3.3095239447750604, 44185.03662310894, 3.287652502805864, 100408.72325980119, 3.27042225407548, 128423613.50999999, 105961128.21, 172340093.04, 123190847.0, 141602285.0, 154034823.0]
[327.55913978494624, 253.88172043010752, 397.19354838709677, 54.87096774193548, 40.333333333333336, 61.82795698924731, 260.41811958453974, 172.7259609815732, 262.54946772256557, 39.025695494582855, 29.230840374260662, 48.96418914479055, 0.0, 7.0, 6.0, 0.0, 0.0, 0.0, 1231.0, 793.0, 1057.0, 147.0, 126.0, 184.0, 58069.70285149495, 2.887690070256792, 28511.148402854054, 3.0737833312474314, 58771.67468911672, 3.2501246715746195, 15082417.290000001, 8127412.29, 19542738.209999997, 10410539.0, 9685642.0, 13136914.0]
[329.3440860215054, 268.19354838709677, 404.55913978494624, 59.526881720430104, 45.73118279569893, 67.89247311827957, 243.04389899696042, 195.8513332620765, 267.74052422503297, 42.71686139897612, 30.715786829288767, 52.78863974576829, 0.0, 0.0, 30.0, 0.0, 0.0, 0.0, 1063.0, 718.0, 1144.0, 148.0, 125.0, 177.0, 61750.82258856732, 3.174860034562275, 38351.03999512359, 3.1159252911628372, 60487.5006924054, 3.2842214844406805, 14435414.43, 9502922.28, 20289021.36, 10887399.0, 9615865.0, 12633068.0]
[318.1290322580645, 352.5806451612903, 463.6774193548387, 64.74193548387096, 53.70967741935484, 70.60215053763442, 270.5972551118235, 225.43968260021038, 276.02985665898706, 46.024309083873995, 39.71982875886981, 55.81941764860384, 2.0, 7.0, 2.0, 1.0, 2.0, 0.0, 1245.0, 876.0, 1212.0, 173.0, 192.0, 188.0, 68851.83526590886, 3.312292675421038, 51608.0837106303, 3.0345682427139953, 67765.66745054482, 3.1311214593221743, 15018263.100000001, 15100261.199999997, 25114097.580000002, 13744323.0, 15476923.0, 14496714.0]
[271.8085106382979, 375.77659574468083, 440.3723404255319, 62.351063829787236, 55.62765957446808, 75.75531914893617, 208.4160064744241, 274.1977213874924, 285.12438274430986, 50.07729669238734, 36.51365455082602, 62.226206519874225, 4.0, 4.0, 7.0, 0.0, 1.0, 0.0, 875.0, 1183.0, 1148.0, 197.0, 145.0, 220.0, 40883.37542135824, 3.372942008035108, 72769.45727402315, 3.043925070619788, 84236.63672135702, 3.2324149832517186, 10325307.8, 19049762.700000007, 24242349.019999996, 12735511.0, 14575382.0, 11228358.0]
[200.7659574468085, 393.2340425531915, 434.72340425531917, 67.2127659574468, 53.787234042553195, 70.45744680851064, 167.4416878457791, 282.6092490451217, 290.2419978152943, 49.47354508456977, 36.8005003298227, 56.199847872907995, 0.0, 4.0, 31.0, 2.0, 0.0, 0.0, 710.0, 1044.0, 1317.0, 187.0, 166.0, 190.0, 25266.72903936505, 3.2050563786804984, 81007.21422034838, 3.035468701918104, 91877.68991617524, 3.479873894640769, 6012493.800000001, 20645432.439999998, 24062962.240000002, 9888634.0, 16570182.0, 8582683.0]
[152.0752688172043, 417.23655913978496, 468.5376344086022, 71.70967741935483, 47.365591397849464, 70.89247311827957, 131.39140304739846, 340.51436150040985, 327.9053601249773, 53.52073564946607, 33.32963981406906, 57.37907177284115, 0.0, 1.0, 12.0, 0.0, 0.0, 0.0, 613.0, 1316.0, 1381.0, 198.0, 156.0, 192.0, 17084.09057833075, 3.287887299282756, 130249.157031954, 2.8590423458893746, 117683.43982981544, 3.1556344858063547, 3477326.7300000004, 24977412.69, 28186510.680000003, 8142286.0, 17236027.0, 6736265.0]
[158.67741935483872, 453.61290322580646, 442.36559139784947, 71.65591397849462, 54.30107526881721, 73.84946236559139, 139.12179222367985, 344.37268210402976, 289.98507401417254, 50.19624414835452, 39.717695362623765, 55.2433246481968, 0.0, 2.0, 1.0, 0.0, 0.0, 0.0, 577.0, 1504.0, 1733.0, 189.0, 194.0, 191.0, 17587.86264615623, 2.9713027170803907, 111716.76996983703, 3.192757677570529, 102404.19889764304, 3.3347730137503913, 3833693.43, 27943364.040000003, 24119851.320000004, 8307257.0, 18387431.0, 6409848.0]
[172.6021505376344, 456.0537634408602, 444.0860215053763, 72.53763440860214, 54.56989247311828, 77.08602150537635, 144.6903845686688, 366.5454288705562, 331.7207002203084, 54.13059071232172, 38.96999900967923, 57.858646325780086, 5.0, 14.0, 6.0, 0.0, 1.0, 3.0, 791.0, 1448.0, 1449.0, 238.0, 156.0, 194.0, 14890.72027551576, 3.479190882132237, 137483.71150001345, 3.037894065368765, 121881.97281555198, 2.9496922376145616, 4367891.9399999995, 29484086.67, 26471804.58, 7920685.0, 18027076.0, 8457195.0]
[147.08602150537635, 468.68817204301075, 452.4623655913978, 78.56989247311827, 53.043010752688176, 74.9247311827957, 126.89414074200474, 326.1428394222459, 276.32426442810714, 60.60786249924545, 37.12373961511357, 62.826579213207786, 1.0, 20.0, 14.0, 1.0, 1.0, 0.0, 686.0, 1455.0, 1113.0, 260.0, 170.0, 215.0, 13461.292869508532, 3.344119930917867, 119022.19597594651, 3.0436748352094516, 73001.28256932652, 3.2480810731491414, 3248848.05, 28100082.060000006, 24239364.689999998, 6670047.0, 19278259.0, 6891579.0]
[145.81720430107526, 442.0967741935484, 439.1720430107527, 87.34408602150538, 46.12903225806452, 74.27956989247312, 127.04911291346788, 300.08966285153946, 327.798341496982, 56.49461202159708, 37.04821353624502, 55.35446362572089, 6.0, 2.0, 1.0, 2.0, 0.0, 0.0, 604.0, 1210.0, 1768.0, 229.0, 167.0, 191.0, 22201.438940156175, 3.303617065500976, 90699.18156021279, 3.363727708617736, 122142.30814670236, 3.3492329951281454, 3220071.9899999993, 24609435.86999999, 25875078.450000003, 6352962.0, 18570037.0, 5677741.0]
[162.98924731182797, 415.83870967741933, 431.35483870967744, 94.54838709677419, 50.193548387096776, 74.60215053763442, 140.84778205285986, 295.8896052335626, 273.7435583979574, 60.75440870190486, 33.261564861784514, 56.259325755427895, 2.0, 6.0, 4.0, 0.0, 1.0, 0.0, 599.0, 1059.0, 1325.0, 207.0, 155.0, 194.0, 21062.578708096935, 3.0860643844114786, 89546.60784209573, 3.07824748413514, 88079.70072248833, 3.4025438107909727, 3994997.2800000003, 22446843.630000003, 22504419.0, 6954026.0, 16797351.0, 6495730.0]
[218.95698924731184, 430.6989247311828, 458.505376344086, 98.55913978494624, 49.87096774193548, 78.35483870967742, 159.76973335142256, 319.10325386818926, 305.6805174935566, 66.14665234645885, 35.76196236665663, 59.071556673699895, 7.0, 14.0, 9.0, 1.0, 0.0, 0.0, 597.0, 1153.0, 1360.0, 230.0, 164.0, 206.0, 25042.35844811964, 3.047222534798304, 88754.82426755314, 3.0556075046745366, 83042.66594704411, 3.1901584897926156, 6330553.709999999, 24756338.670000006, 26177324.729999993, 10875439.0, 16828168.0, 8557015.0]
[282.23655913978496, 387.80645161290323, 435.01075268817203, 98.81720430107526, 55.54838709677419, 75.39784946236558, 190.49537241038408, 260.2249552775994, 287.82378722374324, 64.85249923724221, 43.48450901808803, 59.620200068386914, 8.0, 6.0, 8.0, 0.0, 0.0, 0.0, 925.0, 955.0, 1143.0, 215.0, 233.0, 198.0, 34879.70485752366, 3.1884568515508738, 56827.137908248355, 3.0283362661981514, 76532.48871699683, 3.053417834299211, 9994417.979999999, 18801432.42, 23454886.439999998, 12939429.0, 15014264.0, 10319874.0]
[389.0, 361.741935483871, 445.0, 101.64516129032258, 52.53763440860215, 82.46236559139786, 253.87882251526835, 259.3410924709759, 285.82436078366607, 61.73446735842183, 30.535282208627816, 63.21384671163654, 6.0, 0.0, 15.0, 4.0, 2.0, 0.0, 1115.0, 1028.0, 1243.0, 234.0, 136.0, 225.0, 60625.225721251714, 3.008816498066218, 68730.6034706574, 3.1224528039904547, 80781.91368736794, 3.2641051686669034, 18602476.590000004, 17072419.200000003, 24117054.810000002, 16728731.0, 13882080.0, 14431846.0]
[395.8279569892473, 286.81720430107526, 464.8494623655914, 89.9247311827957, 47.935483870967744, 74.43010752688173, 281.35041680437956, 229.20339108181506, 304.3997281263626, 58.55826465992055, 37.77329585014907, 58.81259807540912, 2.0, 9.0, 7.0, 0.0, 0.0, 1.0, 1053.0, 1203.0, 1230.0, 218.0, 171.0, 200.0, 85691.32518782068, 2.7615477434035385, 39802.29747188528, 3.0752167983900116, 87558.21392074064, 3.2850001743834665, 20323996.8, 11609848.439999998, 26617114.289999995, 14019664.0, 13237181.0, 17586737.0]
[391.23655913978496, 270.3440860215054, 491.9032258064516, 87.65591397849462, 50.225806451612904, 70.43010752688173, 291.67970811690384, 236.94094359710854, 320.3169987112675, 56.40815825663486, 35.0630268021366, 57.25598465956321, 0.0, 7.0, 4.0, 3.0, 3.0, 1.0, 1184.0, 1136.0, 1330.0, 199.0, 165.0, 188.0, 95830.96313556728, 3.068069340151878, 45928.59409561742, 3.1826370653105545, 116764.89272447802, 3.116556659912247, 20517874.829999994, 11124626.520000001, 29706591.03, 13652744.0, 12435839.0, 17956439.0]
[429.35483870967744, 236.33333333333334, 462.10752688172045, 82.0, 65.79569892473118, 60.02150537634409, 293.66009799712356, 179.24857244797707, 331.59694176900416, 75.07112569452704, 139.99538495031408, 158.02201129662586, 11.0, 0.0, 18.0, -440.0, 0.0, -1329.0, 1419.0, 851.0, 1378.0, 198.0, 1359.0, 208.0, 107680.73416511358, 3.024951537486967, 40896.47773136108, 3.343285093934045, 138748.6460958518, 3.2504944254727164, 23322422.820000004, 7579811.549999999, 27877246.62, 11910727.0, 10580655.0, 16767161.0]
[397.9462365591398, 203.49462365591398, 450.2795698924731, 77.90322580645162, 50.365591397849464, 77.19354838709677, 308.15218450824636, 185.35580494633146, 298.68048092697575, 49.620968682194494, 34.08805252457503, 62.81412504962837, 15.0, 2.0, 24.0, 4.0, 0.0, 0.0, 1380.0, 975.0, 1413.0, 192.0, 141.0, 238.0, 108920.95336202774, 3.2954390700471037, 22537.844568188466, 3.268625053893612, 94350.22685998573, 3.059327436998102, 21821247.509999998, 6521121.870000001, 25168803.900000002, 10172115.0, 9648235.0, 17153046.0]
[492.5425531914894, 239.0212765957447, 434.0425531914894, 171.4255319148936, -41.234042553191486, 121.25531914893617, 564.0534685418186, 1235.4489931179687, 1009.4148514143116, 876.4685800496388, 664.9496937157949, 733.3787610978837, -2242.0, -4043.0, -7644.0, -447.0, -4947.0, -2247.0, 3150.0, 11253.0, 4996.0, 8550.0, 166.0, 6750.0, 269202.40865814715, 3.648364567934339, 1393904.3655463462, 3.7253814446173603, 962301.5112570673, 3.673848102925888, 49249199.1, 138480247.28000003, 105720241.48, 53399981.0, -98981768.0, -14241015.0]
[549.6236559139785, 149.41935483870967, 501.44086021505376, 78.3763440860215, 58.473118279569896, 71.6236559139785, 384.7040905168569, 125.00281062758802, 345.9786202984222, 50.404432598923755, 49.33351259712449, 53.9208183516015, 15.0, 3.0, 13.0, 0.0, 0.0, 0.0, 1564.0, 476.0, 1454.0, 197.0, 257.0, 204.0, 135555.44644257586, 2.927255300771817, 13655.78049427021, 3.4789792463406237, 121845.48153081279, 3.0822532582165314, 38790075.870000005, 3267923.28, 31988934.720000003, 7776208.0, 6525041.0, 23885146.0]
[425.4193548387097, 168.30107526881721, 481.0752688172043, 62.946236559139784, 46.193548387096776, 72.75268817204301, 297.7014233210942, 136.82468828730504, 323.51208688390807, 40.256613173003295, 34.921109245952394, 56.26290304454199, 8.0, 3.0, 2.0, 0.0, 0.0, 1.0, 1158.0, 564.0, 1443.0, 153.0, 140.0, 198.0, 82569.47529016517, 2.907435239658987, 25007.092248393245, 3.3566589023987845, 103642.82064157302, 3.1549491543932353, 23235953.279999997, 4051619.3999999994, 28971391.619999997, 7017206.0, 7617421.0, 17919222.0]
[485.86021505376345, 201.50537634408602, 450.0752688172043, 73.20430107526882, 51.25806451612903, 66.17204301075269, 339.0321451797317, 133.76184414488912, 329.41830274905533, 43.91977843547724, 31.565977565908593, 52.77817064722588, 2.0, 5.0, 3.0, 0.0, 1.0, 1.0, 1300.0, 623.0, 1757.0, 168.0, 132.0, 189.0, 115683.22348854598, 3.256076640196121, 18163.582425057317, 3.327686733491462, 128235.2172674222, 3.0760664396038573, 30251347.830000002, 5042735.279999999, 26804749.229999997, 10594992.0, 8431037.0, 21267136.0]
[481.1182795698925, 226.8709677419355, 490.36559139784947, 71.75268817204301, 49.46236559139785, 83.34408602150538, 353.6548873352924, 190.66190345891084, 323.7207527479522, 44.037201643210146, 33.20278901976424, 61.63541024578674, 1.0, 2.0, 1.0, 2.0, 1.0, 2.0, 1567.0, 912.0, 1485.0, 178.0, 137.0, 227.0, 117753.35932575676, 2.9425213180538226, 23274.276052095272, 3.2768356288301024, 81231.88960525987, 3.1681046715688472, 30721396.8, 7561951.830000001, 29763519.119999997, 11013455.0, 10763456.0, 24360310.0]
[381.7096774193548, 279.7956989247312, 415.19354838709677, 70.7741935483871, 54.0, 60.02150537634409, 292.151039727784, 202.47659870903092, 275.5976217030166, 46.606616677168994, 38.227579390892075, 54.054115093846235, 2.0, 2.0, 3.0, 0.0, 0.0, 0.0, 1573.0, 860.0, 1448.0, 160.0, 176.0, 190.0, 66146.91089102754, 3.1213194184434485, 40171.80390771667, 2.9567627175094957, 72232.63482132791, 3.1528468003956753, 19904526.81, 10278608.31, 21408266.13, 11894917.0, 10212360.0, 16372571.0]
[433.10752688172045, 209.76344086021504, 341.9569892473118, 71.27956989247312, -23.150537634408604, 140.61290322580646, 886.1991318861544, 1130.9543622615665, 1158.1682681115044, 62.14103272105385, 705.8186111705385, 695.0819631409457, 1.0, -10341.0, -10347.0, 0.0, -6748.0, 0.0, 8551.0, 974.0, 1183.0, 451.0, 149.0, 6751.0, 264235.4061397955, 3.5955196623964287, 418133.3339568212, 3.694165584574053, 448077.6968316963, 3.7064604969841217, 83418430.41000001, 113241803.39999999, 124879897.80000001, -76158535.0, 119966835.0, -72672100.0]
[308.7204301075269, 368.6774193548387, 485.80645161290323, 69.39784946236558, 48.946236559139784, 69.29032258064517, 233.71928375684575, 241.35668000818254, 309.5241178375954, 46.14960072957112, 35.0125336537714, 55.93233113503458, 0.0, 1.0, 2.0, 3.0, 2.0, 1.0, 957.0, 1019.0, 1365.0, 170.0, 160.0, 186.0, 44573.12000025159, 3.358661390865093, 53372.01881100414, 2.842979265628719, 83479.07363063216, 2.961111198422645, 12916904.85, 16740114.389999999, 28609415.160000004, 13510413.0, 15923677.0, 14421245.0]
[298.81720430107526, 420.7204301075269, 442.7956989247312, 67.33333333333333, 50.69892473118279, 67.52688172043011, 257.6080164427679, 303.0639323279395, 340.9076618299201, 51.292921228137736, 34.26202897182261, 54.07173001587587, 11.0, 1.0, 1.0, 1.0, 0.0, 0.0, 1467.0, 1394.0, 1666.0, 189.0, 143.0, 189.0, 44571.42949182897, 3.3556188449072435, 94314.71802006406, 3.1445718551801605, 111428.96182643322, 3.1509714743240234, 13400764.320000002, 23167714.529999994, 26901538.980000004, 15078103.0, 18655891.0, 14111345.0]
[224.0215053763441, 388.8494623655914, 438.5268817204301, 73.81720430107526, 47.634408602150536, 71.72043010752688, 174.85298038604643, 288.92352479342287, 279.53204651772586, 51.52773551090442, 35.77611084965611, 56.139454774887966, 7.0, 1.0, 28.0, 4.0, 0.0, 1.0, 793.0, 1289.0, 1566.0, 208.0, 132.0, 204.0, 24642.080230951062, 3.2040761189184424, 97228.51776397815, 2.8854251957018118, 70352.50746229118, 3.0190379406816423, 6956429.759999999, 20219900.97, 23318032.290000003, 10182594.0, 16336817.0, 9646662.0]
[193.40860215053763, 457.01075268817203, 455.16129032258067, 70.38709677419355, 51.365591397849464, 70.09677419354838, 161.0597537345217, 347.92048362607403, 328.85226266393016, 55.703218285384814, 37.245012781473164, 59.8005861022843, 1.0, 1.0, 10.0, 0.0, 0.0, 0.0, 680.0, 1350.0, 1291.0, 200.0, 154.0, 202.0, 25700.710827196235, 3.052536095282737, 103681.51646132952, 2.9823083291519166, 100059.19763985353, 2.9852310741103594, 5454768.99, 28421123.640000004, 27171073.44, 9633815.0, 19170557.0, 8333267.0]
[161.88172043010752, 446.3225806451613, 483.9569892473118, 79.61290322580645, 50.946236559139784, 70.26881720430107, 125.05606129481755, 322.29260811480276, 311.4588364866527, 60.56043195563897, 38.04555781399734, 54.912606413746246, 1.0, 21.0, 23.0, 1.0, 1.0, 0.0, 699.0, 1222.0, 1266.0, 214.0, 180.0, 191.0, 13536.92329875502, 3.37951291036657, 113709.16733503042, 3.056951128017043, 79922.48232745471, 3.0888115527764786, 3604604.6700000013, 26116473.9, 28557085.920000013, 7341362.0, 21473928.0, 8147447.0]
[155.63440860215053, 465.36559139784947, 446.83870967741933, 81.11827956989248, 55.46236559139785, 62.0, 119.75852379087829, 336.70267444303454, 299.72238206607204, 54.03216623745799, 41.251761264055496, 50.15584408274049, 5.0, 18.0, 12.0, 4.0, 0.0, 0.0, 506.0, 1384.0, 1444.0, 194.0, 223.0, 174.0, 17096.708542543147, 3.408402011366728, 125315.31001604036, 3.1439622001358503, 99008.80655397908, 3.3060110971010634, 3322077.18, 28430543.610000003, 24955166.159999993, 7371085.0, 18851636.0, 6240547.0]
[176.03225806451613, 459.7204301075269, 406.7204301075269, 85.38709677419355, 49.053763440860216, 61.82795698924731, 128.58641584324118, 355.66857941406863, 307.98903726930587, 55.060052641769666, 36.287309313371544, 48.010556732215264, 2.0, 3.0, 6.0, 1.0, 0.0, 0.0, 585.0, 1378.0, 1338.0, 216.0, 144.0, 176.0, 13020.788012836603, 3.4529650709239617, 116798.0125720698, 3.151861953649241, 100829.44710317728, 3.222282985219581, 4094785.3500000006, 29102397.0, 22423292.31, 8147678.0, 16346351.0, 6801183.0]
[158.81914893617022, 438.48936170212767, 469.22340425531917, 75.84042553191489, -149.17021276595744, 116.87234042553192, 511.1584137334049, 1552.769158318581, 1412.6308876782693, 281.73331793422227, 1404.156982296188, 415.22211270913255, -4049.0, -10347.0, -8531.0, -2248.0, -11250.0, 0.0, 2256.0, 10355.0, 10355.0, 1350.0, 137.0, 4052.0, 177260.62055588694, 3.6534114500454855, 1415537.5926567642, 3.6159497309441, 1169961.8279970814, 3.5867355916154358, 25070103.619999997, 227766903.04000002, 193903159.57999998, -56962210.0, 213299064.0, -54073128.0]
[272.0430107526882, 471.98924731182797, 479.80645161290323, 107.13978494623656, 58.086021505376344, 70.48387096774194, 204.67853448222988, 342.57980646291225, 371.33590378010194, 79.46363557133614, 44.30910592299494, 58.68867991418895, 4.0, 1.0, 6.0, 2.0, 1.0, 0.0, 1005.0, 1536.0, 1456.0, 284.0, 211.0, 197.0, 35078.338782592095, 3.03801034213491, 103146.72610885043, 2.825341688290437, 143269.3353727526, 3.16585141438041, 9985290.959999997, 29309110.89, 31709127.47999999, 15818548.0, 20000129.0, 12670350.0]
[253.32258064516128, 425.494623655914, 464.98924731182797, 95.17204301075269, 54.526881720430104, 64.63440860215054, 207.65330435767015, 324.39956654583955, 329.6175482949786, 70.30100247536737, 39.32793879061635, 56.55062851806115, 6.0, 19.0, 11.0, 1.0, 1.0, 0.0, 897.0, 1524.0, 1341.0, 254.0, 199.0, 215.0, 32385.41821729621, 3.109861457153604, 108395.61108251232, 3.2064427667777693, 103605.77051397346, 3.2537920245915024, 9239603.01, 24662553.749999996, 27996334.98, 13315920.0, 18392730.0, 10783924.0]
[274.63440860215053, 389.0967741935484, 446.3225806451613, 85.39784946236558, 47.55913978494624, 70.33333333333333, 185.29118007038193, 299.4289152963822, 301.37370854466315, 61.304858269951424, 37.41554616605457, 56.97698492895356, 13.0, 7.0, 8.0, 0.0, 0.0, 1.0, 900.0, 1324.0, 1234.0, 219.0, 171.0, 198.0, 30971.796402367905, 3.2128597240307775, 96563.05899415212, 3.127984050845238, 86905.79996466104, 3.001733728781183, 9460943.009999998, 20765376.660000004, 25000222.799999997, 11569042.0, 16068782.0, 10914715.0]
[279.9569892473118, 330.0967741935484, 437.61290322580646, 84.05376344086021, 45.97849462365591, 60.39784946236559, 210.70435262927958, 276.5682974269737, 308.19612023409576, 62.63444072577313, 34.805352691361705, 48.627273565925464, 2.0, 1.0, 12.0, 0.0, 0.0, 1.0, 829.0, 1319.0, 1526.0, 203.0, 140.0, 176.0, 43790.14376896196, 3.0450088173087746, 80802.44838850669, 2.9847645972420866, 80987.78554898791, 3.0046146905485682, 10577282.459999997, 15968772.389999999, 24690175.68, 10775603.0, 14405755.0, 11192448.0]
[362.89247311827955, 342.247311827957, 480.68817204301075, 92.17204301075269, 50.526881720430104, 71.93548387096774, 239.4767603486361, 263.4626718842554, 293.76957764527475, 65.99796170368906, 38.36880282714112, 57.905996995808145, 4.0, 3.0, 6.0, 2.0, 0.0, 1.0, 1110.0, 1174.0, 1109.0, 216.0, 171.0, 196.0, 65178.85754763612, 2.944179905447936, 86528.89811819057, 3.0338773725259114, 80212.50685263397, 3.0196478756916725, 16296740.609999996, 16069792.710000005, 27368352.479999993, 14715608.0, 15175281.0, 16670400.0]
[365.6666666666667, 327.68817204301075, 464.44086021505376, 89.23655913978494, 49.41935483870968, 69.9247311827957, 263.63035441336405, 238.56668826532157, 313.5504419015277, 59.13606231642973, 32.75280359079972, 56.9324994218248, 8.0, 17.0, 7.0, 3.0, 4.0, 0.0, 1108.0, 988.0, 1111.0, 206.0, 132.0, 211.0, 60453.675900459486, 2.993675085699807, 51160.786105291096, 2.731588200835449, 76937.61273430925, 3.013192198164841, 17511262.95, 14156823.630000003, 27068088.029999994, 14756345.0, 14182227.0, 15525614.0]
[400.2903225806452, 290.752688172043, 450.51612903225805, 75.66666666666667, 45.45161290322581, 65.52688172043011, 288.31962866737814, 231.92022878539316, 303.11300134578977, 53.61706682645428, 34.14849800281891, 54.659338554885544, 3.0, 2.0, 10.0, 1.0, 0.0, 1.0, 1290.0, 968.0, 1118.0, 180.0, 149.0, 196.0, 74013.9418461151, 3.2611856953738396, 52801.68458334001, 3.3825974361278486, 90006.72299817641, 3.246739196779645, 20970944.78999999, 11913631.079999998, 25415462.22, 13940913.0, 13175829.0, 16488315.0]
[385.10752688172045, -46.56989247311828, 575.6774193548387, -41.516129032258064, -57.376344086021504, 70.3763440860215, 1521.2168860485513, 1947.9155938650974, 527.0481613437966, 1554.2336543951228, 1316.494083557921, 734.7074678723217, -13069.0, -13049.0, 11.0, -11856.0, -12147.0, -5850.0, 4951.0, 936.0, 4064.0, 5850.0, 3150.0, 3150.0, 2139264.4172852566, 3.71602610169226, 2979923.5632296233, 3.514488781219343, 270233.58746996074, 3.39801259208271, 210821607.93000004, 324834314.37000006, 52430011.080000006, -50085938.0, -58536371.0, 25262201.0]
[447.01075268817203, 214.72043010752688, 482.3010752688172, 72.41935483870968, 50.32258064516129, 69.33333333333333, 317.36176362876125, 165.74124447931516, 309.9549330827136, 49.5153297695566, 37.35585667670454, 54.888094324276956, 5.0, 9.0, 1.0, 1.0, 1.0, 0.0, 1136.0, 652.0, 1276.0, 176.0, 148.0, 186.0, 97450.93501603304, 3.1472076195130056, 31522.730954556555, 3.278296681402541, 113471.3629370259, 3.1328503461614905, 25899785.76, 6337956.51, 28338738.66, 10422320.0, 10089839.0, 20696825.0]
[465.0752688172043, 174.34408602150538, 439.8494623655914, 79.39784946236558, 59.505376344086024, 62.913978494623656, 324.9601392465109, 154.7217344154151, 301.98621283805824, 53.91985594277989, 41.78324598082086, 51.89593598773425, 12.0, 2.0, 4.0, 0.0, 2.0, 0.0, 1550.0, 813.0, 1260.0, 196.0, 170.0, 205.0, 130355.11951764644, 2.9536928810006136, 15891.601472333617, 3.223518595981937, 77217.2109851107, 3.2044299745796025, 27742413.360000007, 4677142.9799999995, 24535710.12, 9241502.0, 7927910.0, 19020696.0]
[399.40860215053766, 210.50537634408602, 400.0537634408602, 125.01075268817205, -91.17204301075269, 23.365591397849464, 430.1429296468775, 343.7558101850762, 1093.4934083178534, 508.1709848890656, 1358.7115189835579, 430.2977681071117, -2250.0, 0.0, -9432.0, 0.0, -13048.0, -4045.0, 1268.0, 3152.0, 1520.0, 4952.0, 155.0, 203.0, 146341.88080871225, 3.2902446138743744, 48568.37850433547, 3.5213382153515522, 420555.7347859211, 3.59635465186635, 29628072.99, 13943048.25, 116148593.73, 1527682.0, -20548159.0, 42305355.0]
[446.32978723404256, 180.58510638297872, 502.1808510638298, 64.54255319148936, 51.723404255319146, 74.11702127659575, 317.74353586981283, 133.95813898976598, 328.77393490746294, 41.32526756897864, 36.026992346485784, 60.35662053697758, 16.0, 1.0, 2.0, 0.0, 1.0, 0.0, 1357.0, 559.0, 1416.0, 167.0, 160.0, 202.0, 87005.0355825189, 2.900401417112911, 15940.750335439634, 3.4467470427045965, 104368.90549220858, 3.0917094021533664, 26428226.9, 4450239.18, 31732549.140000004, 8023821.0, 8335086.0, 21034103.0]
[417.6989247311828, 157.5483870967742, 310.2258064516129, -66.25806451612904, 271.2795698924731, -32.82795698924731, 543.1268925507875, 1182.7389134154475, 1443.3835936635912, 1013.3959042574518, 1449.7803984051561, 1083.7482623591295, -3150.0, -10337.0, -10337.0, -9450.0, 0.0, -10348.0, 2256.0, 4055.0, 1553.0, 166.0, 11252.0, 455.0, 359868.4413748804, 3.688348099085761, 1888544.6674980915, 3.721690402521633, 2740390.5320380577, 3.4860046906136253, 40329189.59999999, 121834242.66, 186575758.34999996, -24626252.0, 86567521.0, 20180903.0]
[432.03225806451616, 213.69892473118279, 378.16129032258067, 135.6451612903226, -35.935483870967744, 70.91397849462365, 634.8830507097678, 403.2177043038272, 723.1392206195961, 788.9618749421305, 893.3605558501831, 67.14887028639173, 2.0, -3139.0, -5849.0, 0.0, -8549.0, 0.0, 5868.0, 941.0, 1599.0, 7654.0, 168.0, 452.0, 156637.32268469947, 3.4532176479544976, 72751.39676818738, 3.3415525522175265, 187199.16319247772, 3.553261886352395, 50630744.730000004, 17860490.040000007, 57110504.85, -9387633.0, 27894540.0, -18812593.0]
[448.3936170212766, 373.90425531914894, 461.32978723404256, 98.7127659574468, 55.223404255319146, -29.914893617021278, 798.8115260512757, 787.2538914855339, 358.090767261324, 414.3178257032794, 57.764846670506095, 983.6585501161751, 7.0, 1.0, -450.0, 0.0, 2.0, -9448.0, 7654.0, 7656.0, 1488.0, 4052.0, 452.0, 227.0, 427231.58672098623, 3.6853511600266273, 401889.6124574095, 3.7403141196148533, 141030.0830965531, 3.230998813197296, 73548071.26000002, 66533294.940000005, 30015011.22000001, 71579314.0, 10010357.0, 13399792.0]
[288.3225806451613, 385.96774193548384, 558.258064516129, 67.65591397849462, 55.75268817204301, 80.90322580645162, 221.8960862014667, 291.5954035695508, 356.4604345147916, 52.73054857184943, 44.89351069450677, 62.5812627389605, 3.0, 3.0, 19.0, 1.0, 0.0, 0.0, 838.0, 1438.0, 1341.0, 199.0, 188.0, 225.0, 45772.4507762004, 3.113538063283948, 109011.94254740121, 3.04828279750561, 109236.40839466675, 3.158869819771774, 11402698.379999997, 20159495.61, 37826386.61999999, 13730265.0, 21113982.0, 14274765.0]
[242.3763440860215, 411.21505376344084, 496.1505376344086, 62.75268817204301, 53.623655913978496, 67.3763440860215, 183.62017235365144, 296.5074179533385, 333.52106856847234, 48.77513976401844, 40.864812645795524, 55.31155119127166, 12.0, 5.0, 19.0, 1.0, 0.0, 0.0, 760.0, 1331.0, 1406.0, 174.0, 172.0, 180.0, 38900.12309386942, 3.346528168110156, 68445.24941954786, 3.0314285821770928, 94648.16496987054, 3.1719436390919418, 7965739.229999999, 22147418.970000003, 30808219.74, 11986042.0, 19812182.0, 11294585.0]
[237.34408602150538, 436.4516129032258, 473.78494623655916, 67.54838709677419, 55.88172043010753, 77.9247311827957, 173.46654198280075, 324.81678836354047, 330.02384134767823, 51.76609519270989, 41.68850573061387, 61.72928917936764, 1.0, 2.0, 2.0, 1.0, 0.0, 0.0, 799.0, 1488.0, 1475.0, 187.0, 197.0, 198.0, 39189.48036305942, 3.335920035539199, 100991.3277257483, 3.2221378133464107, 102636.38599098897, 3.1712442705754422, 7446728.550000001, 25502569.74, 28733428.799999997, 11496869.0, 18771430.0, 10572717.0]
[180.31914893617022, 445.3723404255319, 465.1170212765957, 70.96808510638297, 57.0, 74.69148936170212, 146.2728495350243, 319.2892976139469, 293.7926580834177, 51.79767340805282, 37.11475954851501, 63.13954959048356, 7.0, 1.0, 1.0, 0.0, 0.0, 0.0, 636.0, 1433.0, 1228.0, 175.0, 134.0, 218.0, 18413.12350357682, 3.4396223285083716, 90134.44571063417, 3.0902850337107317, 79388.08439018957, 3.346096913958361, 4743441.16, 26438871.46000001, 26660839.29999999, 7948738.0, 19175163.0, 8448842.0]
[179.46236559139786, 509.68817204301075, 443.59139784946234, 72.6236559139785, 62.225806451612904, 73.33333333333333, 121.1683664360378, 358.0662125584737, 332.8040694175041, 50.23443171737164, 42.42515892011384, 60.163786112746344, 2.0, 9.0, 17.0, 3.0, 0.0, 0.0, 561.0, 1716.0, 1317.0, 186.0, 167.0, 213.0, 13511.65316200191, 3.4625743654918386, 113178.12487976524, 3.1149427861879397, 118810.17160037867, 3.2451291525471735, 4041733.4999999995, 33438316.47, 26495426.579999994, 9342311.0, 20991155.0, 7678222.0]
[171.86021505376345, 477.1290322580645, 508.5483870967742, 77.02150537634408, 60.043010752688176, 67.53763440860214, 128.4753056459599, 356.21003897329683, 346.58255544954295, 58.74724387515214, 45.43579176646463, 53.0620144039408, 0.0, 5.0, 10.0, 2.0, 0.0, 0.0, 680.0, 1388.0, 1488.0, 253.0, 205.0, 175.0, 22937.12124825988, 3.263731010176878, 110010.72640866943, 2.9844552322929054, 100062.90983818579, 3.2473284715297455, 3966808.0499999993, 30545962.529999994, 32645591.910000004, 8570362.0, 22473847.0, 7952368.0]
[196.10752688172042, 459.98924731182797, 477.8817204301075, 85.25806451612904, 54.98924731182796, 75.79569892473118, 150.10796566396377, 329.15056996640595, 328.9338789596516, 65.0962336494487, 43.07664923377759, 64.14480207681356, 2.0, 4.0, 27.0, 2.0, 1.0, 1.0, 596.0, 1569.0, 1485.0, 247.0, 158.0, 228.0, 26783.588427306353, 3.005915960794385, 95351.10785932206, 3.1140815159450366, 115586.67495637338, 2.846529154884399, 5254118.700000001, 27570007.169999998, 29009180.310000002, 9145672.0, 21689834.0, 8657494.0]
[216.68085106382978, 438.6808510638298, 477.21276595744683, 88.47872340425532, 53.734042553191486, 73.2872340425532, 161.23009756419, 356.4152831150448, 335.564293547593, 66.05825528142488, 42.03229059067855, 60.108078704950714, 4.0, 3.0, 18.0, 0.0, 1.0, 0.0, 777.0, 1547.0, 1474.0, 228.0, 149.0, 226.0, 31924.857646042787, 3.0294545179903203, 169104.00703974642, 3.1623877737530837, 134094.59733071856, 2.964672874631257, 6421049.76, 28109201.639999997, 29966190.44000001, 10685507.0, 22183540.0, 10030111.0]
[271.26881720430106, 436.02150537634407, 468.505376344086, 85.31182795698925, 46.44086021505376, 75.04301075268818, 189.02571367437693, 321.96310139972036, 346.2242181158204, 64.05618771567453, 33.27012707781151, 61.56384349290945, 6.0, 1.0, 0.0, 0.0, 1.0, 0.0, 871.0, 1224.0, 1414.0, 213.0, 134.0, 226.0, 33498.63506345411, 3.0655963714663637, 109753.73301111162, 3.1294504818630746, 108288.42031302454, 2.98791731225283, 9421640.280000001, 25312195.02, 29240501.069999997, 14342593.0, 18719382.0, 10880272.0]
[329.2903225806452, 402.7096774193548, 328.6666666666667, 106.90322580645162, 19.903225806451612, 131.40860215053763, 238.37983850428625, 402.4635435999995, 1247.2509713394684, 234.59669669067534, 334.8062406733616, 602.6232913102069, 4.0, 3.0, -11226.0, 0.0, -3149.0, 0.0, 1076.0, 3153.0, 1237.0, 2254.0, 169.0, 5853.0, 63673.583563710934, 2.8537472895252263, 94414.72886532523, 3.2151379096804886, 380454.8501376897, 3.606783462828117, 14240236.259999996, 27885266.939999994, 142442932.91999996, 16388535.0, -18724880.0, 9159028.0]
[377.02150537634407, 350.31182795698925, 453.0430107526882, 87.6989247311828, 54.59139784946237, 70.20430107526882, 303.6909176210828, 264.7435583851, 337.5171465524734, 64.46953863550372, 42.105002429005005, 51.95118091719356, 3.0, 23.0, 9.0, 0.0, 0.0, 0.0, 1884.0, 1324.0, 1788.0, 210.0, 180.0, 197.0, 62460.693649247165, 2.91799018735856, 52911.90724424798, 3.2066122066971587, 78887.08500621117, 3.1909554983945334, 20185182.21, 16610740.23, 27498705.930000007, 15987014.0, 15390724.0, 17321067.0]
[425.5698924731183, 310.63440860215053, 480.2043010752688, 95.76344086021506, 60.59139784946237, 81.09677419354838, 287.5026048218279, 217.10019651054714, 313.2187927874263, 58.084346063263965, 37.38641829628479, 61.59546576270484, 1.0, 1.0, 6.0, 1.0, 0.0, 0.0, 1218.0, 875.0, 1381.0, 194.0, 174.0, 222.0, 86611.94549711952, 3.072605386652018, 45854.70682924891, 2.920195952845554, 124779.08447621948, 2.9301610169979475, 22736377.73999999, 12378399.510000002, 28338213.210000005, 14615821.0, 14662476.0, 18182338.0]
[427.752688172043, 233.9784946236559, 433.8494623655914, 78.52688172043011, 55.344086021505376, 74.7741935483871, 280.7352402684151, 205.07845680503667, 255.27610568867857, 55.57028283836476, 40.48711405943976, 54.50351584835327, 6.0, 4.0, 4.0, 0.0, 0.0, 0.0, 1131.0, 1087.0, 1212.0, 188.0, 159.0, 185.0, 69746.27310869283, 3.022300457513792, 54537.94973664158, 3.2817184330961235, 73596.09326446117, 3.2626513794129792, 22568457.869999997, 8333387.759999999, 21855204.6, 10569111.0, 9649914.0, 16583985.0]
[465.68817204301075, 225.44086021505376, 466.752688172043, 77.88172043010752, 54.505376344086024, 72.96774193548387, 393.9418125896321, 182.4938034901335, 303.098264160751, 49.144606821264155, 36.76116324267571, 59.975439105792965, 8.0, 7.0, 7.0, 0.0, 0.0, 0.0, 1710.0, 1205.0, 1259.0, 194.0, 150.0, 223.0, 116889.11210032112, 2.817842667233054, 45916.552989957694, 3.26256643993613, 84088.31301237238, 3.1690955891398724, 32034764.19, 7245220.799999999, 26702818.440000005, 11388095.0, 10849708.0, 20504188.0]
[418.9569892473118, 182.94623655913978, 454.3225806451613, 66.80645161290323, 46.075268817204304, 74.12903225806451, 322.7584206956764, 136.92288892970552, 336.9787169543863, 45.75698047590215, 38.013223259676295, 59.292610032685175, 1.0, 1.0, 30.0, 0.0, 0.0, 0.0, 1285.0, 624.0, 1598.0, 167.0, 154.0, 195.0, 89159.54428091101, 2.8912999902243812, 16023.032005045712, 3.0039304308947554, 120638.33938226866, 3.255708279179546, 24094195.41, 4498830.360000001, 27568051.379999995, 8025234.0, 8080669.0, 18468680.0]
[505.5806451612903, 167.88172043010752, 536.236559139785, 76.44086021505376, 56.67741935483871, 79.24731182795699, 364.8824504752135, 138.5503243576739, 341.50760376821785, 48.57053641815827, 33.93669339351248, 62.31418568239821, 8.0, 0.0, 1.0, 0.0, 4.0, 0.0, 1470.0, 602.0, 1306.0, 175.0, 157.0, 211.0, 158649.36751217933, 3.0065207804989056, 14620.85817923465, 3.4284858491144847, 131808.52981893273, 3.171702840134634, 33499253.789999995, 4080083.910000001, 34848813.06, 8273572.0, 9151654.0, 24607551.0]
[499.741935483871, 188.9247311827957, 514.3655913978495, 72.53763440860214, 60.27956989247312, 75.93548387096774, 348.0248586581701, 141.14502536776936, 320.81746079508383, 44.259010170807855, 42.016395762326816, 57.132722378155684, 5.0, 5.0, 17.0, 0.0, 0.0, 0.0, 1407.0, 626.0, 1192.0, 163.0, 164.0, 177.0, 127411.7922616125, 3.193326961872343, 23665.247905612207, 3.3917687051301737, 101268.28678683907, 3.1001844343027223, 31963324.380000003, 4791568.319999999, 31688992.98, 10792914.0, 9268241.0, 23720074.0]
[471.6774193548387, 226.21505376344086, 531.7741935483871, 64.03225806451613, 55.903225806451616, 82.6989247311828, 373.89864824372563, 172.41644791043407, 381.9567505972217, 46.655176238502435, 39.885178819720316, 62.85244710850073, 4.0, 1.0, 23.0, 0.0, 0.0, 3.0, 1328.0, 829.0, 1690.0, 183.0, 160.0, 219.0, 142129.34457957896, 2.7243528128657086, 29085.343149301916, 3.077006839439893, 105993.78235841934, 2.846020103864724, 31203564.599999998, 6969453.479999999, 36940400.730000004, 11605525.0, 11424970.0, 22464442.0]
