[425.80434782608694, 344.8478260869565, 603.2826086956521, 171.19565217391303, 157.2391304347826, 214.45652173913044, 348.75503147721946, 244.49057854070588, 526.6590152627105, 241.4194707755885, 124.54310896367636, 348.40900017216285, 18.0, 1.0, 15.0, 9.0, 0.0, 0.0, 1286.0, 1003.0, 2137.0, 1224.0, 446.0, 1766.0, 108662.4226523682, 2.6846294458842554, 58364.05739344899, 2.663003528553399, 404614.9129740357, 2.705294898179794, 12708496.360000003, 7507407.0, 26885466.360000003, 6638219.0, 10750033.0, 11734032.0]
[334.83168316831683, 299.55445544554453, 411.35643564356434, 107.3069306930693, 119.03960396039604, 222.85148514851485, 274.18556013426127, 267.61365717195844, 338.54791637694115, 93.56075486808103, 89.81424394739169, 371.31839130693794, 0.0, 3.0, 4.0, 0.0, 1.0, 0.0, 1666.0, 1298.0, 1476.0, 433.0, 332.0, 2772.0, 72724.85393632055, 3.471184396697943, 54875.71865082293, 3.4536871050270066, 114150.39095873277, 3.4114568856068552, 38059042.2, 32773948.539999995, 57675231.89999999, 9888773.0, 14663023.0, 14732759.0]
[290.5217391304348, 359.69565217391306, 394.7173913043478, 123.84782608695652, 101.41304347826087, 212.80434782608697, 273.96932019077815, 229.0905565312273, 287.0082200172809, 91.9555369346885, 81.29741723024895, 247.44773810198274, 9.0, 2.0, 14.0, 1.0, 1.0, 13.0, 992.0, 779.0, 1142.0, 329.0, 296.0, 1173.0, 82354.43978225111, 2.6772047115176076, 45867.95878342773, 2.7656825210515015, 69851.52776329007, 2.7024066898718107, 6679380.32, 7648177.119999999, 10003804.920000004, 5203084.0, 7063460.0, 5583810.0]
[284.1506849315069, 364.26027397260276, 348.1232876712329, 145.6164383561644, 99.98630136986301, 183.04109589041096, 231.6592127837352, 293.2406116427098, 316.45668236152534, 108.92564106574243, 70.52649091548763, 209.82383075889618, 20.0, 1.0, 8.0, 1.0, 0.0, 1.0, 1132.0, 1278.0, 1775.0, 378.0, 280.0, 834.0, 83025.99893036325, 3.164869533739464, 80185.67838138055, 3.1534481641882874, 74908.25602841505, 3.0516742954326164, 14246809.940000001, 23180900.34, 23443636.1, 9018442.0, 11540903.0, 8537065.0]
[296.53333333333336, 351.01666666666665, 405.55, 173.26666666666668, 115.91666666666667, 195.53333333333333, 194.61543711016844, 305.87044402994127, 303.24948754270844, 121.75717243574614, 94.79081191022085, 238.87869885856625, 6.0, 20.0, 5.0, 2.0, 6.0, 3.0, 728.0, 1434.0, 1364.0, 364.0, 331.0, 1172.0, 39578.78991089301, 2.6122410799111626, 156195.14184401854, 3.189352350590522, 120167.14946518997, 3.1507607578692456, 9012667.200000001, 15495130.8, 18352683.6, 6846065.0, 10643878.0, 7654795.0]
[332.7, 409.06666666666666, 390.15, 189.31666666666666, 97.65, 195.38333333333333, 246.92442403788385, 518.866622313878, 407.97677006816724, 121.99034300021759, 77.59713977779668, 213.10633071800189, 8.0, 8.0, 5.0, 4.0, 2.0, 1.0, 1425.0, 3123.0, 2412.0, 371.0, 292.0, 1006.0, 53573.89487065818, 2.544720062878718, 176641.28023787448, 2.760288598020488, 116418.48077107398, 2.809323166425471, 12286423.199999997, 31109116.8, 22743934.800000004, 11863347.0, 17981324.0, 9143170.0]
[220.1086956521739, 96.93478260869566, 86.8913043478261, 247.97826086956522, 92.8913043478261, 159.56521739130434, 1060.0830832902961, 2101.6051051218915, 1976.4999280800603, 192.71204645854795, 85.25054011190768, 174.00557490097367, -6465.0, -13455.0, -12828.0, 7.0, 0.0, 3.0, 1903.0, 2552.0, 1422.0, 758.0, 331.0, 681.0, 809729.6773662992, 3.0555382892475658, 3135867.7492239303, 3.121426323871167, 2937611.9734326187, 3.1084982658216815, 48574644.84, 183250855.95999998, 162050771.56, 96346402.0, 182890254.0, 90935128.0]
[406.1636363636364, 278.53939393939396, 419.53939393939396, 158.9090909090909, 185.6969696969697, 110.78181818181818, 283.3084867589092, 249.1603092772656, 354.735997626158, 956.830258783745, 1011.7202171829001, 841.904403882746, 2.0, 5.0, 2.0, -11868.0, 0.0, -10343.0, 1271.0, 1586.0, 2055.0, 794.0, 13055.0, 808.0, 76389.49894551659, 3.838085104134108, 69220.43504309209, 3.726051602097666, 125156.35837714808, 3.155969541213518, 133264279.49999999, 75842754.89999999, 163942567.8, 17222307.0, 20422590.0, 30035289.0]
[399.0888888888889, 341.0444444444444, 410.7111111111111, 138.44444444444446, 110.8, 194.13333333333333, 278.410571754462, 247.23764382725486, 370.6387988216009, 117.55937678767725, 104.7391999205646, 205.77145309563934, 22.0, 14.0, 0.0, 0.0, 0.0, 3.0, 1073.0, 1225.0, 1508.0, 556.0, 388.0, 852.0, 108078.7122831589, 2.4789468695212733, 96576.47412354736, 2.4809255983789344, 206698.0688115687, 2.1969539899429487, 9520006.499999998, 7131215.699999998, 12271662.000000004, 6497584.0, 6157194.0, 8801264.0]
[398.3448275862069, 366.3965517241379, 466.12068965517244, 120.89655172413794, 98.17241379310344, 173.32758620689654, 240.6814559088232, 238.283403406066, 372.96202137615796, 86.37671259737115, 80.92819818047387, 149.70982317628625, 27.0, 23.0, 13.0, 8.0, 4.0, 2.0, 948.0, 896.0, 1364.0, 363.0, 303.0, 580.0, 52868.56547220312, 2.8080019095005615, 49339.24874984449, 2.989106771246649, 138025.70125125707, 2.999052755005066, 14506066.800000003, 12786326.2, 23815160.759999998, 9788791.0, 9459157.0, 11854978.0]
[319.93023255813955, 356.93023255813955, 462.04651162790697, 139.7906976744186, 120.25581395348837, 217.02325581395348, 245.40960855066828, 247.46162716949308, 345.08783930005364, 85.5290421685147, 84.99078185960768, 235.54521235919393, 22.0, 52.0, 28.0, 7.0, 1.0, 3.0, 979.0, 1010.0, 1415.0, 315.0, 317.0, 965.0, 36308.93336283048, 2.7854271869348812, 70348.62351498983, 2.5084409753367694, 93706.89931121208, 2.3508657440810707, 5960459.619999999, 6923111.800000001, 12196120.96, 4384058.0, 8305359.0, 6884017.0]
[336.3404255319149, 415.3404255319149, 377.40425531914894, 126.25531914893617, 112.36170212765957, 142.12765957446808, 269.9616942711096, 302.6139222490357, 380.0210325743694, 100.36898622086717, 82.24603215800401, 169.76167655572925, 17.0, 11.0, 0.0, 2.0, 1.0, 1.0, 1347.0, 1060.0, 1308.0, 359.0, 310.0, 716.0, 80600.06489383343, 2.6770089743442957, 85818.01028246447, 2.858663368437492, 127454.22667459614, 2.6884157118184864, 8149158.92, 11581099.860000001, 12537280.08, 6269055.0, 7971534.0, 5867535.0]
[272.1777777777778, 475.84444444444443, 382.6222222222222, 162.04444444444445, 99.95555555555555, 108.53333333333333, 215.9931910636504, 450.5849710782819, 367.6876323042358, 117.26871929569508, 88.24242320179819, 100.19449268116668, 8.0, 14.0, 7.0, 6.0, 1.0, 2.0, 837.0, 2237.0, 1262.0, 398.0, 332.0, 354.0, 60405.98504613694, 2.645380154627987, 373057.8995282219, 2.703089454560694, 137306.45571396028, 2.6736947408389176, 4847731.199999999, 17210193.3, 11282880.600000001, 7030157.0, 9072314.0, 3828434.0]
[322.9387755102041, 426.14285714285717, 527.0, 296.3673469387755, -148.20408163265307, 55.857142857142854, 244.95649342989336, 292.5791915590262, 379.60670436650616, 565.3302019571375, 1883.537595629474, 1408.4701659365503, 1.0, 35.0, 20.0, 1.0, -13049.0, -9440.0, 1112.0, 1209.0, 1470.0, 4076.0, 336.0, 973.0, 42006.7225145995, 2.839916218543694, 103748.88046673218, 2.9147757840626687, 162646.69071089965, 2.737538785608953, 7830552.799999999, 12747068.74, 20115069.380000003, 6592692.0, 10514670.0, 8999321.0]
[281.28, 341.96, 422.82, 208.72, 110.32, 203.66, 303.8016968688756, 378.86355090465173, 308.5694239352874, 147.948562489999, 91.77600059772864, 264.41260351571594, 17.0, 3.0, 22.0, 3.0, 0.0, 0.0, 1483.0, 1741.0, 1261.0, 638.0, 326.0, 1201.0, 82882.52722344373, 2.8923174053357408, 175850.23513009935, 2.5180954097889012, 87500.64568880523, 2.450982986558596, 8478400.0, 12880173.999999998, 13604376.999999996, 4711714.0, 9142552.0, 7240118.0]
[348.3736263736264, 340.04395604395603, 431.6263736263736, 186.41758241758242, 84.73626373626374, 144.26373626373626, 290.9665367682777, 257.1608192071392, 320.22428419092796, 136.38312586517813, 69.00915159356043, 140.33332028225078, 3.0, 0.0, 4.0, 3.0, 0.0, 0.0, 1439.0, 1603.0, 1497.0, 665.0, 302.0, 496.0, 86351.06546782155, 3.2159264638250313, 43326.65509770476, 3.5773299373888676, 84977.2263757371, 3.143371604145665, 33967893.95999999, 29982993.04, 47651866.080000006, 10997568.0, 13828490.0, 16793503.0]
[445.1666666666667, 396.2361111111111, 396.8611111111111, 149.15277777777777, 98.22222222222223, 93.22222222222223, 383.78595853917193, 342.1865685436905, 406.4130732050674, 121.3978048995483, 86.07337554720837, 84.1978257760538, 5.0, 2.0, 19.0, 1.0, 2.0, 0.0, 1508.0, 2027.0, 1951.0, 533.0, 303.0, 347.0, 175960.74977123243, 3.165365235046549, 76688.31305187082, 3.185292375928122, 120599.85061242645, 3.101636267756099, 35605713.599999994, 28249526.88, 33216612.480000004, 13759297.0, 11957905.0, 15658491.0]
[592.8297872340426, 409.5744680851064, 483.6170212765957, 152.29787234042553, 118.17021276595744, 165.9787234042553, 423.1937740536595, 308.97810142474015, 447.4050568795229, 120.41466668100026, 97.86643941105257, 185.7701348864402, 7.0, 6.0, 15.0, 8.0, 0.0, 5.0, 1454.0, 1237.0, 1697.0, 471.0, 380.0, 742.0, 155454.51901469013, 2.7117882035380525, 110210.28764482966, 2.7362862175802043, 174267.75389407336, 2.6091383333784814, 23270915.42, 11539263.279999997, 18988464.359999996, 10794782.0, 10187153.0, 15494013.0]
[419.9830508474576, 295.93220338983053, 448.8135593220339, 89.61016949152543, 85.66101694915254, 128.42372881355934, 312.47159824178135, 252.55746115773474, 461.49974687392734, 86.10559214270953, 81.27467480381097, 146.01336776188188, 1.0, 2.0, 19.0, 0.0, 1.0, 0.0, 1227.0, 1102.0, 2057.0, 370.0, 326.0, 589.0, 92053.94333636676, 2.848311414596287, 58640.142173664346, 2.9265164671660444, 182142.32227851453, 2.5689863059763693, 18962355.74, 10462495.959999999, 28600297.2, 7772481.0, 9536128.0, 12302008.0]
[410.0, 376.4418604651163, 467.4186046511628, 98.65116279069767, 96.48837209302326, 162.51162790697674, 281.47654896820023, 258.9619665331996, 403.7547719050537, 67.0340651569996, 71.58490532993912, 159.1956526226564, 0.0, 7.0, 6.0, 2.0, 1.0, 2.0, 1256.0, 980.0, 1900.0, 226.0, 256.0, 690.0, 95770.43236867478, 2.770387188626551, 72579.59569495049, 2.560933721719318, 234277.00471815726, 2.693917404219388, 9078091.200000001, 7662633.539999999, 13967603.14, 5862349.0, 8248025.0, 7722477.0]
[456.5576923076923, 329.8269230769231, 382.28846153846155, 111.13461538461539, 90.15384615384616, 141.3846153846154, 394.8071464409486, 249.08040446487578, 345.75063758967264, 111.02022936068971, 75.79704185220223, 129.71101421873584, 27.0, 14.0, 18.0, 0.0, 4.0, 3.0, 1901.0, 1209.0, 1346.0, 379.0, 297.0, 511.0, 94467.25801390741, 3.038098940693382, 54919.60679375454, 2.6578691007806974, 111818.10916632898, 2.4207978356347657, 19540188.72, 9173793.200000001, 14244080.239999996, 9084755.0, 6843622.0, 10702760.0]
[269.8979591836735, 415.6530612244898, 434.55102040816325, 167.44897959183675, 111.3265306122449, 169.79591836734693, 228.64066101800066, 333.0165505784715, 353.00649552714145, 117.30055079873698, 85.98798068991533, 164.14056217053684, 22.0, 3.0, 1.0, 1.0, 0.0, 0.0, 1030.0, 1175.0, 1444.0, 356.0, 315.0, 547.0, 92212.1395029232, 2.8494887069650567, 110359.00717425848, 2.8228593898416867, 172015.21505278975, 2.7835342251861377, 5957101.5, 13513030.86, 14929660.06, 5883575.0, 10878811.0, 6188360.0]
[384.06666666666666, 475.1777777777778, 466.22222222222223, 169.55555555555554, 81.24444444444444, 175.4, 240.04596150813208, 337.9179761212158, 377.3077408603371, 98.37441360702107, 54.94962798929231, 142.79171098937337, 1.0, 23.0, 18.0, 1.0, 3.0, 12.0, 930.0, 1720.0, 1388.0, 376.0, 201.0, 526.0, 65593.96852731798, 2.5600774106610764, 155671.16636975674, 2.750945223987945, 170809.37807049442, 2.6806840499923994, 8255875.5, 13666520.7, 14440708.799999999, 9066555.0, 12033075.0, 8531324.0]
[347.92622950819674, 454.58196721311475, 467.0245901639344, 170.22131147540983, 88.80327868852459, 152.21311475409837, 288.06424811465973, 348.00752438345796, 452.03937265646323, 119.43105568790986, 62.711676499091055, 140.20423293902286, 0.0, 3.0, 3.0, 2.0, 1.0, 2.0, 1141.0, 1897.0, 2290.0, 449.0, 249.0, 607.0, 67041.12656588313, 3.4487951462464714, 137581.7660119681, 3.7206126462439153, 177118.69920339712, 3.201877320729507, 60534269.87999999, 97270304.76, 125256792.44000004, 19953683.0, 29787818.0, 23207134.0]
[366.4732142857143, 324.35714285714283, 573.0267857142857, 152.24107142857142, -0.3125, 110.23214285714286, 681.5111449694006, 1007.5662932352567, 959.6380930050307, 737.2983339550523, 1040.6161898688283, 837.4025045539358, -5850.0, -9450.0, 1.0, -7394.0, -10875.0, -8475.0, 1607.0, 2145.0, 9315.0, 607.0, 451.0, 833.0, 105254.12443301245, 3.506215235723878, 103534.08417849247, 3.5531353736466698, 204972.32339254755, 3.3831345708690317, 149176538.56, 278811272.32000005, 311352767.04, 75197717.0, -62175689.0, -24858860.0]
[372.1875, 305.25, 470.3541666666667, 167.14583333333334, 95.47916666666667, 173.75, 282.7410405488356, 262.91682205433136, 411.70654130397577, 124.94577369902605, 76.3619571050127, 153.70080081187854, 20.0, 2.0, 14.0, 6.0, 2.0, 0.0, 1290.0, 1367.0, 1993.0, 443.0, 305.0, 625.0, 92036.3509464194, 2.804457675705349, 93440.18368789656, 2.936009308633351, 292199.1638134798, 2.8968742168130364, 9990169.919999998, 7412553.6000000015, 17842361.279999997, 5942542.0, 8071024.0, 10202611.0]
[387.0, 281.50847457627117, 428.271186440678, 249.16949152542372, -136.64406779661016, 363.1694915254237, 313.1416997749278, 227.97605537313572, 450.6373582363354, 1106.491973770575, 1711.196463485487, 1688.5498384661971, 3.0, 1.0, 7.0, 2.0, -13043.0, 0.0, 1552.0, 1092.0, 2172.0, 8553.0, 337.0, 13060.0, 133526.81508014342, 3.077798300685252, 57632.99862285714, 2.9935184399096024, 158305.23721293846, 2.7799447749388393, 17137988.42, 9074215.34, 26667823.0, 6682921.0, 8132593.0, 11549406.0]
[517.2608695652174, 337.82608695652175, 452.19565217391306, 121.67391304347827, 96.3695652173913, 208.80434782608697, 366.0700257711849, 274.1514832146496, 426.5752308048744, 134.34913957427426, 77.83011662036807, 223.67830268442995, 29.0, 3.0, 2.0, 2.0, 4.0, 1.0, 1362.0, 1002.0, 1569.0, 542.0, 376.0, 1081.0, 128354.30116236045, 2.860641400530546, 64173.99652079816, 2.8458016440599545, 187578.53339457797, 2.6137089001306277, 16870989.44, 7941416.08, 16187042.12, 8334540.0, 8313767.0, 12382474.0]
[419.4166666666667, 372.4375, 594.6458333333334, 121.72916666666667, 112.22916666666667, 178.1875, 350.6716251031473, 289.6787587046742, 531.591007783933, 121.93872538380475, 105.92836591618772, 210.89441305413192, 19.0, 16.0, 7.0, 0.0, 0.0, 2.0, 1604.0, 1378.0, 2151.0, 506.0, 451.0, 995.0, 109928.23541197028, 2.803924798417993, 123805.15472239137, 2.7343933504610187, 302457.77573913155, 2.7101653436937183, 13654381.439999998, 10177932.479999999, 29044472.639999997, 7859397.0, 12755337.0, 14406698.0]
[477.0444444444444, 474.4222222222222, 572.5333333333333, 140.86666666666667, 112.44444444444444, 168.24444444444444, 379.313551968646, 439.49188062046505, 455.0336950560515, 126.0446529824036, 119.56902828597597, 197.51940705058874, 1.0, 24.0, 40.0, 1.0, 1.0, 2.0, 1391.0, 1608.0, 1706.0, 447.0, 464.0, 679.0, 141795.6977727458, 2.7976782047157918, 176995.18639007915, 2.5989840639483983, 165217.90965149223, 2.6596154318012086, 14914241.100000001, 16764459.299999999, 21475078.199999996, 10192094.0, 15874530.0, 12982090.0]
[364.9782608695652, 392.2391304347826, 521.9782608695652, 156.58695652173913, 113.78260869565217, 244.6304347826087, 341.2806918476627, 307.68354484456256, 421.48776121050247, 104.17369599470909, 105.63877929444875, 250.6659892451531, 1.0, 11.0, 45.0, 1.0, 1.0, 1.0, 1272.0, 1552.0, 2079.0, 368.0, 352.0, 952.0, 99357.43450053528, 2.7171640930151324, 29932.36181512582, 2.4864100680466104, 132809.21533179152, 2.7182646251669613, 10459372.36, 10430300.360000001, 18885352.44, 6919483.0, 11100516.0, 9129649.0]
[484.6170212765957, 462.63829787234044, 585.0851063829788, 174.4468085106383, 149.4255319148936, 229.27659574468086, 403.58445876439754, 422.5247831955317, 540.6451391740136, 109.9825694708896, 108.21953224828225, 315.60209552726764, 18.0, 12.0, 21.0, 3.0, 3.0, 1.0, 2200.0, 2077.0, 2098.0, 466.0, 453.0, 1557.0, 84493.92850217913, 2.7949864863619727, 120898.70667623091, 2.7150389791648726, 261084.559889987, 2.651920797670318, 17418783.74, 17175546.52, 27762829.499999993, 9664364.0, 13737639.0, 13564768.0]
[326.1826923076923, 414.8076923076923, 479.1730769230769, 219.67307692307693, 169.28846153846155, 336.6826923076923, 270.63498738441893, 265.1476627222085, 411.3479721836086, 117.06412169618358, 291.8946702260047, 644.8086080820872, 3.0, 16.0, 9.0, 8.0, 1.0, 0.0, 1172.0, 1246.0, 1871.0, 584.0, 2946.0, 5300.0, 55527.64670345175, 3.4592294252931652, 54787.60964559211, 3.5240120708070184, 140160.2911827126, 3.2311693814843787, 38707042.39999999, 52282967.36000001, 85919491.83999997, 14255651.0, 19624245.0, 18568503.0]
[471.84313725490193, 442.7843137254902, 582.0196078431372, 276.27450980392155, 136.76470588235293, 291.0, 285.8711158930905, 336.7955649188683, 550.0373983720045, 233.6935667434063, 102.10045802743376, 487.62555306300345, 31.0, 8.0, 16.0, 5.0, 1.0, 0.0, 1157.0, 1417.0, 2377.0, 1126.0, 367.0, 2983.0, 72063.85910024038, 2.405590583650412, 105435.93954670917, 2.8735225135548705, 195044.51050266472, 2.6511451964119845, 15749358.96, 15983928.360000003, 33051207.900000002, 9563593.0, 11000389.0, 15885863.0]
[353.1209677419355, 284.0241935483871, 431.6774193548387, 119.00806451612904, 124.91935483870968, 236.7016129032258, 255.8457866540885, 252.8210094603445, 443.46793998542, 120.34533615572659, 101.96784099878924, 501.78549460800815, 6.0, 1.0, 3.0, 1.0, 0.0, 2.0, 1223.0, 1212.0, 2028.0, 496.0, 338.0, 4025.0, 73164.65402951007, 3.362718913529758, 66195.86896387396, 3.630668473943798, 200933.50640741945, 3.405709401721707, 58313050.96000001, 44305247.12, 117295265.43999998, 12558938.0, 18788039.0, 21302225.0]
[257.6170212765957, 411.25531914893617, 392.78723404255317, 115.06382978723404, 75.25531914893617, 161.53191489361703, 187.30474508155086, 308.7725677782855, 396.69164106942947, 95.46827477943498, 63.930488094868345, 191.95457468345379, 10.0, 6.0, 0.0, 0.0, 1.0, 2.0, 795.0, 1344.0, 1502.0, 377.0, 294.0, 853.0, 46397.97384685601, 2.871179381172241, 146263.8760913169, 2.6967051367595216, 188526.43806389513, 2.7347125991905497, 4449065.119999999, 11594727.98, 13620600.940000001, 5210903.0, 9955025.0, 5055132.0]
[264.74418604651163, 442.3953488372093, 427.3488372093023, 151.06976744186048, 74.06976744186046, 166.1627906976744, 187.10642413741002, 238.35289358976434, 405.7916943763219, 113.14958395833645, 71.92436349548284, 170.16363696279984, 1.0, 59.0, 1.0, 1.0, 1.0, 1.0, 811.0, 986.0, 1509.0, 376.0, 285.0, 652.0, 37615.50790692148, 2.8812297652963528, 65554.30497485542, 2.6532732015924108, 179263.24007441965, 2.3800824438022077, 3856427.4800000004, 9289543.7, 12701315.920000002, 5235358.0, 9742988.0, 5021020.0]
[272.0888888888889, 399.06666666666666, 487.8888888888889, 172.75555555555556, 90.6, 182.4, 219.1945816996046, 333.0570794650943, 371.15729465246585, 114.79411521889476, 73.01164290714188, 166.55102958116308, 6.0, 3.0, 0.0, 13.0, 0.0, 10.0, 935.0, 1719.0, 1542.0, 369.0, 300.0, 665.0, 52214.716916893434, 2.706042786129615, 124554.97025559914, 2.950835991912083, 176097.16356871816, 2.1839513854491166, 4900942.8, 10842505.200000001, 15095646.9, 5661753.0, 10963928.0, 7089368.0]
[242.43478260869566, 247.45652173913044, 369.3478260869565, 164.52173913043478, 85.67391304347827, 145.41304347826087, 220.22449678795329, 186.11211752557938, 330.40024330037477, 116.27433826571725, 77.13049673488463, 151.83142349138495, 22.0, 4.0, 13.0, 11.0, 2.0, 0.0, 905.0, 1017.0, 1259.0, 408.0, 289.0, 624.0, 64353.49512315473, 2.616776912403116, 25985.814189833734, 2.7706136917618718, 104328.77524566259, 2.0744128546638207, 4495193.600000001, 4025455.4000000004, 10292604.88, 2503876.0, 4481061.0, 5517904.0]
[379.66037735849056, 290.1698113207547, 298.811320754717, 169.0754716981132, 84.52830188679245, 168.28301886792454, 298.84849154689545, 280.0882921130583, 297.5668675081396, 124.21164460719142, 68.26492617104248, 171.93786638900542, 3.0, 1.0, 0.0, 3.0, 0.0, 5.0, 1152.0, 958.0, 1302.0, 451.0, 247.0, 754.0, 60344.83633180781, 2.7165887920598113, 47198.38662831824, 2.591562290928302, 70362.60723586634, 2.6225951714816254, 13020688.080000002, 9054406.58, 9896869.139999997, 6168463.0, 3963553.0, 8137441.0]
[524.6976744186046, 330.13953488372096, 485.1860465116279, 197.09302325581396, 91.20930232558139, 202.25581395348837, 346.29979682375966, 225.19976120635113, 464.8461217903421, 221.61708868628602, 84.03444819141133, 246.53031234691878, 55.0, 0.0, 8.0, 5.0, 2.0, 8.0, 1403.0, 992.0, 1981.0, 840.0, 374.0, 1107.0, 167661.98333305662, 2.7561363733178816, 54318.47180771875, 2.522404653776845, 217928.08313161932, 2.7299615793040357, 14512515.480000004, 5862351.68, 16510174.219999997, 7490841.0, 8491817.0, 14091984.0]
[449.3191489361702, 365.40425531914894, 455.70212765957444, 114.0, 99.25531914893617, 179.93617021276594, 348.98443383642416, 273.4581805381542, 385.2143341780576, 96.78461070627509, 70.21843808558076, 203.19121474667958, 1.0, 23.0, 12.0, 6.0, 1.0, 1.0, 1585.0, 1133.0, 1566.0, 348.0, 290.0, 927.0, 155448.99090154553, 2.8704697299050546, 64313.357314988796, 2.8057424616334004, 123398.00416154737, 2.6172694411815858, 14185603.919999998, 9132385.76, 15591001.68, 9889904.0, 9170432.0, 8789995.0]
[284.7906976744186, 409.30232558139534, 441.3255813953488, 158.09302325581396, 107.72093023255815, 197.65116279069767, 300.2257530068819, 259.89187631670075, 426.63856237035077, 107.12694160122737, 87.92294396404468, 179.55923332545515, 3.0, 2.0, 5.0, 2.0, 6.0, 6.0, 1179.0, 1073.0, 2084.0, 414.0, 374.0, 815.0, 37333.433886221894, 2.5912218715209128, 49218.80756462891, 2.7856847489829093, 83571.53389319303, 2.4472976625452794, 6254984.680000002, 8634881.600000001, 13777109.700000003, 4812893.0, 10294394.0, 5305941.0]
[353.7173913043478, 449.4347826086956, 455.3478260869565, 139.93478260869566, 81.17391304347827, 151.58695652173913, 295.5815107015306, 297.59350740930813, 456.30200610225995, 102.33548361995203, 65.66253941270931, 126.50086975317275, 1.0, 13.0, 20.0, 1.0, 1.0, 1.0, 1065.0, 1116.0, 2420.0, 334.0, 226.0, 454.0, 102780.40787053239, 2.6417051882358784, 78538.58303468049, 2.8062247801009326, 298077.0339540327, 2.5044242462770043, 8911961.8, 12214747.999999998, 17394655.279999997, 8215967.0, 11222499.0, 10098790.0]
[279.6470588235294, 426.5882352941176, 431.3529411764706, 160.90196078431373, 90.03921568627452, 153.23529411764707, 214.71151096570597, 289.9171727559848, 404.30814107704595, 106.37316483060204, 74.78341013468528, 133.75209728976873, 5.0, 33.0, 2.0, 11.0, 0.0, 6.0, 995.0, 1078.0, 1704.0, 373.0, 270.0, 543.0, 39235.71267506069, 2.6769040562674786, 112165.8116342924, 2.873725307705895, 117836.56730093021, 2.5666333352656148, 6419245.56, 13753121.040000001, 18015838.74, 6561983.0, 10252297.0, 7391861.0]
[326.7708333333333, 383.7708333333333, 391.5208333333333, 189.95833333333334, 110.83333333333333, 162.25, 234.03784378321177, 324.8358170943837, 364.0578040134843, 109.63924563949337, 88.7193359272706, 149.88953379214152, 11.0, 4.0, 1.0, 14.0, 1.0, 7.0, 825.0, 1369.0, 1719.0, 381.0, 309.0, 649.0, 57116.39982461741, 2.9087486599074746, 72952.5013870454, 2.9406224681407886, 71836.49199359598, 2.698154794397624, 7391774.4, 11547650.880000003, 13043655.36, 6642308.0, 8847281.0, 6730676.0]
[350.02272727272725, 400.0681818181818, 416.1363636363636, 181.11363636363637, 58.68181818181818, 133.70454545454547, 292.3034015218198, 308.5942167182758, 362.7342284750635, 126.99207371513131, 49.48750029037059, 165.779705261328, 10.0, 37.0, 10.0, 15.0, 0.0, 1.0, 1233.0, 1143.0, 1463.0, 521.0, 157.0, 894.0, 106308.75655466563, 2.796218068413688, 145723.85255920788, 2.7606502469197607, 183372.35568088954, 2.7369097523365973, 7976914.0, 9800830.16, 11683962.4, 6822555.0, 8896593.0, 8770864.0]
[408.17391304347825, 250.15217391304347, 319.7608695652174, 127.93478260869566, 73.47826086956522, 126.56521739130434, 302.2614250646708, 202.97662343687696, 273.21250864341306, 95.43779874846072, 62.37832213568884, 90.7288150170393, 15.0, 4.0, 4.0, 0.0, 1.0, 1.0, 1148.0, 931.0, 1171.0, 396.0, 235.0, 381.0, 135683.07847489382, 2.9329435309095753, 61601.35856273455, 2.725132908655811, 128137.14503334992, 2.80659565046233, 10833149.040000001, 4353880.680000001, 7417399.720000001, 5344709.0, 4501687.0, 7877702.0]
[412.6744186046512, 283.13953488372096, 491.48837209302326, 95.86046511627907, 86.72093023255815, 158.69767441860466, 365.02600826648427, 255.15192312810223, 443.02624731944894, 102.77821276333877, 75.4429224745106, 161.74443905708617, 38.0, 3.0, 7.0, 0.0, 1.0, 2.0, 1573.0, 1018.0, 1604.0, 382.0, 309.0, 599.0, 134288.7067281431, 2.636854759745219, 56849.82645407011, 2.4855796848957543, 173548.35898897835, 2.43938761989563, 11110473.3, 5316114.94, 16022273.0, 5974295.0, 7346370.0, 10536855.0]
[377.96, 231.16, 337.06, 103.32, 87.92, 179.96, 261.6566499230998, 192.26781491726905, 280.8855101209715, 88.5120630542665, 81.95290832956125, 164.99016173514028, 5.0, 2.0, 11.0, 4.0, 1.0, 4.0, 1127.0, 880.0, 1045.0, 329.0, 312.0, 603.0, 47306.16653279234, 2.8636293191688074, 46233.92767440166, 2.6039959774306807, 46532.60603313244, 2.70695078190117, 10497434.0, 4483125.999999999, 9546409.0, 5008192.0, 3748869.0, 6791652.0]
[392.68888888888887, 296.68888888888887, 404.93333333333334, 94.68888888888888, 88.42222222222222, 152.55555555555554, 280.53478330942255, 194.2203320297269, 399.4570405847508, 71.45876822025102, 54.757518740222864, 138.9338553471261, 33.0, 6.0, 2.0, 0.0, 2.0, 4.0, 1328.0, 773.0, 1603.0, 365.0, 202.0, 690.0, 93721.49503440426, 2.809466319910062, 36649.185205229805, 2.7606762276236747, 248014.47508975375, 2.4142709304760848, 9361795.5, 5058756.899999999, 12959636.400000002, 5469411.0, 6275257.0, 8988378.0]
[346.9347826086956, 341.0, 371.45652173913044, 63.78260869565217, 71.52173913043478, 109.30434782608695, 241.47136036059462, 278.0180649606145, 332.0425479109392, 51.728742512575806, 51.516443601559466, 94.78838877912735, 2.0, 9.0, 1.0, 0.0, 1.0, 0.0, 1157.0, 1252.0, 1455.0, 176.0, 198.0, 349.0, 78965.2215043803, 2.913379007838052, 74527.92088023333, 2.640402998468226, 120629.43787980844, 2.805742053892159, 7507762.12, 8120985.359999999, 10403754.68, 6052891.0, 7260536.0, 6655283.0]
[274.35849056603774, 302.35849056603774, 286.0566037735849, 101.26415094339623, 76.49056603773585, 166.0754716981132, 201.6128329191319, 211.8435647739608, 224.4508182460486, 91.05327074415034, 64.93861676807079, 166.3817261897152, 15.0, 8.0, 23.0, 5.0, 0.0, 4.0, 829.0, 860.0, 943.0, 357.0, 236.0, 725.0, 49443.55957679009, 2.8039529133949164, 55760.92621797751, 2.9626545206165034, 63263.07709136246, 2.9493521159429847, 6469316.74, 7609671.1, 7373963.139999999, 4198178.0, 5703274.0, 3921782.0]
[293.3378378378378, 305.06756756756755, 371.68918918918916, 107.64864864864865, 80.58108108108108, 158.72972972972974, 208.19763246762443, 262.8206498778614, 365.2490959240094, 80.30838377777347, 60.41863242428393, 163.40866472367756, 6.0, 5.0, 10.0, 4.0, 0.0, 2.0, 1045.0, 1366.0, 1712.0, 317.0, 256.0, 756.0, 26869.38837380868, 3.278663168910154, 45080.245501650585, 3.0083736093365068, 52302.10251520175, 2.769851313359069, 14107006.279999997, 17655442.439999998, 29543782.199999996, 6252547.0, 11485744.0, 8311844.0]
[257.3333333333333, 324.5061728395062, 262.34567901234567, 127.49382716049382, 82.95061728395062, 164.49382716049382, 200.02612329393378, 249.75328443570018, 214.6592159967647, 95.3581568950436, 71.04011212592641, 172.52594902338532, 5.0, 0.0, 11.0, 4.0, 0.0, 1.0, 1012.0, 1214.0, 797.0, 336.0, 337.0, 670.0, 41172.992868663314, 3.1384215263868933, 71553.31094170308, 3.1818864124197432, 54142.70569808192, 3.060918885510093, 13874801.04, 21902045.22, 15003033.84, 7859571.0, 7784392.0, 6235702.0]
[297.77777777777777, 434.6666666666667, 390.24444444444447, 159.11111111111111, 96.97777777777777, 177.22222222222223, 228.30401271598848, 319.03042032212085, 336.6650044963469, 95.61932626595711, 71.73673107870601, 155.50809521297492, 6.0, 5.0, 10.0, 14.0, 0.0, 5.0, 825.0, 1299.0, 1446.0, 349.0, 262.0, 608.0, 28503.97168509356, 2.7577036268671646, 58781.80659302223, 2.5991598544071457, 58151.779293761785, 2.612928215937733, 5655259.800000001, 11682376.200000001, 10656170.099999996, 5858114.0, 9316370.0, 6445198.0]
[309.537037037037, 341.18518518518516, 403.27777777777777, 156.61111111111111, 104.4074074074074, 199.8148148148148, 294.2587561713466, 252.69663175616026, 450.674396820682, 134.0331438406141, 99.00267168465109, 347.97978004986146, 0.0, 1.0, 12.0, 4.0, 0.0, 3.0, 1288.0, 1094.0, 2041.0, 440.0, 380.0, 1987.0, 110087.15828192308, 2.7861196308182508, 73581.83655017496, 2.8258703661144913, 210753.21024197811, 2.4969058761932366, 10544133.96, 10443969.36, 21110622.84, 7610764.0, 10082260.0, 10473451.0]
[230.04615384615386, 298.3076923076923, 341.9076923076923, 153.44615384615383, 93.63076923076923, 192.8153846153846, 175.46905271739075, 219.368263648491, 347.7841789043226, 111.7852336471077, 89.74992500532542, 340.899586219484, 13.0, 1.0, 7.0, 0.0, 3.0, 3.0, 696.0, 1120.0, 1994.0, 350.0, 351.0, 2176.0, 33985.714181391006, 3.17136956336787, 33450.0047422034, 2.987742913117195, 106138.16651339941, 2.8025802131131154, 7033521.300000001, 11523228.600000001, 19941482.599999998, 4977349.0, 6316368.0, 6376094.0]
[241.77358490566039, 248.8679245283019, 337.47169811320754, 158.60377358490567, 87.9622641509434, 169.0, 211.9180394460805, 175.36259553541421, 255.93295424429968, 143.8380953634812, 73.774855593569, 219.23924410069964, 3.0, 1.0, 23.0, 0.0, 0.0, 3.0, 775.0, 668.0, 1103.0, 556.0, 244.0, 1010.0, 35196.52367155238, 2.8934750152722803, 28344.456083577992, 2.9795584594043563, 47852.68588886929, 2.7846388344662776, 5759370.079999999, 5174574.440000001, 10008632.36, 3268148.0, 4627158.0, 5755801.0]
[306.7173913043478, 209.67391304347825, 262.95652173913044, 92.47826086956522, 53.28260869565217, 110.95652173913044, 219.7132133834142, 137.10483488481458, 248.76896524211548, 70.33656837123593, 39.733927872217585, 75.8999213941151, 13.0, 7.0, 13.0, 4.0, 2.0, 1.0, 889.0, 622.0, 1274.0, 311.0, 144.0, 224.0, 64454.32669480167, 2.748927843699739, 24615.33686308308, 2.799503486459828, 100883.52903608247, 2.8758814761968514, 5979816.920000001, 2638746.7600000002, 5488344.64, 3005382.0, 2453677.0, 5109230.0]
[343.80555555555554, 241.27777777777777, 392.3333333333333, 102.25, 100.875, 181.63888888888889, 296.70242307070066, 176.57095467383303, 305.9086211714901, 109.33882600997433, 93.07878496879731, 206.1750456584627, 3.0, 0.0, 14.0, 0.0, 3.0, 0.0, 1701.0, 760.0, 1633.0, 422.0, 333.0, 1026.0, 142703.502084791, 3.2660018155593478, 27407.014379950317, 3.0208393569221723, 133421.88014521467, 2.9621774519753052, 21255635.52, 9223295.039999997, 25526617.919999998, 6979515.0, 7659341.0, 11961092.0]
[315.8181818181818, 359.8727272727273, 467.8363636363636, 116.03636363636363, 92.27272727272727, 187.70909090909092, 292.86838725934945, 223.646385447889, 399.1859199085041, 99.1061839152113, 83.30209515515836, 171.86586853612548, 10.0, 2.0, 1.0, 4.0, 0.0, 2.0, 1257.0, 1028.0, 1916.0, 363.0, 321.0, 683.0, 131467.40096297913, 2.861507155683148, 53497.79265661192, 2.9724883172596015, 251839.32313060248, 2.8024474205615797, 11129188.4, 10806308.7, 22707041.499999993, 5802374.0, 10813069.0, 8952013.0]
[257.9375, 306.1875, 382.8125, 128.20833333333334, 87.39583333333333, 176.95833333333334, 226.70295554577908, 270.873343744016, 342.10360855939786, 124.47249689095781, 108.94537760464388, 206.21842977809195, 3.0, 3.0, 6.0, 2.0, 0.0, 0.0, 1362.0, 1179.0, 1236.0, 454.0, 438.0, 999.0, 25152.166670129172, 2.8691438457352567, 87393.58674269383, 2.521356583061954, 170703.57679079284, 2.379006164808593, 5384690.88, 7630597.4399999995, 12033426.239999998, 3852605.0, 6151305.0, 5661098.0]
[247.13333333333333, 425.6333333333333, 471.46666666666664, 213.9, 208.11666666666667, 389.75, 249.14412591956886, 313.5451724094041, 505.00758398959283, 148.6985005566519, 529.7590463362955, 670.5150973413737, 10.0, 11.0, 5.0, 0.0, 0.0, 1.0, 1205.0, 1733.0, 2109.0, 702.0, 3720.0, 3963.0, 36148.27026559604, 2.9116582693286177, 96011.30762957764, 3.0338523870690857, 276680.2686286233, 2.6886393648221083, 8792145.6, 20004177.6, 34060531.2, 6409423.0, 10848893.0, 8523774.0]
[333.43548387096774, 283.2903225806452, 381.03225806451616, 247.0, 91.46774193548387, 190.3548387096774, 286.8393404762394, 188.55536970819972, 360.838139443137, 293.94696744843475, 97.5037145558804, 320.3046243082548, 1.0, 9.0, 2.0, 7.0, 0.0, 0.0, 1126.0, 749.0, 1256.0, 1360.0, 420.0, 1765.0, 95082.08084628782, 2.9132858832180633, 31470.193340489688, 3.090868105342877, 150626.19831513567, 2.569482102959208, 14770876.280000001, 8859120.48, 21010510.4, 6186281.0, 6265941.0, 8969398.0]
[374.9583333333333, 306.2083333333333, 479.22222222222223, 91.15277777777777, 103.20833333333333, 210.88888888888889, 271.2611878655948, 250.3997894916543, 402.9764688276414, 107.5579974203531, 81.47270129520703, 231.71628812982382, 9.0, 5.0, 35.0, 0.0, 0.0, 5.0, 1307.0, 1036.0, 1772.0, 593.0, 368.0, 1309.0, 53587.66690533176, 3.114246234272921, 49775.24786032929, 3.0219313130024865, 148310.1497645374, 2.9569931542638135, 22099848.479999997, 16131857.759999996, 40413277.43999999, 9790990.0, 12805258.0, 16732769.0]
