[1280.3, 506.3, 1141.72, 83.72, 68.98, 105.46, 1141.50002011317, 523.2583647936559, 879.5511155685945, 68.19630727928465, 59.05116771210596, 92.09538311900731, 72.0, 1.0, 1.0, 0.0, 1.0, 0.0, 4057.0, 2439.0, 2988.0, 211.0, 224.0, 315.0, 1166974.4814465514, 2.5394525846276865, 387322.6580480129, 2.8411019419099794, 570414.5028587389, 2.189938166534956, 145806496.99999997, 26233151.000000004, 103083126.0, 48407356.0, 39825025.0, 85439757.0]
[1837.1, 454.26, 1576.26, 123.66, 82.46, 144.74, 1192.2149896862786, 399.3906997169666, 795.8058888027036, 62.55825366840747, 55.97601891772539, 77.61280401414946, 23.0, 3.0, 2.0, 5.0, 3.0, 12.0, 3965.0, 1591.0, 3040.0, 211.0, 216.0, 298.0, 1428219.2040600386, 2.2758670054373322, 155724.92676530292, 2.488299552785772, 591261.2287037069, 2.1266607153578887, 238394273.0, 18133741.000000004, 155261823.00000003, 44598091.0, 35470740.0, 121486328.0]
[1809.5, 476.28, 1491.78, 121.38, 94.88, 121.76, 1350.447246398808, 421.592754458903, 792.6357294443878, 69.08997091932123, 54.668440322977375, 68.90264057023519, 39.0, 16.0, 162.0, 0.0, 0.0, 5.0, 4444.0, 1483.0, 2862.0, 220.0, 186.0, 277.0, 1883812.3600639133, 2.393189553163631, 130020.27405806648, 2.57337807560824, 559084.6014313729, 1.6352104938082836, 253076193.00000006, 20051414.000000004, 142055676.99999997, 42755119.0, 36675880.0, 118453929.0]
[1891.2941176470588, 470.4901960784314, 1552.7450980392157, 115.25490196078431, 91.45098039215686, 125.6470588235294, 1233.908996549059, 416.1141368686731, 747.2495123621628, 60.09820068429833, 54.41959710453219, 69.34488403030515, 148.0, 0.0, 13.0, 3.0, 1.0, 0.0, 4365.0, 1361.0, 2754.0, 208.0, 200.0, 258.0, 1156723.1158495506, 2.08806430850368, 132156.15813239166, 1.8073851040088496, 528594.2897051133, 1.9205640258023973, 263724300.72000003, 20345900.220000006, 153898595.51999998, 46730480.0, 39878536.0, 132228741.0]
[1724.66, 465.5, 1424.3, 113.08, 86.38, 113.92, 1188.4003759126751, 422.83799425755853, 644.7085799500612, 54.77294133092376, 46.545518647045384, 62.61637003147314, 143.0, 2.0, 314.0, 6.0, 4.0, 1.0, 4313.0, 1442.0, 2588.0, 192.0, 188.0, 222.0, 1398320.9681122114, 1.9144915822631396, 184944.42230803648, 1.7536570813060484, 365893.3742278699, 1.1383034257390838, 217925083.00000003, 19595319.0, 121798333.0, 44723964.0, 32735431.0, 102099968.0]
[1626.2, 392.92, 1351.82, 108.5, 85.16, 122.64, 1045.9072421508865, 359.3209491385047, 605.1754574383484, 54.09223038251522, 44.57388271631902, 60.52415945348618, 24.0, 1.0, 15.0, 6.0, 7.0, 3.0, 3784.0, 1287.0, 2209.0, 183.0, 188.0, 224.0, 1106279.8971878027, 2.267563235196518, 121136.0656831952, 2.4348568744395673, 379510.8831295019, 1.939071566785432, 185828497.99999997, 14045772.0, 109316494.99999999, 34237700.0, 26060131.0, 94738994.0]
[1719.8039215686274, 367.3137254901961, 1372.6274509803923, 115.56862745098039, 83.52941176470588, 119.52941176470588, 1167.520329923344, 356.24848014811676, 688.2219979275383, 61.049899230698415, 48.32860558351605, 61.787167904404384, 0.0, 1.0, 113.0, 0.0, 1.0, 6.0, 4227.0, 1444.0, 2334.0, 212.0, 194.0, 237.0, 1391282.9985453272, 1.8568552908906732, 135434.40611317224, 2.3032531034412065, 496095.96872402396, 1.3878363487387426, 223379171.75999993, 13491067.74, 122167325.75999999, 31751266.0, 27966652.0, 96013436.0]
[1611.78, 331.24, 1241.1, 115.82, 80.62, 107.54, 1135.585244960249, 324.9856235438794, 653.4793924268237, 59.17172863274957, 43.23258880397839, 58.96356882838412, 26.0, 9.0, 16.0, 0.0, 7.0, 3.0, 4013.0, 1143.0, 2366.0, 200.0, 184.0, 216.0, 1228751.1236232885, 2.0617761704737, 103374.66225980321, 2.3219757076263132, 378830.92785405385, 1.52629634725042, 193079876.99999997, 10661163.999999998, 97941191.0, 26979992.0, 23032135.0, 81929530.0]
[1764.46, 265.56, 968.88, 123.76, 75.2, 98.16, 1155.8803025735626, 277.7828516180602, 610.260688357936, 61.281738132753944, 41.91098438649345, 52.145150634492154, 137.0, 1.0, 12.0, 7.0, 0.0, 2.0, 4204.0, 1318.0, 2034.0, 212.0, 164.0, 186.0, 1352291.9965565756, 2.2087060432798173, 71926.28903339586, 2.7129363481717568, 334758.3451177536, 1.9158577124289304, 221132858.99999997, 7307107.999999999, 65184910.0, 21882987.0, 14437240.0, 64179545.0]
[1808.3, 293.5, 1182.42, 109.84, 81.3, 97.9, 1174.7147330657058, 302.1692491006337, 744.8088123396335, 71.81875145966052, 55.03329233569551, 65.91684619461779, 85.0, 6.0, 41.0, 0.0, 1.0, 0.0, 4102.0, 1276.0, 2479.0, 213.0, 233.0, 218.0, 1421568.1216308037, 1.7849641407081716, 75332.80035425536, 2.6781072616183548, 551236.4461250729, 1.5998169185345485, 231115224.99999997, 8781119.0, 97088121.00000001, 23147765.0, 19992090.0, 93295970.0]
[1526.72, 323.4, 1011.56, 107.12, 65.26, 100.18, 945.5116537340715, 262.4219223047542, 587.947594499332, 55.191924875189585, 41.27993533454831, 56.521150095900076, 1.0, 2.0, 1.0, 0.0, 2.0, 0.0, 4068.0, 1039.0, 2108.0, 212.0, 149.0, 209.0, 660548.8816203268, 2.0611116703033745, 49647.07201153596, 2.547395551284449, 342343.6934682589, 2.005740830967347, 160349320.0, 8603776.0, 68101118.0, 24730288.0, 18248868.0, 69660449.0]
[1853.82, 322.34, 1159.8, 115.82, 71.86, 107.4, 1152.0341316159706, 264.8976398381774, 633.7931485130151, 58.303810216093815, 43.6058458915587, 57.94050431965817, 77.0, 6.0, 119.0, 2.0, 4.0, 4.0, 4346.0, 1081.0, 2217.0, 214.0, 154.0, 213.0, 1353426.1968667132, 2.703886175133191, 70221.01749557831, 2.726642385033942, 379377.944494517, 2.188503914434781, 236864379.0, 8633521.000000002, 86939795.99999997, 30203282.0, 20962164.0, 87141408.0]
[1572.48, 312.4, 1053.34, 107.72, 74.58, 103.14, 992.5930222176166, 213.59068236193437, 627.9743466097958, 56.1186934550515, 48.270957170149934, 54.58788457942974, 6.0, 18.0, 0.0, 2.0, 9.0, 0.0, 3309.0, 918.0, 2198.0, 196.0, 204.0, 198.0, 683666.0678914184, 1.9504716814042604, 44029.826716312586, 2.802193477910125, 332335.9495314483, 2.1601942761279, 171911472.0, 7115115.999999999, 74799495.0, 22693807.0, 17673955.0, 65965882.0]
[1557.54, 325.12, 1130.12, 111.16, 76.0, 108.04, 1167.4662641632021, 248.73152808042747, 599.1856936795172, 61.025040026239076, 53.93230829058793, 58.69045745194331, 90.0, 3.0, 128.0, 4.0, 2.0, 10.0, 4129.0, 1208.0, 2395.0, 204.0, 190.0, 229.0, 1289032.2949728058, 2.11613009650003, 45743.22253101665, 2.8119709415072434, 366700.2119976196, 1.6379657864098163, 188082439.00000003, 8316652.000000001, 81450712.0, 22794467.0, 20084704.0, 64865714.0]
[1699.66, 296.72, 1097.64, 113.06, 69.4, 102.76, 1110.8573745223157, 266.1613780841868, 634.905513137384, 59.19128796899567, 50.22845766279981, 54.26599641900017, 217.0, 3.0, 38.0, 6.0, 3.0, 1.0, 4271.0, 1350.0, 2005.0, 203.0, 164.0, 198.0, 1180611.4301733277, 1.8720805193039145, 66641.81692313908, 2.52508518790497, 468288.3386610862, 1.3433637632714315, 204908407.0, 7873390.000000001, 79992824.0, 23125334.0, 17742708.0, 74813523.0]
[1437.4, 379.1, 941.88, 110.58, 70.16, 96.0, 947.2423132440823, 273.81181158464534, 581.4800833622238, 58.763479565221836, 47.386969706441285, 57.953535223469835, 115.0, 4.0, 40.0, 1.0, 0.0, 4.0, 3852.0, 1215.0, 2255.0, 204.0, 160.0, 215.0, 870446.5928935728, 2.49626772552466, 67881.82036855149, 2.761493137575963, 336275.47440618987, 2.44691569374207, 147272069.99999997, 10859513.000000002, 60924732.00000001, 27641509.0, 18479788.0, 58088923.0]
[1526.08, 359.22, 902.32, 106.98, 63.72, 91.04, 1013.0823614200417, 272.6865053574922, 576.7768797200455, 51.15781505123461, 51.81719831114306, 56.900184713304434, 32.0, 16.0, 37.0, 4.0, 1.0, 8.0, 3991.0, 1344.0, 2083.0, 207.0, 194.0, 241.0, 1001640.1303422502, 2.4778760499244665, 99991.51245461343, 2.811741138555965, 327440.1726349066, 2.633951746133707, 166736465.99999997, 10095489.0, 57009976.00000001, 27181788.0, 17428664.0, 71190972.0]
[1556.6037735849056, 372.1132075471698, 1113.1132075471698, 107.0377358490566, 68.05660377358491, 102.75471698113208, 1161.2073845724053, 245.86399151198634, 595.9115402982792, 56.787038832733835, 49.53064905627766, 54.68332106156508, 107.0, 12.0, 166.0, 1.0, 1.0, 6.0, 3799.0, 884.0, 2440.0, 199.0, 181.0, 222.0, 1393301.1225724309, 2.807294411953992, 48847.1714407092, 2.5942647348483794, 385198.4435360783, 2.284588930711844, 210448950.76000008, 11111100.2, 89181894.78, 28781409.0, 23358832.0, 70494786.0]
[1501.6, 343.0, 1136.42, 105.58, 71.4, 102.44, 1093.8002839753196, 256.30371015015504, 615.0470726965971, 53.92401683699699, 44.74964371081515, 57.217151702785685, 13.0, 11.0, 9.0, 0.0, 0.0, 7.0, 3860.0, 858.0, 2606.0, 191.0, 185.0, 210.0, 920880.4641036703, 2.7361778047428498, 64545.68193851323, 2.8800905523283906, 350471.9476272023, 2.6264932095650573, 171363682.00000003, 9101338.0, 83108383.0, 25423090.0, 19955629.0, 68018053.0]
[1662.8431372549019, 429.88235294117646, 1193.078431372549, 102.05882352941177, 76.29411764705883, 104.58823529411765, 1131.5063123562152, 319.13850579701744, 618.3378960774523, 51.0099644244949, 48.54618177267788, 50.60481260535928, 25.0, 15.0, 81.0, 2.0, 1.0, 17.0, 4241.0, 1124.0, 2006.0, 183.0, 173.0, 200.0, 1256356.7760174687, 2.4550926457910984, 88250.3433439788, 2.6331911458711477, 375665.55201169575, 2.004760123590262, 209133393.78000003, 14807554.199999997, 93546577.62000003, 44402037.0, 24858378.0, 77132017.0]
[1570.74, 464.44, 1186.22, 106.92, 76.0, 103.06, 1171.125323292577, 345.7670656286821, 575.6292489483991, 56.891891750396, 43.954986251010595, 54.732525866755886, 4.0, 25.0, 125.0, 2.0, 8.0, 2.0, 4379.0, 1279.0, 2297.0, 198.0, 188.0, 208.0, 1350156.4206512962, 2.5000080431361873, 103838.72975089744, 2.752431456542027, 294267.9848962496, 2.7493894750432917, 190566399.00000003, 16643414.000000004, 86591997.0, 43497604.0, 26466762.0, 70010302.0]
[1427.24, 492.28, 1009.0, 91.98, 76.52, 89.46, 970.0110784134881, 392.8549111624924, 673.488451183501, 54.665771105987744, 55.38482810006247, 53.442018934122444, 12.0, 17.0, 54.0, 2.0, 1.0, 8.0, 3691.0, 1551.0, 2603.0, 180.0, 252.0, 200.0, 735239.4754959975, 2.7379041251941736, 148083.48873333266, 2.648857148581085, 375150.41553056607, 2.8673741287642684, 147955853.99999997, 19679393.999999996, 73129798.0, 41950490.0, 21714249.0, 62884842.0]
[1568.42, 537.46, 1353.06, 110.6, 69.88, 108.34, 1048.2917900770076, 306.59893432726125, 718.606883817145, 58.01688705604145, 45.335772243317514, 58.22041510238378, 12.0, 37.0, 20.0, 1.0, 1.0, 4.0, 3842.0, 1182.0, 2526.0, 214.0, 151.0, 212.0, 1054378.7685377968, 2.1852535400555655, 112976.61006965872, 2.5168427728038623, 498896.30996351765, 1.5746359669752432, 176843932.99999997, 19049305.0, 116841965.00000001, 48792549.0, 33618362.0, 83942168.0]
[1197.2156862745098, 214.64705882352942, 1162.4901960784314, 119.27450980392157, 67.80392156862744, 103.13725490196079, 1891.1439639934924, 1797.2064636377136, 572.6829619448799, 85.54719830160951, 45.024890719620025, 55.94640993230687, -9735.0, -12167.0, 55.0, 2.0, 0.0, 7.0, 3928.0, 1188.0, 2145.0, 568.0, 181.0, 200.0, 1236507.1036663319, 2.7323079964539208, 189670.14958051752, 2.469901758938198, 385393.83399609383, 2.322827035939442, 256959287.40000004, 167124240.9, 87025221.89999999, 155436642.0, 3801548.0, 44289572.0]
[1638.1, 553.86, 1030.86, 111.76, 69.32, 89.74, 1055.3312324593078, 404.3967040984809, 541.9725503253115, 51.624847679767385, 46.65874373948508, 45.29306384705125, 57.0, 46.0, 30.0, 13.0, 3.0, 1.0, 4203.0, 1270.0, 1875.0, 196.0, 165.0, 174.0, 1057856.1447102292, 2.695504467965451, 173127.34509056795, 2.3818524538192896, 263911.2689652099, 2.5561797829364523, 188741056.99999994, 23351343.0, 67526595.0, 59147040.0, 24652407.0, 65106478.0]
[1444.82, 515.5, 1162.8, 105.52, 62.62, 111.62, 1019.6025774380759, 345.1154346958509, 666.675027158461, 57.05966801766125, 45.12833853329314, 60.87789384648317, 33.0, 21.0, 8.0, 11.0, 4.0, 4.0, 3953.0, 1453.0, 2306.0, 186.0, 170.0, 217.0, 1154154.8657532101, 1.8893041069698875, 122118.20037177068, 2.77158243880031, 430794.5603008532, 1.4180596355056692, 155315123.0, 19123141.0, 89383516.0, 42625569.0, 27511386.0, 67977616.0]
[1464.0, 647.22, 1068.74, 108.62, 73.9, 103.28, 1109.0788419003495, 383.31935265839235, 582.3572719945188, 60.800070488680944, 53.92899716009818, 56.78855877871233, 56.0, 6.0, 36.0, 0.0, 0.0, 2.0, 3989.0, 1422.0, 2155.0, 196.0, 208.0, 214.0, 1334213.6668430099, 2.2444872624757783, 146593.53820835133, 2.4996158726216993, 332439.8073375357, 1.7737089086750528, 167437538.0, 28144438.999999996, 73728119.0, 58914703.0, 32418736.0, 61577634.0]
[1304.0392156862745, 672.1764705882352, 998.7450980392157, 88.84313725490196, 83.29411764705883, 77.52941176470588, 851.5679881438549, 450.93390672613447, 603.5698747663688, 58.73921094091054, 73.14869626114933, 53.09514212851359, 37.0, 19.0, 12.0, 0.0, 0.0, 1.0, 3216.0, 1543.0, 2402.0, 210.0, 319.0, 177.0, 805009.1823260091, 2.5201438874690036, 193149.75390919804, 2.689689652927964, 317840.2276002585, 2.6074211406309273, 125444530.68000002, 33874150.02, 70468648.2, 58219247.0, 33952292.0, 60215071.0]
[854.3, 415.56, 667.2, 88.5, 40.7, 68.26, 622.3922331108693, 255.5391387411553, 397.3012530993147, 45.44081146875323, 26.912746392134466, 43.14324030104217, 14.0, 21.0, 11.0, 7.0, 1.0, 2.0, 2693.0, 979.0, 1573.0, 155.0, 114.0, 169.0, 346414.2591792173, 2.0822869211712964, 59748.78044754546, 2.5217700703543233, 117791.4008083797, 2.4695557653257603, 55472656.99999999, 11834218.0, 29992358.0, 18503938.0, 12940930.0, 27956653.0]
[1596.0392156862745, 798.843137254902, 1425.764705882353, 114.76470588235294, 78.7843137254902, 113.29411764705883, 1103.4761431183606, 497.938123567538, 673.491487347399, 60.609764307508776, 47.78464762891538, 62.922267637982365, 37.0, 7.0, 62.0, 7.0, 1.0, 0.0, 3879.0, 1916.0, 2664.0, 197.0, 193.0, 238.0, 1009197.0184439174, 2.4711245467321277, 234090.97699232123, 2.3811579148338464, 380348.7894010278, 2.127632624243433, 194613327.6, 45841642.739999995, 128879645.87999998, 85115445.0, 52377615.0, 94850823.0]
[1216.5, 680.34, 1143.32, 97.72, 57.8, 107.34, 882.8932089258287, 375.3518409303409, 607.6365535618227, 54.874640066691825, 42.20117030972251, 57.74242948876768, 30.0, 76.0, 30.0, 4.0, 1.0, 1.0, 3491.0, 1473.0, 2105.0, 185.0, 157.0, 217.0, 688976.2330595255, 2.365015611966394, 109012.06551372069, 2.58154039688119, 369758.97171957145, 2.229965405093934, 112189133.00000001, 30046687.000000004, 83450918.0, 51786703.0, 33548296.0, 54954461.0]
[1325.04, 776.44, 1062.64, 110.66, 57.8, 88.76, 828.4368846428404, 462.4513282718606, 557.0913807721424, 56.12690067687541, 37.168123274589774, 51.641053120041406, 51.0, 60.0, 1.0, 8.0, 1.0, 4.0, 3693.0, 1960.0, 2066.0, 208.0, 146.0, 207.0, 700854.731666482, 2.050180234486334, 235794.07980056314, 2.5179924757494865, 350273.92977606965, 2.108101889206236, 121415626.00000001, 40622153.99999999, 71667378.0, 64678585.0, 36612372.0, 58572373.0]
[1306.4, 758.36, 1308.4, 111.98, 68.22, 120.8, 936.5898193958326, 494.6442861248054, 727.7544438972839, 61.849550837298004, 48.05706217081726, 64.88828704718878, 56.0, 71.0, 10.0, 1.0, 4.0, 10.0, 3492.0, 1805.0, 3260.0, 218.0, 213.0, 250.0, 959300.4780297279, 2.5814890879481567, 254803.38240687363, 2.3746101461379987, 619458.5429775654, 2.5315023837006576, 128316872.0, 40744470.00000001, 111547228.0, 62748620.0, 45438305.0, 73080171.0]
[1543.137254901961, 896.2156862745098, 1160.7843137254902, 111.25490196078431, 73.01960784313725, 106.74509803921569, 974.0207188680914, 577.0240311711633, 599.94917497153, 60.05292437084306, 54.80857239377009, 57.695006070631415, 37.0, 9.0, 66.0, 2.0, 1.0, 4.0, 3798.0, 2128.0, 2399.0, 194.0, 190.0, 230.0, 1078460.8451023449, 2.1372549383216057, 271332.8175941054, 2.304678088303628, 323426.8005340211, 1.5885438165567551, 172258334.39999995, 58763390.339999996, 88449689.64, 92282678.0, 44236893.0, 73516722.0]
[1413.4, 852.28, 1196.88, 105.88, 71.08, 109.5, 1083.2121543947758, 548.0820748905464, 602.7789942577357, 60.50287225430217, 46.93670944876251, 58.36592869691239, 19.0, 6.0, 91.0, 2.0, 2.0, 4.0, 4076.0, 2040.0, 2340.0, 220.0, 174.0, 226.0, 993493.3133966951, 2.636045906377706, 240954.33610835043, 2.723966509329068, 267050.8368256651, 2.3112619373996792, 157379058.0, 51038364.0, 89429869.99999996, 80011954.0, 44508359.0, 66901511.0]
[1275.52, 821.72, 1202.02, 99.86, 68.6, 107.92, 957.2732371753872, 497.67356894302696, 622.3412178448182, 55.49113185262772, 42.23114239225718, 60.94421671512735, 4.0, 36.0, 18.0, 2.0, 0.0, 0.0, 3698.0, 1704.0, 2184.0, 181.0, 173.0, 248.0, 887341.9692166342, 2.3204073570745947, 231780.43034930853, 2.664554952408087, 333364.9360927553, 2.066735607361195, 126249793.99999999, 45897457.99999999, 91220725.00000001, 68564948.0, 43914551.0, 62886984.0]
[1208.12, 841.02, 964.9, 112.32, 55.64, 84.08, 827.838460038169, 470.8305943451727, 520.5033768441108, 56.478437279647004, 30.968555480865238, 49.38430718273131, 9.0, 7.0, 115.0, 4.0, 1.0, 0.0, 2785.0, 1648.0, 1934.0, 204.0, 111.0, 173.0, 725098.384730767, 1.9544005060030878, 213588.6962588913, 2.115324013336426, 308277.5731812827, 2.2505484868230496, 106558205.99999997, 46228123.0, 59826865.0, 66072777.0, 33114915.0, 46024002.0]
[1452.68, 951.44, 1100.14, 112.88, 72.44, 94.92, 924.0921069032114, 633.3021060686759, 575.4298840246059, 60.82146506164496, 42.617501435107954, 53.08093166215575, 118.0, 40.0, 27.0, 2.0, 2.0, 4.0, 3741.0, 2211.0, 2294.0, 215.0, 170.0, 187.0, 847532.4949053251, 2.4481457815717045, 425056.1219073363, 2.8792968933816163, 367171.04122105875, 2.151124238843557, 147357324.00000003, 64914409.99999999, 76740258.99999997, 93150222.0, 43316740.0, 63280539.0]
[1327.76, 943.22, 1275.16, 105.56, 80.54, 112.32, 938.5881181381981, 633.1584993555109, 606.3919174519235, 57.786079815195656, 50.76283792584605, 65.01191099659025, 9.0, 24.0, 40.0, 0.0, 3.0, 0.0, 3581.0, 2373.0, 2293.0, 207.0, 192.0, 251.0, 871186.7363528782, 2.265348446683962, 382926.4526177512, 2.559633399978729, 315820.8755061123, 1.7989388357252198, 131313765.99999999, 64126793.0, 99319498.0, 81282085.0, 54868941.0, 74839518.0]
[1328.96, 970.98, 1475.44, 115.1, 88.96, 130.12, 980.9871737704019, 705.302004788859, 621.8195210305752, 64.38856851260199, 51.86440720468979, 70.35062043733778, 15.0, 2.0, 123.0, 1.0, 12.0, 1.0, 3566.0, 2503.0, 2581.0, 224.0, 217.0, 268.0, 1004761.5688599425, 2.6415581306190075, 640533.6575673574, 2.4802373234495105, 350632.1266646258, 2.538668302497499, 135461190.0, 71515203.00000001, 127792475.99999999, 86276980.0, 67673322.0, 85446526.0]
[1351.94, 915.04, 1129.3, 102.58, 70.5, 109.04, 894.3877032212984, 642.4412927994881, 518.9632227148782, 53.87024850016368, 48.098220086716346, 55.18538700394797, 16.0, 66.0, 88.0, 1.0, 2.0, 15.0, 3720.0, 2151.0, 2228.0, 191.0, 199.0, 224.0, 900161.8973949228, 2.4534575985455263, 402098.49105387443, 2.3773788323904657, 305296.76843829855, 1.4487314669000864, 130583627.00000001, 62088720.0, 76962742.99999999, 80035089.0, 46172397.0, 64372530.0]
[1248.7843137254902, 1031.6274509803923, 1199.235294117647, 104.47058823529412, 72.98039215686275, 108.74509803921569, 977.1647008304279, 661.4083749328947, 593.1722376590225, 58.16162065870464, 50.02139150246759, 58.81831114109105, 72.0, 9.0, 147.0, 2.0, 2.0, 1.0, 3695.0, 2120.0, 2072.0, 186.0, 178.0, 221.0, 985288.6700296397, 2.0665220231347696, 474822.94463570206, 2.3124078250051343, 416441.5879812671, 1.4532074925609055, 129820620.36, 77673068.34, 92757876.9, 87507978.0, 52207583.0, 54776837.0]
[1276.2641509433963, 1092.4150943396226, 1237.867924528302, 109.60377358490567, 73.35849056603773, 109.84905660377359, 892.8634392728434, 625.6197983403912, 574.0864997051286, 58.63817987738335, 47.71070446718133, 61.01462505208677, 34.0, 27.0, 3.0, 5.0, 12.0, 4.0, 3194.0, 2231.0, 2117.0, 198.0, 196.0, 227.0, 632606.2387724014, 2.433630412401261, 374183.28171785205, 2.7541486704798857, 347633.1164366478, 2.3274120313547524, 135450749.55999997, 88617543.36, 104251760.02, 95894336.0, 61810579.0, 68108010.0]
[1179.8076923076924, 1015.2884615384615, 1044.25, 103.03846153846153, 62.34615384615385, 105.57692307692308, 939.1464426403275, 595.4644368478506, 607.5996771288303, 57.192815104237624, 49.59715544317334, 59.17615648408792, 43.0, 64.0, 32.0, 3.0, 3.0, 3.0, 3335.0, 2172.0, 2563.0, 184.0, 202.0, 256.0, 815487.9502735974, 2.2334358646260846, 393676.2406243093, 2.43682005535521, 307964.90982312494, 2.017418558796223, 122057520.00000003, 74553052.08, 78553139.60000002, 80341717.0, 48859274.0, 59846320.0]
[1162.4313725490197, 1180.4117647058824, 1189.7058823529412, 108.09803921568627, 72.66666666666667, 111.82352941176471, 888.2825508789861, 721.6287737187477, 591.9645021153767, 59.72612657856217, 57.112403789953255, 56.94372867396477, 20.0, 6.0, 40.0, 1.0, 1.0, 2.0, 3353.0, 2451.0, 2039.0, 189.0, 203.0, 224.0, 903950.1356376213, 2.15470820574137, 496478.54895268497, 2.464246096056206, 326077.25837012107, 2.2867178275617817, 110533193.52000001, 99041360.45999998, 91500633.06, 93634367.0, 58359174.0, 52300013.0]
[1198.764705882353, 1216.5882352941176, 1307.764705882353, 275.9019607843137, 156.0392156862745, 8.509803921568627, 897.126247263679, 752.4067563883405, 710.4831198061019, 1183.7597265476127, 561.4117904278218, 830.4156639309984, 22.0, 49.0, 11.0, 3.0, 0.0, -5788.0, 3485.0, 2869.0, 2910.0, 8553.0, 4066.0, 239.0, 868622.9803830856, 2.433399970215974, 466770.6058319547, 2.428036816473205, 516355.2904981394, 2.527544793853493, 115801266.05999997, 105866034.59999995, 114711227.75999998, 97455848.0, 72366269.0, 63550474.0]
[1153.74, 1307.92, 1300.2, 119.18, 73.68, 116.78, 709.8497055643511, 819.0478005536897, 656.2418046135502, 58.1053547007327, 48.33616975022378, 55.98552655529347, 21.0, 139.0, 43.0, 10.0, 2.0, 19.0, 2820.0, 2574.0, 2249.0, 199.0, 231.0, 217.0, 510460.46264682023, 1.9658017690929572, 640629.9152940434, 2.080988759011236, 419511.0812633222, 1.5281260004081185, 91246243.00000001, 118403861.99999997, 105628014.0, 97985292.0, 70282628.0, 57308494.0]
[1177.52, 1381.92, 1357.16, 120.82, 75.68, 122.8, 879.4865672884471, 827.7310230567731, 746.4010619674402, 58.95231210089064, 50.72271157369009, 63.41409101119018, 74.0, 123.0, 60.0, 6.0, 16.0, 4.0, 3383.0, 2836.0, 2694.0, 222.0, 189.0, 223.0, 865980.3958529071, 2.1735449355747534, 659351.4438190298, 2.2515970598073607, 473664.0112073098, 1.548064746823746, 107229002.00000001, 129056938.0, 119392776.0, 112899731.0, 76514336.0, 59478926.0]
[1024.76, 1145.2, 1223.22, 98.22, 61.26, 118.08, 792.363902174618, 692.9921812439921, 579.2392368179039, 58.156470852698895, 43.60668830931928, 60.40267597802371, 12.0, 26.0, 159.0, 2.0, 0.0, 14.0, 3160.0, 2357.0, 2335.0, 205.0, 149.0, 238.0, 562461.1828436248, 2.343169080431014, 488138.72355909826, 2.3972669804963584, 342114.22309535317, 1.5097081261224672, 83270840.00000003, 89105822.0, 91253745.0, 77406678.0, 59013200.0, 50871988.0]
[1057.8, 1091.72, 1058.16, 96.86, 65.32, 102.26, 729.0772753757916, 693.6063119078195, 487.249102783438, 53.440033147979456, 48.67654172479506, 56.92415648770506, 57.0, 22.0, 25.0, 1.0, 1.0, 0.0, 2716.0, 2387.0, 1893.0, 179.0, 183.0, 211.0, 468498.4120535088, 2.008095126393684, 458598.6860764298, 2.416219404353017, 236456.9121222942, 1.603542036969114, 81993171.99999999, 83166024.0, 67618302.0, 74057411.0, 51142042.0, 48196993.0]
[1172.88, 1429.88, 1214.46, 110.4, 86.78, 111.7, 960.9155209316514, 880.9261740246072, 665.668245189044, 62.55283481071935, 63.715980118404985, 61.419351467545454, 46.0, 25.0, 14.0, 0.0, 1.0, 3.0, 3943.0, 2877.0, 2474.0, 211.0, 227.0, 254.0, 839141.9487227377, 2.6066181939693114, 809395.0912132636, 2.5951978756890846, 537800.1736144557, 2.46589945617302, 114026947.99999997, 140253356.0, 95458250.99999999, 114801539.0, 74930011.0, 55311731.0]
[1044.7, 1365.34, 1020.58, 102.64, 72.24, 95.94, 723.3123707737107, 811.6194345446715, 521.8952154583977, 55.33414637547091, 52.94917085165311, 49.478261563508255, 31.0, 89.0, 11.0, 6.0, 0.0, 11.0, 2942.0, 2845.0, 1971.0, 186.0, 212.0, 201.0, 481321.5127434603, 2.2967471163929543, 691024.341371837, 2.324063664123497, 273537.8015514945, 1.979220267860874, 80205763.0, 125485244.99999997, 65425532.999999985, 92398123.0, 61643549.0, 43290557.0]
[954.96, 1241.16, 1115.66, 104.4, 81.58, 99.66, 698.7309183988717, 853.0701662650198, 517.8596693534428, 54.17884216901936, 52.30682243712944, 53.55432488871197, 57.0, 17.0, 35.0, 2.0, 2.0, 6.0, 2945.0, 2790.0, 1923.0, 181.0, 215.0, 214.0, 390345.6031262304, 2.7497476180051748, 729683.2968615635, 2.7499214366599953, 269989.0333172325, 2.4095456461343874, 69520450.0, 112682614.0, 75375615.0, 80023043.0, 59325534.0, 44790700.0]
[978.62, 1216.04, 1087.04, 111.66, 64.2, 103.42, 687.1595450899035, 766.938944966366, 509.04692698959593, 59.995445405361856, 42.28957511332203, 55.02729934740926, 84.0, 29.0, 11.0, 1.0, 0.0, 3.0, 2717.0, 2725.0, 1772.0, 217.0, 156.0, 200.0, 463142.6536956763, 2.311685021335629, 559798.9791362198, 2.2953705633484924, 200160.37893343897, 1.5581737706985876, 71022079.0, 102759236.00000001, 71780108.0, 80799913.0, 59982120.0, 47738675.0]
[1030.2, 1278.52, 1048.8, 111.92, 69.8, 100.12, 741.7287583884073, 872.4909271500671, 557.0476841788139, 59.37526455365337, 49.92197994503677, 54.32578971880141, 27.0, 1.0, 68.0, 0.0, 0.0, 1.0, 3291.0, 3114.0, 2359.0, 204.0, 193.0, 194.0, 623749.7659628169, 2.4703578121757204, 775802.0149072172, 2.293359618120222, 279458.6582096306, 2.0706660655171456, 80023518.0, 119031450.0, 70203875.99999999, 89958676.0, 55012331.0, 45127010.0]
[946.46, 1282.16, 1212.22, 104.84, 77.96, 106.34, 695.6057178415639, 883.5325747318233, 533.651697538492, 55.077444548192176, 49.44217814368454, 54.406861061930826, 2.0, 31.0, 141.0, 6.0, 6.0, 4.0, 2585.0, 2975.0, 2439.0, 189.0, 193.0, 208.0, 483277.80540252954, 2.389013014087743, 807977.2930221418, 2.21364614108473, 201194.8822017538, 1.7726224388797351, 68498825.0, 120447574.0, 87428289.0, 85306877.0, 65725375.0, 46942118.0]
[858.62, 1270.02, 1038.52, 104.92, 70.46, 100.22, 558.2797883147986, 806.608103260126, 509.57402137992295, 56.163696604893545, 47.30198684181959, 52.63594255809989, 22.0, 105.0, 161.0, 0.0, 0.0, 13.0, 2132.0, 2583.0, 1911.0, 197.0, 178.0, 203.0, 301257.4090661651, 2.6934709949091222, 618647.4784327744, 2.7128309871861025, 239544.8917810711, 2.496729141552218, 52133555.0, 112527754.99999999, 66649808.00000001, 72250782.0, 55951802.0, 35894924.0]
[910.1960784313726, 1044.3333333333333, 1088.8039215686274, 99.80392156862744, 64.50980392156863, 103.0, 624.4761971318953, 719.205691486564, 589.3933497964782, 52.49686451888079, 45.526859126902046, 59.66238345892661, 45.0, 3.0, 147.0, 6.0, 0.0, 8.0, 2341.0, 2867.0, 2168.0, 182.0, 186.0, 250.0, 357635.2810563721, 2.432192796181615, 538599.0925201736, 2.2994321845687637, 329573.41529928154, 2.031753432198441, 62984824.559999995, 83114780.58000003, 79386007.38000001, 64781345.0, 51566922.0, 43408589.0]
[935.42, 1147.34, 1085.04, 106.52, 71.5, 99.48, 627.3939975511921, 803.6265405862937, 521.3992539703297, 54.40184570698434, 40.23870103798692, 56.18709271492076, 33.0, 18.0, 17.0, 4.0, 6.0, 5.0, 2631.0, 2828.0, 2139.0, 187.0, 181.0, 207.0, 352394.85811206984, 2.182549749483423, 587611.5667882725, 2.2755858597312395, 278080.7875641906, 1.4431007066376789, 63038067.0, 97464419.00000001, 72186591.99999999, 73100873.0, 51506144.0, 42980392.0]
[914.9411764705883, 1367.450980392157, 1172.4901960784314, 111.15686274509804, 68.94117647058823, 111.58823529411765, 673.4068432014841, 813.3593378999343, 547.4402021243607, 61.70198458688978, 51.932422152141484, 56.392260628773606, 17.0, 0.0, 130.0, 2.0, 2.0, 6.0, 2665.0, 2863.0, 2129.0, 213.0, 187.0, 214.0, 456863.1447336198, 2.2718429433806513, 656395.3934752594, 2.384000899642505, 278717.1129333775, 1.409429270339252, 66674160.48000001, 131012576.04, 86797853.70000005, 85159155.0, 68403505.0, 44742489.0]
[916.3, 1245.9, 1077.54, 105.7, 70.06, 101.24, 653.0774636054958, 883.161095388697, 535.0710885442404, 55.13295617997331, 39.868871802140454, 54.590333299916004, 2.0, 38.0, 180.0, 1.0, 3.0, 14.0, 2496.0, 3051.0, 1967.0, 191.0, 159.0, 207.0, 423896.5706401597, 2.272262636726344, 795574.0500485713, 2.156731747781957, 231364.1319119387, 1.8967960692476433, 62879283.0, 115832042.99999999, 72083375.0, 79962828.0, 55891903.0, 39752927.0]
[893.16, 1204.12, 998.82, 98.5, 49.0, 96.98, 654.0769273860496, 749.1054158672414, 458.08945254241803, 54.25346786621297, 37.44329045369811, 50.85533303360802, 46.0, 7.0, 18.0, 3.0, 0.0, 7.0, 2560.0, 2911.0, 1782.0, 183.0, 149.0, 202.0, 476830.84985053475, 2.712251165417359, 677462.3071286166, 2.8456004865329168, 235503.32663663986, 2.37057235020529, 60849753.99999998, 99992036.00000001, 60164521.0, 73162336.0, 54218147.0, 41194276.0]
[872.7450980392157, 1485.5294117647059, 1114.0, 115.62745098039215, 65.29411764705883, 101.25490196078431, 651.8475233714478, 869.2357874119353, 525.292033063514, 59.82707105794624, 45.00101959629229, 53.4631997311253, 9.0, 235.0, 5.0, 7.0, 0.0, 3.0, 2331.0, 3023.0, 2042.0, 205.0, 177.0, 193.0, 498428.29259282985, 2.0744431212791214, 799211.3763456753, 2.0027025314221376, 314639.0559441878, 1.8891505254333303, 61292966.88000001, 153331726.44, 78629129.64, 88184070.0, 68821056.0, 37756907.0]
[894.0, 1558.48, 1202.24, 116.72, 75.9, 108.0, 697.3737615262752, 968.117113003275, 602.37135335849, 61.38039306701468, 56.794743217509634, 57.52124718354966, 22.0, 112.0, 38.0, 3.0, 1.0, 2.0, 2493.0, 3170.0, 2154.0, 219.0, 219.0, 211.0, 534605.64066199, 2.0468101581167244, 992150.5596994688, 2.1858584365137927, 392948.26033459755, 2.032473594608571, 63791978.0, 167368282.0, 90048761.99999999, 97462410.0, 72450204.0, 39541271.0]
[870.8076923076923, 1514.0, 1490.1153846153845, 118.57692307692308, 80.09615384615384, 129.46153846153845, 631.4408372286831, 987.2348390585597, 737.447443227908, 63.059992025597936, 51.40277692025132, 63.14175199220837, 1.0, 137.0, 50.0, 8.0, 7.0, 20.0, 2467.0, 3119.0, 2704.0, 218.0, 198.0, 255.0, 368385.2112091363, 2.713532511069742, 1012503.1337012321, 2.694188774486657, 516463.166852359, 2.1838595209211324, 62157168.319999985, 175656474.24, 148926279.84000003, 93768764.0, 92670333.0, 50618043.0]
[818.2156862745098, 1383.549019607843, 1298.2549019607843, 123.58823529411765, 74.52941176470588, 108.98039215686275, 657.1039282708782, 958.7757884662188, 602.0814178543382, 64.153309024738, 46.73300886575846, 59.373222986824096, 5.0, 48.0, 10.0, 5.0, 0.0, 3.0, 2601.0, 3119.0, 2498.0, 223.0, 173.0, 211.0, 503579.4867647201, 2.2583474140739357, 875728.4559674377, 2.105086139067335, 248480.64153145908, 1.7545415726989417, 56847253.02000001, 146458896.06, 106165534.14000002, 79863430.0, 73284392.0, 44150342.0]
[834.0588235294117, 1385.1568627450981, 1271.8235294117646, 111.3921568627451, 56.68627450980392, 102.72549019607843, 606.18777327705, 936.8481066330661, 485.66538710854627, 56.9765139092846, 35.981934464994204, 54.81681436616781, 13.0, 52.0, 246.0, 1.0, 0.0, 3.0, 2425.0, 3362.0, 2049.0, 191.0, 139.0, 199.0, 331710.49407137395, 2.246234504204711, 942123.1557639341, 2.0347234217078496, 280489.32646901044, 1.8870653300822844, 54928571.81999999, 144570572.1, 96173589.66, 82587960.0, 74170520.0, 45544099.0]
[859.62, 1549.54, 1156.2, 290.52, 48.08, 68.7, 718.464629666369, 1145.8941470862528, 793.905561648441, 1238.9909363704658, 161.6300689341976, 176.1715594735624, 5.0, 36.0, 62.0, 3.0, -1032.0, -1095.0, 4054.0, 4952.0, 4952.0, 8867.0, 170.0, 192.0, 380682.4150878732, 2.5740696024348426, 1001142.0760070861, 2.283870470681072, 495284.90980163554, 2.8710167962853927, 62240707.0, 184394307.00000003, 97723938.00000001, 99825715.0, 84053168.0, 54290206.0]
[836.8, 1388.56, 1240.32, 104.64, 73.66, 104.28, 590.6780261802912, 890.3445597643874, 492.5222232632384, 59.533136031241334, 42.02749828677527, 58.877264244341035, 37.0, 55.0, 150.0, 0.0, 0.0, 4.0, 2240.0, 3052.0, 2163.0, 194.0, 166.0, 221.0, 376276.8540265714, 2.164773441656483, 722808.2332768566, 1.97259737662611, 234209.39504434593, 1.9196733025848438, 52107838.00000001, 135247902.0, 88806014.00000001, 77963879.0, 76118223.0, 46700765.0]
[877.3921568627451, 1463.5882352941176, 1277.4901960784314, 109.62745098039215, 70.54901960784314, 106.6470588235294, 595.7499501781388, 908.1728728930542, 568.4612343000714, 52.28841584301966, 43.35726639237773, 54.03510841273912, 59.0, 75.0, 145.0, 14.0, 1.0, 9.0, 2802.0, 3030.0, 2186.0, 184.0, 172.0, 223.0, 320475.76496395055, 2.311704090756525, 956208.915032009, 2.1455629767512705, 384339.67147047294, 1.4622693641116222, 58146698.34, 153495225.3, 101376218.99999999, 84299990.0, 82040425.0, 49587103.0]
[864.82, 1386.46, 1273.14, 115.56, 78.34, 109.86, 569.0101211394958, 947.0567125229059, 697.0484716551173, 57.44568330703574, 43.63326291549902, 64.89992610291067, 28.0, 74.0, 68.0, 11.0, 4.0, 4.0, 2265.0, 3107.0, 2513.0, 208.0, 183.0, 213.0, 330753.067133864, 2.3695667156781717, 1046061.7744640176, 2.259451888712275, 560865.4443019135, 1.726887456739249, 53260535.0, 140062471.0, 104852225.00000001, 78278712.0, 69124655.0, 48493162.0]
[739.52, 1401.58, 1216.12, 114.52, 66.68, 113.96, 663.5350671261635, 860.4469197066447, 582.1797758670181, 60.33587621957332, 51.00237689539177, 56.56383787458239, 6.0, 46.0, 33.0, 4.0, 6.0, 5.0, 2314.0, 3318.0, 2550.0, 239.0, 182.0, 222.0, 422902.4647117614, 2.134214675974919, 736915.3507713304, 2.2945828862643625, 279240.6897917675, 2.3019190961027207, 48918152.0, 134499400.99999997, 90555124.0, 75140939.0, 72754218.0, 35663949.0]
[783.58, 1377.68, 1133.04, 111.14, 71.3, 107.26, 623.029598995497, 876.8624130549624, 572.4640960134441, 60.93054259079073, 49.88650383927624, 59.56468272870618, 19.0, 106.0, 55.0, 0.0, 0.0, 5.0, 2486.0, 3648.0, 2484.0, 254.0, 232.0, 229.0, 408864.3995382481, 2.3652334108822246, 786574.3338172247, 2.3408198413536194, 322935.0430778476, 2.4091791940734786, 49720009.00000001, 132575606.00000003, 80247024.0, 73016513.0, 68534282.0, 37968054.0]
[661.76, 1256.92, 1031.96, 101.28, 65.62, 98.64, 494.6701048709748, 801.3924320856054, 466.9688605621298, 51.74428490575711, 36.30814267474716, 52.11281326240648, 12.0, 11.0, 48.0, 4.0, 3.0, 4.0, 2086.0, 2550.0, 2082.0, 185.0, 161.0, 197.0, 208639.75683177967, 2.46800034663246, 611762.5522656486, 2.323866326679388, 187402.3819233323, 1.9157279594475773, 33886542.0, 110461655.99999999, 63932007.99999999, 55213174.0, 57607592.0, 29845478.0]
[519.58, 1016.3, 909.14, 85.4, 55.36, 84.36, 455.826233003189, 659.5694096321091, 512.2569910679201, 51.138068411080276, 55.348897081723905, 51.24999153807795, 8.0, 37.0, 22.0, 2.0, 1.0, 1.0, 2001.0, 2366.0, 2050.0, 161.0, 348.0, 193.0, 134930.41956689983, 2.857925012790989, 447194.13020235184, 2.673022038342302, 192802.69034493636, 2.7754133312453937, 23679269.000000004, 72959842.99999999, 54184730.999999985, 35094552.0, 42586847.0, 24221715.0]
[745.76, 1293.82, 1178.38, 105.84, 71.7, 107.96, 532.8550961278195, 900.9837636988691, 581.3064768261231, 55.24467284318933, 41.3759518048238, 55.63729478891449, 43.0, 39.0, 151.0, 6.0, 8.0, 9.0, 2111.0, 2988.0, 2424.0, 191.0, 192.0, 220.0, 300356.88620759884, 2.2491274380562865, 794771.2470944794, 2.1137198715415284, 344807.55073021894, 2.049906774876235, 41720692.00000001, 123475325.00000001, 85986915.00000001, 65918422.0, 61793048.0, 34967179.0]
[686.42, 1186.16, 1233.94, 184.0, -132.16, 61.3, 531.0293081577033, 920.2021818655963, 572.638091713809, 565.2673559241409, 1472.1573141315505, 338.0439079076406, 6.0, 4.0, 12.0, 2.0, -10329.0, -2246.0, 2316.0, 2796.0, 2253.0, 4083.0, 204.0, 213.0, 358930.26886834187, 2.878389512824763, 846007.2532504974, 2.4792308686841036, 297047.6999282475, 2.077845179356606, 37376234.99999999, 111840608.00000003, 92198201.00000001, 58103735.0, 61866738.0, 36973914.0]
[732.0, 1349.62, 1010.0, 109.92, 77.36, 94.86, 485.4039344626666, 921.5355173816787, 561.1233994298893, 57.391188970333864, 45.55138833879641, 51.600905703173034, 10.0, 58.0, 3.0, 5.0, 2.0, 0.0, 2045.0, 3358.0, 1889.0, 204.0, 215.0, 180.0, 265074.6135797956, 2.661735172337088, 756511.2666846351, 2.6306571868083735, 329010.72120810614, 2.473254048017536, 38336431.99999999, 132685865.0, 66433114.0, 65752763.0, 54164167.0, 29501191.0]
[500.6862745098039, 927.8823529411765, 652.0392156862745, 64.76470588235294, 50.8235294117647, 52.03921568627451, 535.2797582646323, 769.3991070194668, 509.3362724481465, 49.786579812352684, 53.133682681460336, 47.12704564655575, 3.0, 46.0, 55.0, 1.0, 0.0, 0.0, 2268.0, 3416.0, 2327.0, 199.0, 203.0, 210.0, 179613.8143110005, 2.8306274841491526, 328734.708512062, 2.7325783589015358, 192958.67643438996, 3.0157677128369875, 27653469.9, 74978157.96000001, 35347165.68, 38870590.0, 32822152.0, 16949906.0]
[657.82, 1101.92, 962.78, 98.46, 59.78, 88.92, 538.2863091443483, 729.7819590501687, 551.7552803442438, 55.516943543463945, 46.989920760320764, 56.72268379707414, 7.0, 62.0, 144.0, 7.0, 1.0, 6.0, 1962.0, 3217.0, 2199.0, 203.0, 163.0, 236.0, 354686.62665507843, 2.455148040755839, 761692.1171476959, 2.6265301738307105, 357721.2032485037, 2.5495721110546383, 35834213.00000001, 86807887.99999999, 61264526.99999999, 50293761.0, 49516365.0, 32228332.0]
[679.06, 1197.84, 1069.44, 103.88, 71.14, 98.18, 507.1121282440846, 812.3687551141503, 529.353057601292, 52.79712422595205, 43.34861530636927, 53.14581020980998, 11.0, 9.0, 68.0, 2.0, 1.0, 4.0, 2039.0, 3088.0, 1894.0, 183.0, 163.0, 208.0, 261328.25195068854, 2.2447426180550654, 605893.4559136628, 2.036122536187346, 282397.95270107756, 1.718740271124862, 35657096.99999999, 104078239.99999999, 70915614.0, 54868673.0, 53022019.0, 30932168.0]
[654.2, 1276.1, 970.58, 108.24, 65.84, 80.78, 595.5735016925848, 837.59700626134, 464.1817065920348, 53.425347496315275, 46.27528983139481, 45.75992810755021, 3.0, 31.0, 109.0, 1.0, 3.0, 0.0, 2319.0, 2790.0, 1859.0, 186.0, 171.0, 174.0, 334241.4181548088, 2.513437915182815, 627166.2704963638, 2.40536689323748, 275813.9274694553, 2.5828948555542404, 38779563.99999999, 115798429.0, 57659044.99999999, 61620474.0, 51136131.0, 25973800.0]
[887.02, 1457.64, 1026.14, 106.38, 69.12, 92.58, 548.7595097962646, 961.4289696454281, 603.0274305873792, 55.30726416473477, 44.550654499418194, 51.60489219017112, 128.0, 5.0, 5.0, 1.0, 2.0, 0.0, 2108.0, 3954.0, 1808.0, 182.0, 267.0, 177.0, 250252.24116890357, 1.762336052941376, 835212.7081022747, 1.7600502721337365, 324375.20783978107, 1.8225407206269966, 54095937.0, 151528656.00000003, 70466627.0, 85624712.0, 60776559.0, 39908872.0]
[849.24, 1534.36, 1123.28, 115.28, 74.9, 87.02, 616.9215066004122, 1051.6744619308538, 565.7443368641683, 54.49322743914782, 46.29067433741104, 51.25028222918805, 4.0, 53.0, 17.0, 12.0, 1.0, 1.0, 2600.0, 3505.0, 2118.0, 203.0, 189.0, 195.0, 410969.54869748384, 2.0517115334996916, 1288819.4204341802, 1.9871089703615115, 335579.5366141314, 1.6499192924365031, 54709444.0, 171907970.0, 78771164.0, 90724286.0, 69244969.0, 38850524.0]
[717.6, 1374.12, 1099.8, 111.44, 70.52, 94.18, 556.6891192669425, 871.0288225976902, 525.6574891679633, 55.504057582876456, 42.537013894024206, 50.947227598761444, 19.0, 196.0, 58.0, 15.0, 2.0, 19.0, 2175.0, 3251.0, 2034.0, 188.0, 156.0, 205.0, 300716.105490515, 2.5094718045253774, 811552.4214824059, 2.296560732566424, 328011.7220461215, 1.9334721530586745, 40932724.0, 131586158.00000003, 74017476.0, 66578123.0, 61014696.0, 32547427.0]
[872.3529411764706, 1612.1764705882354, 1087.1960784313726, 111.33333333333333, 69.66666666666667, 81.52941176470588, 546.1537814033484, 1061.6329253726517, 523.4865812839081, 59.19650890607205, 47.98569231204929, 49.19892394806068, 2.0, 7.0, 87.0, 0.0, 2.0, 6.0, 2477.0, 3713.0, 2135.0, 200.0, 207.0, 181.0, 293311.9821237436, 2.1911548701174564, 1139599.768211349, 1.9333494711677617, 254348.80527978914, 1.8830848329221055, 54799683.6, 192686144.7, 75463344.42000002, 93409599.0, 71341145.0, 40394408.0]
[832.68, 1424.1, 1082.24, 104.74, 75.66, 92.1, 603.7270446897306, 1068.0956016601297, 504.3794959337338, 55.75486068313612, 44.783201114266234, 53.94640197190435, 33.0, 15.0, 63.0, 0.0, 1.0, 2.0, 2350.0, 3412.0, 1947.0, 192.0, 163.0, 197.0, 333624.8183981629, 2.3200440895455277, 992103.9814814657, 2.3711226608783007, 228854.43578114512, 2.114989053042918, 52527630.0, 157303623.0, 71027706.0, 80416728.0, 65524547.0, 40425033.0]
[759.68, 1513.02, 1190.92, 116.2, 76.14, 93.96, 481.7481533595185, 1057.104622667646, 639.791638276215, 54.7208127401154, 44.6706816146605, 46.01240294192204, 3.0, 61.0, 22.0, 12.0, 15.0, 20.0, 2211.0, 3438.0, 2168.0, 196.0, 220.0, 173.0, 197753.55175165867, 2.5732231889112285, 1134903.3201192375, 2.4207660557556596, 337421.9178761978, 1.947544277881284, 40227668.0, 169217514.99999997, 90971856.00000003, 72467457.0, 69299336.0, 37087068.0]
[807.62, 1383.44, 1190.36, 107.74, 79.12, 98.08, 534.1842107554361, 1014.3234431614695, 631.31035609618, 54.60799448088613, 47.02176656201088, 56.10479989652019, 48.0, 58.0, 55.0, 7.0, 3.0, 9.0, 2268.0, 3462.0, 2367.0, 199.0, 191.0, 184.0, 236034.49030587822, 2.590400584981244, 1018627.9417843511, 2.7532091436457518, 421567.51606481685, 2.485188183954743, 46594789.0, 146109062.0, 90376932.0, 75692084.0, 66481386.0, 41326724.0]
[785.6, 1580.76, 1053.5, 106.9, 76.14, 87.94, 555.0052399090757, 891.6002938994764, 528.4072428399465, 58.497252682742044, 48.784829525547536, 55.04002625177352, 6.0, 28.0, 54.0, 3.0, 0.0, 0.0, 2295.0, 3163.0, 2134.0, 209.0, 192.0, 192.0, 251323.4734095484, 2.579286363535361, 681352.2201775988, 2.3561803884425134, 290363.70270023035, 2.3210153847973425, 45951878.0, 163892712.0, 69174608.99999999, 81642329.0, 72802229.0, 36705628.0]
[695.52, 1150.88, 816.54, 86.42, 64.04, 68.44, 462.72353627237095, 984.9702500428058, 566.5190959909903, 50.85637639871881, 41.06389247631211, 41.41879687646513, 9.0, 110.0, 19.0, 3.0, 7.0, 0.0, 1919.0, 4439.0, 2384.0, 189.0, 192.0, 146.0, 220639.56565643672, 2.870665120439641, 1306434.0584612116, 2.7331521275832906, 452142.9534511543, 2.5186736593767067, 34678944.0, 113764392.0, 49063128.99999999, 56332796.0, 53254822.0, 30854827.0]
[975.78, 1911.76, 1292.76, 112.52, 91.34, 103.76, 707.2239575427637, 1042.78366786174, 716.3971239359308, 63.2924020974501, 69.51629085241495, 53.38981023317739, 32.0, 109.0, 41.0, 5.0, 2.0, 11.0, 2854.0, 4067.0, 3568.0, 220.0, 352.0, 219.0, 613088.0433410092, 2.128786882267424, 1043135.9474830512, 2.297278388134024, 330760.1874069348, 2.197139890131444, 72115451.0, 236023805.99999997, 108709437.99999999, 118604051.0, 112407019.0, 52106390.0]
[742.28, 1553.38, 1052.16, 118.88, 72.18, 97.2, 628.3608101680929, 1026.527510690328, 609.3192708896962, 59.53652283279909, 47.28536469443494, 51.303021353522645, 32.0, 91.0, 35.0, 2.0, 3.0, 9.0, 2302.0, 3845.0, 2332.0, 229.0, 192.0, 210.0, 289815.53818734176, 2.9285195208904704, 806431.8702926085, 2.554340163380532, 309285.27728186676, 2.6723477821033583, 46896008.00000001, 172283648.99999997, 73544262.0, 83062048.0, 68950602.0, 29293527.0]
[970.32, 1546.82, 1350.48, 112.16, 81.24, 115.04, 732.480951622495, 1054.7923809635597, 799.3449164848702, 63.03136893157053, 55.17895191731969, 70.49097785662839, 5.0, 6.0, 12.0, 2.0, 0.0, 0.0, 2783.0, 3557.0, 2967.0, 224.0, 187.0, 241.0, 636839.6906867593, 2.4244209299242994, 1329288.9800646815, 2.612685001756664, 691199.7335951109, 2.601402247443499, 73365934.0, 174149367.0, 122498474.00000001, 99889386.0, 86605589.0, 61366905.0]
[1002.16, 1644.46, 1455.48, 126.7, 84.28, 104.5, 689.9087002595905, 1021.1861892237009, 621.4343920909666, 63.67207121698826, 47.82111223623102, 62.84293670634394, 70.0, 20.0, 292.0, 5.0, 6.0, 3.0, 2715.0, 3546.0, 2706.0, 239.0, 192.0, 224.0, 397030.04664540896, 2.233656421096415, 997025.8426740621, 2.1166093228396194, 429442.85080504214, 1.8903541615365065, 73538960.0, 186310675.0, 124843956.0, 105740873.0, 106135318.0, 66389668.0]
[1001.8627450980392, 1545.313725490196, 1296.7058823529412, 121.19607843137256, 102.09803921568627, 100.01960784313725, 625.7856827894944, 978.8243865003789, 707.5774811034519, 68.24749654246466, 50.37787407263661, 58.92588232553788, 31.0, 9.0, 48.0, 0.0, 1.0, 0.0, 2277.0, 3299.0, 2332.0, 236.0, 239.0, 193.0, 424967.87035744806, 2.338658693568813, 1029217.102615481, 2.308317964747497, 546630.8701229765, 1.817445369259179, 72185974.26, 173086430.57999995, 113002788.96000001, 97611810.0, 85821814.0, 60776827.0]
[898.0196078431372, 1364.5882352941176, 1242.4117647058824, 118.7843137254902, 77.52941176470588, 97.05882352941177, 536.4667180802954, 914.139708720075, 647.5182214106593, 63.4259611596041, 40.48819726348728, 51.30006306612337, 114.0, 46.0, 43.0, 2.0, 10.0, 6.0, 2074.0, 2984.0, 2306.0, 222.0, 156.0, 186.0, 242117.5850833549, 2.6125953141945484, 822506.7717854375, 2.215469152825027, 344346.36117403425, 1.6074683515456436, 56628591.53999999, 139484718.48, 101680667.58, 78314041.0, 69347032.0, 47385406.0]
[887.24, 1420.16, 1152.16, 119.32, 78.12, 95.48, 612.3608233379922, 861.8895085206451, 522.7310683285607, 60.43969502482518, 42.087683010882046, 53.189779592147445, 31.0, 18.0, 181.0, 5.0, 4.0, 1.0, 2461.0, 3085.0, 2065.0, 218.0, 180.0, 189.0, 370937.1649188846, 2.694274760553523, 645363.4569396477, 2.6384857983021774, 272165.8010594665, 2.6331217410061294, 57734043.99999999, 137242543.99999997, 79762774.00000001, 82384898.0, 68824147.0, 43803066.0]
[974.44, 1505.92, 1379.84, 121.04, 84.6, 108.46, 652.0651701497703, 851.7801728481023, 636.5063239341487, 59.25591678026244, 46.553020025229166, 59.853634401098894, 23.0, 112.0, 31.0, 5.0, 4.0, 7.0, 2638.0, 2977.0, 2339.0, 208.0, 197.0, 226.0, 398984.33284599875, 2.6930749294301997, 734674.9513192632, 2.5756881502764024, 360483.1579444575, 2.4803791768027845, 68310926.00000001, 148940696.0, 115049796.0, 91838464.0, 89743739.0, 55528722.0]
[966.7307692307693, 1326.8076923076924, 1300.2884615384614, 125.98076923076923, 84.11538461538461, 92.67307692307692, 647.017201801349, 920.3504668877246, 594.5561645508604, 57.89662538325728, 40.391056011591516, 53.937407861497164, 43.0, 45.0, 60.0, 19.0, 5.0, 0.0, 2592.0, 3088.0, 2240.0, 223.0, 176.0, 197.0, 384104.1103749599, 2.821248800054495, 898353.3276686094, 2.4243854238356404, 422363.9296776671, 2.3826440293086124, 72745660.00000001, 140130706.56, 110185247.12000002, 89981990.0, 70505087.0, 52847568.0]
[1042.98, 1471.66, 1399.74, 124.24, 96.1, 110.02, 682.9855674215396, 1026.8137881379487, 720.3644715258621, 69.20763199626623, 49.39356729166176, 60.478867957227465, 14.0, 20.0, 16.0, 3.0, 2.0, 0.0, 2906.0, 3109.0, 2598.0, 220.0, 197.0, 217.0, 290302.23983957863, 1.9419733737046991, 1040922.3891497989, 1.8228587368936946, 492836.7581136604, 1.2457737756838718, 77247359.0, 159952139.0, 123390926.99999999, 103207116.0, 85290458.0, 62610252.0]
